   0.0000000000000000        0.0000000000000000        0.0000000000000000        0.0000000000000000        0.0000000000000000        0.0000000000000000        0.0000000000000000     
   5.0000000000000001E-003   0.0000000000000000        0.0000000000000000        0.0000000000000000        0.0000000000000000        0.0000000000000000        0.0000000000000000     
   1.0000000000000000E-002   0.0000000000000000        0.0000000000000000        0.0000000000000000        0.0000000000000000        0.0000000000000000        0.0000000000000000     
   1.4999999999999999E-002   0.0000000000000000        0.0000000000000000        0.0000000000000000        0.0000000000000000        0.0000000000000000        0.0000000000000000     
   2.0000000000000000E-002   0.0000000000000000        0.0000000000000000        0.0000000000000000        0.0000000000000000        0.0000000000000000        0.0000000000000000     
   2.5000000000000001E-002   0.0000000000000000        0.0000000000000000        0.0000000000000000        0.0000000000000000        0.0000000000000000        0.0000000000000000     
   3.0000000000000002E-002   2.2427129885775898E-002  0.24366879657525692        0.0000000000000000        0.0000000000000000        0.0000000000000000        0.0000000000000000     
   3.5000000000000003E-002   5.0449570320118077E-002  0.49790780272029267        0.0000000000000000        0.0000000000000000        0.0000000000000000        0.0000000000000000     
   4.0000000000000001E-002  0.11002767354939423       0.87655086514020797        0.0000000000000000        0.0000000000000000        0.0000000000000000        0.0000000000000000     
   4.4999999999999998E-002  0.22232212828841186        1.3500611076855651        0.0000000000000000        0.0000000000000000        0.0000000000000000        0.0000000000000000     
   4.9999999999999996E-002  0.35168324823343722        1.8614266323956046        0.0000000000000000        0.0000000000000000        0.0000000000000000        0.0000000000000000     
   5.4999999999999993E-002  0.50467948004351371        2.4266365253473596        0.0000000000000000        0.0000000000000000        0.0000000000000000        0.0000000000000000     
   5.9999999999999991E-002  0.68836878620117570        3.0614933038933549        0.0000000000000000        0.0000000000000000        0.0000000000000000        0.0000000000000000     
   6.4999999999999988E-002  0.90977308730475681        3.7814494442875914        0.0000000000000000        1.7321892130418425E-002   0.0000000000000000        0.0000000000000000     
   6.9999999999999993E-002   1.1757291834532717        4.6013140465795068        0.0000000000000000        3.6852256323532596E-002   0.0000000000000000        0.0000000000000000     
   7.4999999999999997E-002   1.4926799845235930        5.5348237536593716        0.0000000000000000        5.6629273985303236E-002   0.0000000000000000        0.0000000000000000     
   8.0000000000000002E-002   1.8664159993334746        6.5940946021574707        0.0000000000000000        7.6678753524298454E-002   0.0000000000000000        0.0000000000000000     
   8.5000000000000006E-002   2.3017864433179822        7.7889960937349736        0.0000000000000000        9.7028873037462854E-002   0.0000000000000000        0.0000000000000000     
   9.0000000000000011E-002   2.8024075825707193        9.1265109212801541        0.0000000000000000       0.11771029526017548        0.0000000000000000        0.0000000000000000     
   9.5000000000000015E-002   3.3704011148753863        10.610157741272308        0.0000000000000000       0.13875627957236811        0.0000000000000000        0.0000000000000000     
  0.10000000000000002        4.0061956194848758        12.239555056846052        0.0000000000000000       0.16020278979472632        0.0000000000000000        0.0000000000000000     
  0.10500000000000002        4.7084183485046669        14.010189443719945        0.0000000000000000       0.18208859636977220        0.0000000000000000        0.0000000000000000     
  0.11000000000000003        5.4738933650938462        15.913423215928633        0.0000000000000000       0.20445537137407557        0.0000000000000000        0.0000000000000000     
  0.11500000000000003        6.2977474211591211        17.936741671114170        0.0000000000000000       0.22734777466179709        0.0000000000000000        0.0000000000000000     
  0.12000000000000004        7.1736102981029148        20.064206964854748        3.7713306082953844E-004  0.25081352927898165        0.0000000000000000        0.0000000000000000     
  0.12500000000000003        8.0938849280609659        22.277062207167035        8.5369493291383971E-004  0.27490348413216736        0.0000000000000000        0.0000000000000000     
  0.13000000000000003        9.0500566962373235        24.554419719772302        1.3528301167027225E-003  0.29967166171450688        0.0000000000000000        0.0000000000000000     
  0.13500000000000004        10.033011399186362        26.873971123374570        1.8758979222889167E-003  0.32517528852097854        0.0000000000000000        0.0000000000000000     
  0.14000000000000004        11.033336272364803        29.212669992042709        2.4243865796272808E-003  0.35147480562419847        0.0000000000000000        0.0000000000000000     
  0.14500000000000005        12.041586213621242        31.547354667842779        2.9999201844891641E-003  0.37863385666032923        0.0000000000000000        0.0000000000000000     
  0.15000000000000005        13.048505607740140        33.855294569418909        3.6042653477511119E-003  0.40671925032556561        0.0000000000000000        0.0000000000000000     
  0.15500000000000005        14.045203316004629        36.114654993928504        4.2393373762794079E-003  0.43580089427185403        0.0000000000000000        0.0000000000000000     
  0.16000000000000006        15.023283547585455        38.304882209860864        4.9072057829256778E-003  0.46595169708979245       -3.4462654810536241E-008   8.3070504386107892E-006
  0.16500000000000006        15.974938325424409        40.407013381227337        5.6100989031120894E-003  0.49724743489696438       -3.0121632450860400E-007   8.3967658215682321E-005
  0.17000000000000007        16.893008434870453        42.403916112436889        6.3504073623885261E-003  0.52976657882709166       -7.1000361321769949E-007   2.5991756370097199E-004
  0.17500000000000007        17.771019645896207        44.280461717314715        7.1306861154890678E-003  0.56359007951757689       -9.6572684009807231E-007   5.9288005341931395E-004
  0.18000000000000008        18.603200176673745        46.023635804270221        7.9536547586965215E-003  0.59880110454784274       -3.7627107795809555E-007   1.1592606406860722E-003
  0.18500000000000008        19.384484250694090        47.622589955281470        8.8221957916240022E-003  0.63548472451181437        2.3447481929785302E-006   2.0601675102233231E-003
  0.19000000000000009        20.110505476456652        49.068639180426253        9.7393504912639990E-003  0.67372754331850615        9.3288409712822204E-006   3.4275602039991705E-003
  0.19500000000000009        20.777582800702479        50.355211162160067        1.0708312061871887E-002  0.71361726807666082        2.3930732519991563E-005   5.4357501630483505E-003
  0.20000000000000009        21.382701009747322        51.477754663191895        1.1732415716737162E-002  0.75524221387475410        5.1004433861076157E-005   8.3018689281422302E-003
  0.20500000000000010        21.923487176720386        52.433615500003086        1.2815125362255946E-002  0.79869073855158612        9.7462781333285340E-005   1.2301252945944205E-002
  0.21000000000000010        22.398184044829218        53.221888951370431        1.3960016590156492E-002  0.84405060257058939        1.7275951122645657E-004   1.7772894562262154E-002
  0.21500000000000011        22.805621058740336        53.843257301508444        1.5170755710630314E-002  0.89140824916556127        2.8954899425144440E-004   2.5134655738464445E-002
  0.22000000000000011        23.145183570634998        54.299820466985807        1.6451074618368065E-002  0.94084799981477918        4.6425464036848235E-004   3.4886774904197240E-002
  0.22500000000000012        23.416780624426661        54.594926470249916        1.7804741368071704E-002  0.99245116063083083        7.1783908486684647E-004   4.7619462212539480E-002
  0.23000000000000012        23.620811639072155        54.733007084619068        1.9235526400070129E-002   1.0462950351877960        1.0776471938383771E-003   6.4023412956665499E-002
  0.23500000000000013        23.758132255136250        54.719422467957628        2.0747164492193680E-002   1.1024518402668886        1.5739962539253443E-003   8.4968881349121159E-002
  0.24000000000000013        23.830019568585374        54.560317176356634        2.2343312607265280E-002   1.1609875213376983        2.2500655391557984E-003  0.11136649283771165     
  0.24500000000000013        23.838136946818917        54.262488711809276        2.4027503962101775E-002   1.2219604660378247        3.1528732693888993E-003  0.14428634456820993     
  0.25000000000000011        23.784498601223422        53.833268769007432        2.5803098767313324E-002   1.2854201149047986        4.3431205835093630E-003  0.18492071677967153     
  0.25500000000000012        23.671434076394092        53.280416624681791        2.7673232259579385E-002   1.3514054707892948        5.8844958786338861E-003  0.23475156012012111     
  0.26000000000000012        23.501552807558177        52.612023645675052        2.9640760767877347E-002   1.4199435103267277        7.8625437375904224E-003  0.29514294753742559     
  0.26500000000000012        23.277708893774314        51.836427645952298        3.1708206725215786E-002   1.4910475040590507        1.0373828225857253E-002  0.36787538524676827     
  0.27000000000000013        23.002966234257833        50.962135754193042        3.3877703648990079E-002   1.5647152550402252        1.3539737321108908E-002  0.45507194732083944     
  0.27500000000000013        22.680564177670124        49.997754515806385        3.6150942227138307E-002   1.6409272700601187        1.7449405867049461E-002  0.55758083852015039     
  0.28000000000000014        22.313883838295460        48.951926102198911        3.8529118738617092E-002   1.7196448829162245        2.2288784220676355E-002  0.67868061995617102     
  0.28500000000000014        21.906415237564858        47.833269697852216        4.1012887065595471E-002   1.8008083544720823        2.8212000913012274E-002  0.82006325019081550     
  0.29000000000000015        21.461725433264018        46.650327351654596        4.3602315587749969E-002   1.8843349814405652        3.5393278808848953E-002  0.98436747276579628     
  0.29500000000000015        20.983427800987400        45.411513790100166        4.6296850201628319E-002   1.9701172525923436        4.4054043168351494E-002   1.1739006440726569     
  0.30000000000000016        20.475152632144159        44.125069880659218        4.9095284627049304E-002   2.0580210995728425        5.4408843608159868E-002   1.3910993737145081     
  0.30500000000000016        19.940519209466164        42.799019594209895        5.1995739059639841E-002   2.1478842972473866        6.6716911601121434E-002   1.6388526820240374     
  0.31000000000000016        19.383109514120477        41.441130441181784        5.4995648027622995E-002   2.2395150771166010        8.1244591743906330E-002   1.9196688353665241     
  0.31500000000000017        18.806443708028947        40.058877446048392        5.8091758134141698E-002   2.3326910246483483        9.8255922190268130E-002   2.2361895801904366     
  0.32000000000000017        18.213957520901278        38.659410780722439        6.1280136123854592E-002   2.4271583382036810       0.11808070870470343        2.5912938219596731     
  0.32500000000000018        17.608981654050613        37.249527202768029        6.4556187415458266E-002   2.5226315318600929       0.14103353243617900        2.9875229534591186     
  0.33000000000000018        16.994723292694964        35.835645443669179        6.7914685024643526E-002   2.6187936657971411       0.16741339722440154        3.4271232556758773     
  0.33500000000000019        16.374249795700230        34.423785670711680        7.1349808466687648E-002   2.7152971865390438       0.19758928501577996        3.9128733350911178     
  0.34000000000000019        15.750474607221914        33.019553108423288        7.4855191986322067E-002   2.8117654519617226       0.23188649320635210        4.4467051706700813     
  0.34500000000000020        15.126145409139303        31.628125856825783        7.8423981205106616E-002   2.9077950042083960       0.27063536101124630        5.0304852091826326     
  0.35000000000000020        14.503834507246731        30.254246888406531        8.2048897052241651E-002   3.0029586342538126       0.31420394177142952        5.6665774332118755     
  0.35500000000000020        13.885931418559936        28.902220147600659        8.5722305659346409E-002   3.0968092570115036       0.36286585846230690        6.3553873984612563     
  0.36000000000000021        13.274637602451985        27.575910618971196        8.9436292763346290E-002   3.1888845836626127       0.41697243377186527        7.0988327893129339     
  0.36500000000000021        12.671963255234090        26.278748175851746        9.3182741065004696E-002   3.2787125404449662       0.47679121788802875        7.8972652163252270     
  0.37000000000000022        12.079726066740902        25.013734972044105        9.6953408958988560E-002   3.3658173417142274       0.54255280751661450        8.7504619781385244     
  0.37500000000000022        11.499551818872305        23.783456096744239       0.10074000904197357        3.4497260812140080       0.61456987666735552        9.6596898947339387     
  0.38000000000000023        10.932876690197276        22.590093178203876       0.10453428489312547        3.5299756644529841       0.69295819216049348        10.623017888905910     
  0.38500000000000023        10.380951117847227        21.435440595258555       0.10832808467445620        3.6061198671956176       0.77792709371850399        11.640309602788834     
  0.39000000000000024        9.8448450581307725        20.320923937921638       0.11211343027934442        3.6777362778485174       0.86953454395495255        12.709275175371188     
  0.39500000000000024        9.3254544806104303        19.247620348584014       0.11588258086816899        3.7444328656841921       0.96791928161066354        13.828988962622327     
  0.40000000000000024        8.8235089267323534        18.216280373537135       0.11962808986834345        3.8058539179943729        1.0731257368456200        14.997445859044079     
  0.40500000000000025        8.3395799633572967        17.227350959912069       0.12334285462802606        3.8616851066617044        1.1850568081962758        16.210543247987442     
  0.41000000000000025        7.8740903635097768        16.280999244919361       0.12702015821327678        3.9116574825416990        1.3036509000930683        17.465872092429947     
  0.41500000000000026        7.4273238510929431        15.377136801592671       0.13065370289140796        3.9555502483273877        1.4290193106501565        18.762017787852237     
  0.42000000000000026        6.9994352529292945        14.515444027153777       0.13423763516095738        3.9931922289412438        1.5606998963837517        20.091647395008355     
  0.42500000000000027        6.5904609099681579        13.695394385668008       0.13776656224187420        4.0244620333157597        1.6987045508206238        21.453411279058230     
  0.43000000000000027        6.2003292095298974        12.916278244915828       0.14123556011372834        4.0492869802198221        1.8427911777366899        22.842681450659779     
  0.43500000000000028        5.8288711117036041        12.177226077469271       0.14464017333029217        4.0676409335629558        1.9927171677078035        24.255141381161337     
  0.44000000000000028        5.4758305551583941        11.477230827001620       0.14797640688178712        4.0795412541639315        2.1482024257164820        25.686376309631996     
  0.44500000000000028        5.1408746403589589        10.815169272121173       0.15124071043390280        4.0850451185257803        2.3087672926990739        27.129139577623796     
  0.45000000000000029        4.8236035012029479        10.189822250837027       0.15442995536847809        4.0842454766582188        2.4745476665137902        28.586392715443957     
  0.45500000000000029        4.5235597891564501        9.5998936385658631       0.15754140496034391        4.0772669180434162        2.6447409518820750        30.045941103577572     
  0.46000000000000030        4.2402377068170409        9.0440280008982317       0.16057267808261205        4.0642616884930884        2.8191820814671251        31.505628599852511     
  0.46500000000000030        3.9730915402751075        8.5208268687795279       0.16352170676334804        4.0454060537099030        2.9975121142227872        32.961974986713614     
  0.47000000000000031        3.7215436514992200        8.0288636080358913       0.16638668785605193        4.0208971437118528        3.1794894474234350        34.410907291844374     
  0.47500000000000031        3.4849919030982477        7.5666968770875140       0.16916602903982150        3.9909503431361499        3.3645207900329699        35.845750733654164     
  0.48000000000000032        3.2628164981014600        7.1328826861178385       0.17185828926363267        3.9557972239714574        3.5524334645254352        37.265119736681193     
  0.48500000000000032        3.0543862267665935        6.7259850878518082       0.17446211371794326        3.9156839573140325        3.7429999032654120        38.665682252141970     
  0.49000000000000032        2.8590641208245646        6.3445855444537438       0.17697616330626070        3.8708700957273874        3.9353563045757385        40.038738670425538     
  0.49500000000000033        2.6762125229698239        5.9872910269435806       0.17939903859439710        3.8216275918115872        4.1298719423508565        41.387040426288024     
  0.50000000000000033        2.5051975858045501        5.6527409130559265       0.18172919818844271        3.7682399128037822        4.3257093675211298        42.703505246912016     
  0.50500000000000034        2.3453932198597216        5.3396127567718512       0.18396487153862454        3.7110011235695377        4.5226468127378698        43.985095315105553     
  0.51000000000000034        2.1961845147787131        5.0466270080017042       0.18610396629943987        3.6502148369496541        4.7212020570446551        45.237647794168957     
  0.51500000000000035        2.0569706613077146        4.7725507642761320       0.18814397058432897        3.5861929651604116        4.9201970596292099        46.447356404310995     
  0.52000000000000035        1.9271674044490616        4.5162006380068505       0.19008185079540835        3.5192542427186950        5.1200418586803611        47.621181470838508     
  0.52500000000000036        1.8062090600654643        4.2764448231109746       0.19191394620927546        3.4497225247463086        5.3193774561706419        48.745108696832993     
  0.53000000000000036        1.6935501284459666        4.0522044437530065       0.19363586218891712        3.3779248908388948        5.5194370551820375        49.830921356793006     
  0.53500000000000036        1.5886665389346157        3.8424542658465697       0.19524236479520163        3.3041896022270292        5.7193222746253394        50.870160762164723     
  0.54000000000000037        1.4910565597551586        3.6462228489589901       0.19672728073464932        3.2288439688041093        5.9186336725827333        51.860514276513243     
  0.54500000000000037        1.4002414067164342        3.4625922125565718       0.19808340798877794        3.1522121842134929        6.1188007233897093        52.813777803265566     
  0.55000000000000038        1.3157655836270503        3.2906970862802329       0.19930244412626494        3.0746131835835326        6.3180427791072962        53.714026787450003     
  0.55500000000000038        1.2371969860544849        3.1297238092995614       0.20037494114222459        2.9963585719101755        6.5167438114492029        54.567265439149892     
  0.56000000000000039        1.1641267985999360        2.9789089388936945       0.20129029758996891        2.9177506631139969        6.7145419740652184        55.368819855857723     
  0.56500000000000039        1.0961692141875521        2.8375376233685081       0.20203680056389201        2.8390806618579911        6.9128363183624755        56.131048473712347     
  0.57000000000000040        1.0329610020405262        2.7049417893426626       0.20260173149671709        2.7606270128005077        7.1099999245640353        56.841233071135498     
  0.57500000000000040       0.97416094908851392        2.5804981884095617       0.20297155034970096        2.6826539354624073        7.3067524589799593        57.505827016319166     
  0.58000000000000040       0.91944919756461319        2.4636263432794085       0.20313217210400697        2.6054101572615851        7.5021172967654604        58.119685866405867     
  0.58500000000000041       0.86852649954559646        2.3537864287855803       0.20306934701661922        2.5291278524269623        7.6985406998628587        58.694306883532491     
  0.59000000000000041       0.82111340719859938        2.2504771186473334       0.20276915127566553        2.4540217902678281        7.8935217069536341        59.220526899741735     
  0.59500000000000042       0.77694941555013153        2.1532334246531613       0.20221858716740146        2.3802886925910709        8.0887257791531990        59.706124209204667     
  0.60000000000000042       0.73579207271065128        2.0616245509878430       0.20140628149987877        2.3081067967446955        8.2828893746361167        60.143606295488247     
  0.60500000000000043       0.69741607068990796        1.9752517827902469       0.20032325821715694        2.2376356178745156        8.4772347424973482        60.543048614363194     
  0.61000000000000043       0.66161232823704696        1.8937464247020408       0.19896374686568308        2.1690159014259631        8.6708373372075229        60.897651542871600     
  0.61500000000000044       0.62818707554674413        1.8167678021540088       0.19732597455225998        2.1023697547432794        8.8653315034811175        61.219618270504689     
  0.62000000000000044       0.59696094919399467        1.7440013354298503       0.19541287787195333        2.0378009447038581        9.0594427350428877        61.501243356375632     
  0.62500000000000044       0.56776810430006652        1.6751566941389169       0.19323266478842693        1.9753953469614409        9.2535871618012315        61.744311079210938     
  0.63000000000000045       0.54045534969154230        1.6099660376073366       0.19079915872957881        1.9152215310874445        9.4478046414173065        61.952318292698216     
  0.63500000000000045       0.51488131069209764        1.5481823448441863       0.18813186759691225        1.8573314652190172        9.6429776920212511        62.129072588404661     
  0.64000000000000046       0.49091562318064225        1.4895778361410508       0.18525574133429445        1.8017613233404888        9.8380227063508663        62.269283169345449     
  0.64500000000000046       0.46843816165468727        1.4339424869983028       0.18220060964957793        1.7485323781526856        10.034429255582912        62.382830573860986     
  0.65000000000000047       0.44733830324998214        1.3810826339229425       0.17900032367350943        1.6976519626947992        10.231060254970739        62.463584526091992     
  0.65500000000000047       0.42751422897963715        1.3308196706892412       0.17569165682980567        1.6491144842729506        10.429115921964694        62.518973850771609     
  0.66000000000000048       0.40887226286214012        1.2829888328769401       0.17231304541024153        1.6029024749112928        10.636691501196481        62.599162702515933     
  0.66500000000000048       0.39132624910042252        1.2374380678826458       0.16890326462978383        1.5589876634193562        10.828454724368019        62.549189055151651     
  0.67000000000000048       0.37479696704655530        1.1940269871209395       0.16550013897864876        1.5173320551694558        11.030612875767519        62.530636102187302     
  0.67500000000000049       0.35921158333113473        1.1526258967741523       0.16213937614740748        1.4778890068156891        11.234035281937114        62.486652372769854     
  0.68000000000000049       0.34450314024645384        1.1131149031999026       0.15885359485129610        1.4406042845154459        11.439466265467765        62.424004048567724     
  0.68500000000000050       0.33061007924052577        1.0753830889456986       0.15567159166244873        1.4054170954206158        11.646897267226175        62.341601361556179     
  0.69000000000000050       0.31747579819885324        1.0393277552385258       0.15261786527164126        1.3722610836081104        11.857036318421237        62.244303445494289     
  0.69500000000000051       0.30504824105610034        1.0048537268011930       0.14971239213934887        1.3410652829878829        12.069412848079896        62.128347134466672     
  0.70000000000000051       0.29327951818454984       0.97187271488472116       0.14697062807197578        1.3117550209766011        12.284277974707908        61.996740234476768     
  0.70500000000000052       0.28212555594509398       0.94030273448759838       0.14440369736523287        1.2842527680804923        12.501891644873394        61.850913710310934     
  0.71000000000000052       0.27154577375447853       0.91006757184913900       0.14201872459044934        1.2584789297192407        12.723099444050387        61.695531850367367     
  0.71500000000000052       0.26150278701511481       0.88109629844810411       0.13981926379331244        1.2343525777307958        12.946316305334104        61.519010371276984     
  0.72000000000000053       0.25196213426657982       0.85332282790111691       0.13780578268464394        1.2117921201072412        13.175459859964562        61.347953657354289     
  0.72500000000000053       0.24289202694774206       0.82668551233429377       0.13597616616633806        1.1907159084268868        13.406298533973153        61.156553569159001     
  0.73000000000000054       0.23426312020144616       0.80112677498876816       0.13432621095611874        1.1710427833161314        13.641683978078555        60.956838884841332     
  0.73500000000000054       0.22604830320741723       0.77659277601397247       0.13285009040169771        1.1526925589887951        13.881117780917645        60.755347580517117     
  0.74000000000000055       0.21822250759066189       0.75303310859687345       0.13154077615014734        1.1355864485905376        14.125374952294738        60.546773046649939     
  0.74500000000000055       0.21076253252018043       0.73040052276881118       0.13039040872688484        1.1196474325968557        14.374232526181272        60.333294253512015     
  0.75000000000000056       0.20364688518413551       0.70865067442098983       0.12939061454302161        1.1048005729291053        14.627719122855584        60.115270019564306     
  0.75500000000000056       0.19685563540145040       0.68774189724418067       0.12853276959400275        1.0909732758511064        14.886509484383863        59.891997006723095     
  0.76000000000000056       0.19037028320451344       0.66763499548549199       0.12780821337865247        1.0780955068829114        15.151412090758251        59.671573409173760     
  0.76500000000000057       0.18417363830223804       0.64829305558435546       0.12720841736347399        1.0660999612376394        15.420320463236077        59.441635818961004     
  0.77000000000000057       0.17824971040634097       0.62968127491090886       0.12672511359079408        1.0549221933132304        15.696682441480567        59.218895626182146     
  0.77500000000000058       0.17258360947553009       0.61176680598166056       0.12635038893189018        1.0445007088717424        15.977898779759267        58.992321035680789     
  0.78000000000000058       0.16716145500167737       0.59451861466938194       0.12607675060803053        1.0347770234651334        16.265437805888261        58.765741599489374     
  0.78500000000000059       0.16197029352885034       0.57790735105736546       0.12589716812032858        1.0256956906639663        16.559593976115401        58.541299908636965     
  0.79000000000000059       0.15699802365964508       0.56190523171154283       0.12580509609084625        1.0172043034928016        16.859898555158182        58.318012084783071     
  0.79500000000000060       0.15223332786356300       0.54648593225823150       0.12579448218988268        1.0092534723674327        17.167518553245575        58.098670071445753     
  0.80000000000000060       0.14766561045911442       0.53162448926097605       0.12585976350133160        1.0017967826605267        17.481385476555126        57.878910491666332     
  0.80500000000000060       0.14328494119464688       0.51729721048657817       0.12599585429702839       0.99479073483481883        17.802665018590190        57.665048898830719     
  0.81000000000000061       0.13908200390285969       0.50348159273951021       0.12619812749859288       0.98819466990287663        18.131363739515557        57.455127157808207     
  0.81500000000000061       0.13504804975036708       0.49015624652485645       0.12646239183323332       0.98197068275457555        18.466705878346502        57.247307879907893     
  0.82000000000000062       0.13117485464675874       0.47730082687390496       0.12678486611397113       0.97608352568591172        18.810220582670091        57.046533393849437     
  0.82500000000000062       0.12745468041745969       0.46489596973379499       0.12716215189326091       0.97050050427265555        19.164002362743279        56.864985097700028     
  0.83000000000000063       0.12388023938131022       0.45292323338323209       0.12759120534688148       0.96519136749863932        19.518822662753937        56.655120396618294     
  0.83500000000000063       0.12044466200762252       0.44136504439181107       0.12806930905121292       0.96012819387444914        19.884904251530230        56.467910852343302     
  0.84000000000000064       0.11714146735828353       0.43020464768983158       0.12859404419658024       0.95528527506390937        20.259091435348072        56.286717959476327     
  0.84500000000000064       0.11396453604877975       0.41942606036051255       0.12916326348110130       0.95063899838094734        20.640826614209583        56.111434220052260     
  0.85000000000000064       0.11090808548779810       0.40901402880676690       0.12977506502292033       0.94616772931507531        21.029446814820677        55.937769394336236     
  0.85500000000000065       0.10796664717853059       0.39895398898096568       0.13042776732902403       0.94185169510090239        21.427155948203847        55.773916439116057     
  0.86000000000000065       0.10513504588610065       0.38923202939840695       0.13111988542802908       0.93767287019863454        21.832251082939397        55.614523374143495     
  0.86500000000000066       0.10240838049493292       0.37983485668455458       0.13185010825563595       0.93361486439380237        22.245971115571351        55.463717490863878     
  0.87000000000000066        9.9782006397314840E-002  0.37074976343178251       0.13261727720539623       0.92966281411613427        22.666624130317093        55.315661613907380     
  0.87500000000000067        9.7251519270306744E-002  0.36196459816490500       0.13342036586055747       0.92580327746370039        23.095808603536781        55.173839797840301     
  0.88000000000000067        9.4812740112382818E-002  0.35346773723524061       0.13425846091939744       0.92202413329222421        23.532671058030385        55.038539061116239     
  0.88500000000000068        9.2461701424101705E-002  0.34524805848161821       0.13513074419148388       0.91831448466981347        23.977986733235049        54.910539376061791     
  0.89000000000000068        9.0194634428703346E-002  0.33729491651316562       0.13603647576568378       0.91466456688640196        24.430347359094672        54.784696881542907     
  0.89500000000000068        8.8007957238942253E-002  0.32959811948334200       0.13697497821268673       0.91106566015369872        24.891435713899615        54.670018188197133     
  0.90000000000000069        8.5898263885851450E-002  0.32214790723776848       0.13794562188483250       0.90751000706029117        25.360270723187895        54.558600933775999     
  0.90500000000000069        8.3862314133576060E-002  0.31493493073012063       0.13894781131212397       0.90399073479577707        25.837134344740711        54.453430178282723     
  0.91000000000000070        8.1897024011919881E-002  0.30795023261053039       0.13998097271254983       0.90050178210972032        26.324470862968759        54.362435900885529     
  0.91500000000000070        7.9999457005064653E-002  0.30118522890028737       0.14104454261079746       0.89703783092960376        26.814523858800779        54.259236069687745     
  0.92000000000000071        7.8166815840964340E-002  0.29463169167475106       0.14213795767696449       0.89359424254139641        27.313827364195525        54.167757140506282     
  0.92500000000000071        7.6396434831367405E-002  0.28828173268370755       0.14326064579059467       0.89016699818547662        27.822718770024697        54.086029481888779     
  0.93000000000000071        7.4685772717287130E-002  0.28212778784489262       0.14441201835164486       0.88675264393366082        28.338735821508799        54.007475704595763     
  0.93500000000000072        7.3032405979081338E-002  0.27616260255212555       0.14559146397875461       0.88334823965538212        28.863207399043098        53.934222835749857     
  0.94000000000000072        7.1434022574248010E-002  0.27037921774482077       0.14679834354087268       0.87995131191118925        29.393901517923112        53.864801863164068     
  0.94500000000000073        6.9888416069485385E-002  0.26477095669003420       0.14803198661276432       0.87655981056009280        29.935489643113261        53.805542222023988     
  0.95000000000000073        6.8393480136736781E-002  0.25933141243249463       0.14929168932381112       0.87317206890438714        30.481786018662717        53.742198653512830     
  0.95500000000000074        6.6947203385726115E-002  0.25405443587167553       0.15057671362784408       0.86978676715165149        31.037440397863637        53.688776957518428     
  0.96000000000000074        6.5547664507994541E-002  0.24893412442822674       0.15188628789320699       0.86640289900381573        31.601453753863083        53.633940704311740     
  0.96500000000000075        6.4193027709707556E-002  0.24396481126510469       0.15321960876686994       0.86301974116874469        32.170961294281355        53.590135189717593     
  0.97000000000000075        6.2881538412543722E-002  0.23914105503142960       0.15457584418402481       0.85963682559514698        32.751743500588262        53.550229396691947     
  0.97500000000000075        6.1611519203733020E-002  0.23445763009933501       0.15595413736148112       0.85625391424344865        33.337872049224856        53.508906008812069     
  0.98000000000000076        6.0381366018000739E-002  0.22990951726641454       0.15735361159300965       0.85287097619544083        33.934785367726711        53.476500781904932     
  0.98500000000000076        5.9189544535603114E-002  0.22549189489823385       0.15877337562472049       0.84948816692994522        34.538002888410212        53.444775391669808     
  0.99000000000000077        5.8034586781963604E-002  0.22120013048711645       0.16021252937289024       0.84610580958859638        35.150313631167151        53.417277754924498     
  0.99500000000000077        5.6915087915621013E-002  0.21702977260511935       0.16167016974835308       0.84272437805963329        35.770676738172618        53.393323690888408     
   1.0000000000000007        5.5829703192237935E-002  0.21297654323040927       0.16314539632742353       0.83934448173097775        36.400797357309756        53.372429180271098     
   1.0050000000000006        5.4777145093436383E-002  0.20903633042779507       0.16463731664183356       0.83596685175758223        37.038947377704076        53.356321707352237     
   1.0100000000000005        5.3756180610052544E-002  0.20520518136518798       0.16614505089539200       0.83259232870028388        37.687068205006582        53.341229989501230     
   1.0150000000000003        5.2765628670222525E-002  0.20147929564899150       0.16766773593693154       0.82922185140926186        38.341485643706868        53.326503454912455     
   1.0200000000000002        5.1804357703431961E-002  0.19785501896243399       0.16920452834773655       0.82585644702486094        39.008502050215071        53.319098395023069     
   1.0250000000000001        5.0871283332295993E-002  0.19432883699174924       0.17075460662631281       0.82249722198437958        39.682144255087309        53.310693161562313     
   1.0300000000000000        4.9965366184443756E-002  0.19089736962601425       0.17231717238909697       0.81914535392015453        40.367912888715175        53.307720309378098     
   1.0349999999999999        4.9085609817441096E-002  0.18755736541732909       0.17389145068010645       0.81580208436240409        41.063394901121832        53.307320675529084     
   1.0399999999999998        4.8231058750129154E-002  0.18430569628858134       0.17547668942390907       0.81246871214162097        41.766788509594946        53.304466159572236     
   1.0449999999999997        4.7400796594260206E-002  0.18113935247691534       0.17707215817711880       0.80914658742422563        42.482391866647674        53.306759029666019     
   1.0499999999999996        4.6593944280713936E-002  0.17805543770164015       0.17867714627042044       0.80583710628604921        43.208115115466484        53.311358959313310     
   1.0549999999999995        4.5809658374921826E-002  0.17505116454575886       0.18029096054867491       0.80254170577453410        43.946164526018620        53.318910309359829     
   1.0599999999999994        4.5047129476534095E-002  0.17212385004109040       0.18191292281382754       0.79926185937667948        44.693608565922439        53.325425543519358     
   1.0649999999999993        4.4305580698634425E-002  0.16927091144729434       0.18354236715991451       0.79599907285648974        45.454174675027815        53.335820346166194     
   1.0699999999999992        4.3584266222148685E-002  0.16648986221574946       0.18517863731150438       0.79275488039112452        46.226137222779236        53.346484287156031     
   1.0749999999999991        4.2882469921305275E-002  0.16377830812948938       0.18682108410501283       0.78953084097418080        47.011692269785158        53.360448754922764     
   1.0799999999999990        4.2199504056351811E-002  0.16113394361117656       0.18846906317205225       0.78632853504150457        47.808005159580581        53.374313763704869     
   1.0849999999999989        4.1534708029855989E-002  0.15855454819107523       0.19012193295990254       0.78314956127753466        48.620344995965020        53.392269849365299     
   1.0899999999999987        4.0887447203242132E-002  0.15603798312778880       0.19177905307686327       0.77999553357931395        49.444182048074957        53.409105147113564     
   1.0949999999999986        4.0257111770327446E-002  0.15358218817454342       0.19343978306260093       0.77686807813970660        50.282623518134905        53.428136546887650     
   1.0999999999999985        3.9643115684878723E-002  0.15118517848440582       0.19510348157470875       0.77376883063939950        51.136342617445322        53.449567500075638     
   1.1049999999999984        3.9044895639344789E-002  0.14884504164799200       0.19676950604262958       0.77069943350740799        52.004726549699875        53.471755287220567     
   1.1099999999999983        3.8461910092092051E-002  0.14655993485757446       0.19843721278487075       0.76766153324505138        52.887522793115217        53.494016641502270     
   1.1149999999999982        3.7893638340632120E-002  0.14432808219181356       0.20010595764298883       0.76465677779943897        53.788164935011544        53.520210620994000     
   1.1199999999999981        3.7339579638471107E-002  0.14214777201561338       0.20177509711743924       0.76168681395828042        54.704635249636858        53.547006772103437     
   1.1249999999999980        3.6799252353322411E-002  0.14001735448978223       0.20344399008295527       0.75875328476601156        55.638148018223134        53.575205046967788     
   1.1299999999999979        3.6272193164586491E-002  0.13793523918557402       0.20511200009300817       0.75585782695561898        56.584694753127891        53.600363665705054     
   1.1349999999999978        3.5757956298088728E-002  0.13589989279930190       0.20677849831150677       0.75300206837205585        57.551816512801139        53.628512888238127     
   1.1399999999999977        3.5256112796174362E-002  0.13390983696244507       0.20844286712318905       0.75018762539364281        58.536252090938589        53.658481065342812     
   1.1449999999999976        3.4766249821400710E-002  0.13196364614301925       0.21010450446355775       0.74741610034952810        59.537219714005232        53.685198481737707     
   1.1499999999999975        3.4287969992110041E-002  0.13005994563398215       0.21176282887441833       0.74468907891727842        60.557501949763093        53.714454600583927     
   1.1549999999999974        3.3820890748298540E-002  0.12819740962480644       0.21341728531484255       0.74200812750062828        61.596649343634617        53.747132496342573     
   1.1599999999999973        3.3364643746268838E-002  0.12637475935246531       0.21506735164615934       0.73937479060442857        62.707752329788804        53.821484638247966     
   1.1649999999999971        3.2918874280620590E-002  0.12459076132821770       0.21671254581082591       0.73679058816547049        63.734367775910705        53.819505158741180     
   1.1699999999999970        3.2483240732245754E-002  0.12284422563687269       0.21835243351098269       0.73425701289581413        64.846015461279535        53.855598098609867     
   1.1749999999999969        3.2057414041015989E-002  0.12113400430518487       0.21998663626739268       0.73177552758034747        65.981696012028664        53.901557599528040     
   1.1799999999999968        3.1641077201971526E-002  0.11945898973638563       0.22161483963122686       0.72934756237194887        67.131976728955948        53.941880877862488     
   1.1849999999999967        3.1233924783840274E-002  0.11781811320783719       0.22323680126987214       0.72697451206515928        68.302282156985100        53.982093642217038     
   1.1899999999999966        3.0835662468804058E-002  0.11621034342903540       0.22485235866174394       0.72465773336421391        69.495281441626375        54.023573399568214     
   1.1949999999999965        3.0446006612470246E-002  0.11463468515725764       0.22646143600138877       0.72239854212755661        70.711037264567537        54.065776894828453     
   1.1999999999999964        3.0064683823072785E-002  0.11309017786833257       0.22806405004146688       0.72019821061845368        71.948419258582064        54.107045738703427     
   1.2049999999999963        2.9691430558967929E-002  0.11157589448007518       0.22966031452245786       0.71805796474179129        73.210751375423484        54.149140490636235     
   1.2099999999999962        2.9325992743539336E-002  0.11009094012607144       0.23125044289540853       0.71597898128395288        74.494775312198257        54.190412345269287     
   1.2149999999999961        2.8968125396684738E-002  0.10863445097762772       0.23283474913691946       0.71396238515364951        75.806535556919428        54.236787139515897     
   1.2199999999999960        2.8617592282073813E-002  0.10720559311172297       0.23441364651696062       0.71200924663318022        77.142695963664067        54.283063303240375     
   1.2249999999999959        2.8274165569444242E-002  0.10580356142303578       0.23598764417848175       0.71012057863695377        78.504135481712296        54.330685876015757     
   1.2299999999999958        2.7937625511200586E-002  0.10442757857804796       0.23755734167819512       0.70829733398892003        79.888951257117981        54.375984183091184     
   1.2349999999999957        2.7607760132652152E-002  0.10307689400946586       0.23912342150202226       0.70654040272128582        81.300329430606055        54.422151140363809     
   1.2399999999999956        2.7284364935242850E-002  0.10175078294920158       0.24068663977603133       0.70485060939035671        82.739662769008220        54.472271869251472     
   1.2449999999999954        2.6967242612152824E-002  0.10044854549822657       0.24224781549084279       0.70322871043976687        84.204391742440706        54.522619254887957     
   1.2499999999999953        2.6656202775709917E-002   9.9169505731790578E-002  0.24380781842846189       0.70167539157804770        85.695772133154193        54.572203735056839     
   1.2549999999999952        2.6351061696043440E-002   9.7913010838425629E-002  0.24536755627800280       0.70019126521832142        87.210353000525060        54.620674528003285     
   1.2599999999999951        2.6051642050465788E-002   9.6678430291349995E-002  0.24692796113070029       0.69877686794374450        88.759385499222731        54.673740309583472     
   1.2649999999999950        2.5757772683091672E-002   9.5465155050911396E-002  0.24848997587799046       0.69743265804307086        90.330169941424970        54.726962551780233     
   1.2699999999999949        2.5469288374209590E-002   9.4272596796726227E-002  0.25005454067426158       0.69615901308848926        91.931336347069532        54.775150721021390     
   1.2749999999999948        2.5186029618969898E-002   9.3100187188309452E-002  0.25162257991624526       0.69495622758692921        93.558614437513427        54.832406771687843     
   1.2799999999999947        2.4907842414966658E-002   9.1947377153029461E-002  0.25319498987259698       0.69382451069304751        95.213162848493596        54.884406563250309     
   1.2849999999999946        2.4634578058302777E-002   9.0813636200222869E-002  0.25477262728774258       0.69276398400590666        96.902443793159321        54.941409525788785     
   1.2899999999999945        2.4366092947756029E-002   8.9698451760409650E-002  0.25635629910290136       0.69177467943004223        98.614332264649278        54.994941609144270     
   1.2949999999999944        2.4102248396692658E-002   8.8601328548619088E-002  0.25794675338583989       0.69085653714012540        100.35476180045475        55.047741454448797     
   1.2999999999999943        2.3842910452371590E-002   8.7521787950805743E-002  0.25954467167189677       0.69000940363021324        102.12799451131917        55.103690795286383     
   1.3049999999999942        2.3587949722318920E-002   8.6459367432466766E-002  0.26115066266459697       0.68923302985980262        103.92827602856570        55.159979998063434     
   1.3099999999999941        2.3337241207461442E-002   8.5413619968562213E-002  0.26276525741035622       0.68852706951126696        105.75938071798559        55.217310995847100     
   1.3149999999999940        2.3090664141717534E-002   8.4384113493888677E-002  0.26438890583590408       0.68789107734478550        107.62037386588312        55.274140680522827     
   1.3199999999999938        2.2848101837768368E-002   8.3370430373104765E-002  0.26602197478945666       0.68732450769247599        109.51039698637334        55.330896049651301     
   1.3249999999999937        2.2609441538753352E-002   8.2372166889692164E-002  0.26766474733923395       0.68682671305574117        111.42732090698161        55.385708913267806     
   1.3299999999999936        2.2374574275606737E-002   8.1388932753010915E-002  0.26931742340941889       0.68639694284396069        113.38433479425139        55.446072038482711     
   1.3349999999999935        2.2143394729833666E-002   8.0420350622894460E-002  0.27098012167645241       0.68603434224425064        115.36650198888590        55.504088305881041     
   1.3399999999999934        2.1915801101464603E-002   7.9466055651008574E-002  0.27265288246747676       0.68573795123453352        117.38012842697262        55.562806243821683     
   1.3449999999999933        2.1691694981985549E-002   7.8525695038393059E-002  0.27433567187566726       0.68550670375071265        119.42943432273364        55.621254242522646     
   1.3499999999999932        2.1470981232036730E-002   7.7598927608580767E-002  0.27602838666042878       0.68533942700376083        121.50868254382695        55.682013079653437     
   1.3549999999999931        2.1253567863681332E-002   7.6685423395714089E-002  0.27773086013517900       0.68523484096528597        123.61874066585588        55.740197596543204     
   1.3599999999999930        2.1039365927049851E-002   7.5784863247079060E-002  0.27944286869470314       0.68519155800954235        125.75182728862147        55.801602902571481     
   1.3649999999999929        2.0828289401198855E-002   7.4896938439592553E-002  0.28116413909819332       0.68520808274828293        127.93413968541881        55.858988387769124     
   1.3699999999999928        2.0620255089026100E-002   7.4021350309690009E-002  0.28289435625368803       0.68528281203127972        130.03045841268781        55.919777377755437     
   1.3749999999999927        2.0415182515973899E-002   7.3157809896154113E-002  0.28463317149526463       0.68541403514530541        132.02844635727882        55.978678127020657     
   1.3799999999999926        2.0212993832534134E-002   7.2306037595427183E-002  0.28638021123027269       0.68559993420090048        134.05906301541197        56.039588851367149     
   1.3849999999999925        2.0013613720356000E-002   7.1465762828962193E-002  0.28813508590114234       0.68583858473025150        136.10668097008269        56.099844183494326     
   1.3899999999999924        1.9816969301719483E-002   7.0636723722207195E-002  0.28989739909285034       0.68612795648105995        138.17710860525406        56.157629364772177     
   1.3949999999999922        1.9622990052338429E-002   6.9818666794805792E-002  0.29166675683166571       0.68646591443363458        140.28106686256243        56.220937775670180     
   1.3999999999999921        1.9431607717341540E-002   6.9011346661626005E-002  0.29344277685325204       0.68685022003182750        142.39869378848965        56.279868476390966     
   1.4049999999999920        1.9242756230323312E-002   6.8214525744303339E-002  0.29522509786072970       0.68727853264772165        144.54532951190347        56.341719813223058     
   1.4099999999999919        1.9056371635321919E-002   6.7427973992840409E-002  0.29701338866182403       0.68774841128222897        146.68479710436219        56.398512283883285     
   1.4149999999999918        1.8872392011649530E-002   6.6651468617046433E-002  0.29880735708835771       0.68825731648465172        148.90301078437579        56.460093223754974     
   1.4199999999999917        1.8690757401443034E-002   6.5884793827395524E-002  0.30060675870517872       0.68880261255883579        151.12161514273828        56.520671963963593     
   1.4249999999999916        1.8511409739852144E-002   6.5127740585050289E-002  0.30241140503727543       0.68938156997821287        153.36152421843542        56.580970529226526     
   1.4299999999999915        1.8334292787761563E-002   6.4380106360718128E-002  0.30422117154242384       0.68999136808523165        155.62918816454510        56.640299647740775     
   1.4349999999999914        1.8159352066963438E-002   6.3641694902082921E-002  0.30603600501401468       0.69062909806165118        157.92058992009706        56.700931532037217     
   1.4399999999999913        1.7986534797686641E-002   6.2912316009502700E-002  0.30785593044054360       0.69129176614270860        160.23505557419574        56.762051461204962     
   1.4449999999999912        1.7815789838405961E-002   6.2191785319737528E-002  0.30968105721957206       0.69197629714485887        162.59086078627408        56.827334696084563     
   1.4499999999999911        1.7647067627845490E-002   6.1479924097418377E-002  0.31151158472069351       0.69267953823919193        164.94451116468937        56.879383616423993     
   1.4549999999999910        1.7480320129108561E-002   6.0776559034047481E-002  0.31334780705881404       0.69339826305386598        167.33310286913348        56.938974654294825     
   1.4599999999999909        1.7315500775855936E-002   6.0081522054264799E-002  0.31519011706318717       0.69412917604052748        169.75550109144569        57.000167906198072     
   1.4649999999999908        1.7152564420463028E-002   5.9394650129154909E-002  0.31703900926853468       0.69486891715555543        172.19222724675157        57.057472964989358     
   1.4699999999999906        1.6991467284090456E-002   5.8715785096376268E-002  0.31889508208504924       0.69561406685614990        174.66569686002330        57.116462172730465     
   1.4749999999999905        1.6832166908609121E-002   5.8044773486913469E-002  0.32075903877708589       0.69636115139861110        177.16550881944994        57.175027523531092     
   1.4799999999999904        1.6674622110303645E-002   5.7381466358195583E-002  0.32263168747998361       0.69710664845571235        179.68253674233191        57.232064429360669     
   1.4849999999999903        1.6518792935316055E-002   5.6725719133451313E-002  0.32451393987118993       0.69784699306732190        182.22720727922470        57.290597498671389     
   1.4899999999999902        1.6364640616751833E-002   5.6077391447034913E-002  0.32640680880540962       0.69857858391243777        184.78427536772722        57.342882826434014     
   1.4949999999999901        1.6212127533414177E-002   5.5436346995599212E-002  0.32831140444852513       0.69929778992447233        187.41932507991004        57.411484522647946     
   1.4999999999999900        1.6061217170094424E-002   5.4802453394872899E-002  0.33022892917826430       0.70000095724810529        190.03293139513966        57.461643004310204     
   1.5049999999999899        1.5911874079382049E-002   5.4175582041907908E-002  0.33216067097319518       0.70068441652184854        192.69078084665060        57.519577502682345     
   1.5099999999999898        1.5764063844943919E-002   5.3555607982619269E-002  0.33410799520817980       0.70134449054822245        195.37432157193953        57.575339768765694     
   1.5149999999999897        1.5617753046217198E-002   5.2942409784424174E-002  0.33607233507450135       0.70197750228456368        198.08568966273049        57.630898124557909     
   1.5199999999999896        1.5472909224479164E-002   5.2335869413841905E-002  0.33805518011891078       0.70257978321842052        200.82187222092227        57.686725688065152     
   1.5249999999999895        1.5329500850251015E-002   5.1735872118903958E-002  0.34005806326882848       0.70314768209944856        203.59157467061505        57.742041387134599     
   1.5299999999999894        1.5187497291982726E-002   5.1142306316182648E-002  0.34208254596792992       0.70367757404737530        206.38779728880931        57.796998253581592     
   1.5349999999999893        1.5046868785993969E-002   5.0555063482342961E-002  0.34413020158787899       0.70416587001412334        209.22545478155740        57.848990448891364     
   1.5399999999999892        1.4907586407616705E-002   4.9974038050020528E-002  0.34620259694025624       0.70460902667222092        212.06995287183349        57.906117699917736     
   1.5449999999999890        1.4769622043512346E-002   4.9399127307924222E-002  0.34830127186755711       0.70500355662821190        214.95470489378764        57.959049003779015     
   1.5499999999999889        1.4632948365117067E-002   4.8830231304990666E-002  0.35042771704211240       0.70534603907026849        217.86188595640542        58.011598029515802     
   1.5549999999999888        1.4497538803189601E-002   4.8267252758493903E-002  0.35258334967589788       0.70563313078729306        220.80517145925120        58.063635826166461     
   1.5599999999999887        1.4363367523417160E-002   4.7710096965945054E-002  0.35476948739469993       0.70586157757832613        223.79500121720199        58.115003203896592     
   1.5649999999999886        1.4230409403052979E-002   4.7158671720677815E-002  0.35698732027296864       0.70602822608544835        226.77848664867145        58.168045207462519     
   1.5699999999999885        1.4098640008545375E-002   4.6612887230974558E-002  0.35923788088336744       0.70613003599872592        229.80811161556727        58.218369853747440     
   1.5749999999999884        1.3968035574138168E-002   4.6072656042642955E-002  0.36152201274200585       0.70616409268587976        232.87060430858884        58.269019946055572     
   1.5799999999999883        1.3838572981392688E-002   4.5537892964872893E-002  0.36384033688269463       0.70612762024595399        235.96061200316575        58.318623111818816     
   1.5849999999999882        1.3710229739625752E-002   4.5008514999326940E-002  0.36619321716775799       0.70601799493312656        239.09104409998201        58.369984996441950     
   1.5899999999999881        1.3582983967208796E-002   4.4484441272277138E-002  0.36858072401865433       0.70583275903020293        242.24209654563018        58.417619447232568     
   1.5949999999999880        1.3456814373718982E-002   4.3965592969735463E-002  0.37100259746188496       0.70556963513891391        245.42585982022052        58.466121720562555     
   1.5999999999999879        1.3331700242903770E-002   4.3451893275435742E-002  0.37345820897672044       0.70522654087829106        248.64650984118470        58.515198682607348     
   1.6049999999999878        1.3207621416435630E-002   4.2943267311578805E-002  0.37594652332982642       0.70480160400265146        251.89903617797509        58.562066048093548     
   1.6099999999999877        1.3084558278432015E-002   4.2439642082235177E-002  0.37846606040213632       0.70429317795553070        255.17612420306216        58.609764411294705     
   1.6149999999999876        1.2962491740704095E-002   4.1940946419278743E-002  0.38101485773010119       0.70369985786593947        258.48480711775130        58.656408969387890     
   1.6199999999999875        1.2841403228726350E-002   4.1447110930801084E-002  0.38359043443164315       0.70302049692701962        261.83396721981921        58.702714367581876     
   1.6249999999999873        1.2721274668284493E-002   4.0958067951861132E-002  0.38618975732130378       0.70225422324718045        265.21073556507190        58.747812253598163     
   1.6299999999999872        1.2602088472792941E-002   4.0473751497516731E-002  0.38880921004971586       0.70140045713247290        268.61439870231834        58.790805268944140     
   1.6349999999999871        1.2483827531239767E-002   3.9994097217996287E-002  0.39144456669752747       0.70045892876905957        272.05982203028157        58.835738335266825     
   1.6399999999999870        1.2366475196755405E-002   3.9519042355975711E-002  0.39409097071692673       0.69942969636185170        275.53533731084417        58.879379127900840     
   1.6449999999999869        1.2250015275767256E-002   3.9048525705827737E-002  0.39674292076983075       0.69831316471214133        279.05090203101469        58.924144032758093     
   1.6499999999999868        1.2134432017725530E-002   3.8582487574783823E-002  0.39939426551512364       0.69711010423215181        282.60122865412836        58.966155895007745     
   1.6549999999999867        1.2019710105374922E-002   3.8120869745907948E-002  0.40203820865064122       0.69582167037264619        286.17982044543521        59.005986118048256     
   1.6599999999999866        1.1905834645548872E-002   3.7663615442800093E-002  0.40466732654610954       0.69444942349266237        289.76309952820230        59.037078883420335     
   1.6649999999999865        1.1792791160467693E-002   3.7210669295954166E-002  0.40727360104679877       0.69299534920495476        293.43188243952767        59.088900493496283     
   1.6699999999999864        1.1680565579522422E-002   3.6761977310699696E-002  0.40984846958286908       0.69146187907655321        297.10475603246823        59.130431246005095     
   1.6749999999999863        1.1569144231510183E-002   3.6317486836608466E-002  0.41238289548417500       0.68985191185767536        300.81395286596199        59.168744460113118     
   1.6799999999999862        1.1458513837322784E-002   3.5877146538358280E-002  0.41486746143027636       0.68816883507183590        304.56170603895504        59.207709257356356     
   1.6849999999999861        1.1348661503039374E-002   3.5440906367889193E-002  0.41729248914129702       0.68641654706111277        308.34216628118264        59.245700914440292     
   1.6899999999999860        1.1239574713435682E-002   3.5008717537880089E-002  0.41964818783405811       0.68459947948688638        312.16071595212446        59.282611331515625     
   1.6949999999999859        1.1131241325858243E-002   3.4580532496374640E-002  0.42192483518844170       0.68272262019971397        316.00732198213024        59.319028005457753     
   1.6999999999999857        1.1023649564469705E-002   3.4156304902567061E-002  0.42411299291691973       0.68079153663139191        319.88995811705962        59.354254471023566     
   1.7049999999999856        1.0916788014828578E-002   3.3735989603621785E-002  0.42620375951497963       0.67881239948530692        323.80982328211149        59.388811114978338     
   1.7099999999999855        1.0810645618793736E-002   3.3319542612493772E-002  0.42818906183932592       0.67679200698523767        327.77334915935717        59.425589730071088     
   1.7149999999999854        1.0705211669728980E-002   3.2906921086660872E-002  0.43006198614627134       0.67473780943602468        331.77741867773085        59.464126597885326     
   1.7199999999999853        1.0600475807996501E-002   3.2498083307730831E-002  0.43181714831935436       0.67265793427028331        335.79399748902614        59.493628904557461     
   1.7249999999999852        1.0496428016710314E-002   3.2092988661823606E-002  0.43345110030335671       0.67056121144970826        339.85622752066513        59.526381413647961     
   1.7299999999999851        1.0393058617738460E-002   3.1691597620695185E-002  0.43496276931698485       0.66845719935131109        343.95265910801027        59.556859039507053     
   1.7349999999999850        1.0290358267933262E-002   3.1293871723527045E-002  0.43635392139675588       0.66635621095995723        348.08855061415750        59.590405487915000     
   1.7399999999999849        1.0188317955574048E-002   3.0899773559337689E-002  0.43762964000709292       0.66426934057106979        352.26233913248808        59.622098682061612     
   1.7449999999999848        1.0086928997002920E-002   3.0509266749948430E-002  0.43879880475360222       0.66220849082154354        356.46543488546700        59.652267551475411     
   1.7499999999999847        9.9861830334250831E-003   3.0122315933415491E-002  0.43987455228726619       0.66018640008239104        360.71115958442948        59.681345980485105     
   1.7549999999999846        9.8860720278858734E-003   2.9738886747966795E-002  0.44087469601182616       0.65821667035292597        364.98704448322178        59.709195351078840     
   1.7599999999999845        9.7865882623655431E-003   2.9358945816258843E-002  0.44182207728183331       0.65631379540698109        369.28483230611039        59.737890516043954     
   1.7649999999999844        9.6877243350125767E-003   2.8982460730020795E-002  0.44274481555925987       0.65449318937828582        373.65433339333288        59.765750153391856     
   1.7699999999999843        9.5894731574746594E-003   2.8609400034961471E-002  0.44367642142830671       0.65277121570442154        378.04091254639962        59.793535915005080     
   1.7749999999999841        9.4918279523215666E-003   2.8239733215923706E-002  0.44465573186325613       0.65116521643544778        382.46455444020239        59.818310895566796     
   1.7799999999999840        9.3947822505332929E-003   2.7873430682207927E-002  0.44572662787852002       0.64969354185948747        386.92404107326706        59.844452220041099     
   1.7849999999999839        9.2983298890527491E-003   2.7510463753066500E-002  0.44693749179596104       0.64837558051062949        391.41280781667530        59.867158597693283     
   1.7899999999999838        9.2024650083708248E-003   2.7150804643277703E-002  0.44834036635687097       0.64723178949748050        395.95039273203525        59.893622876854707     
   1.7949999999999837        9.1071820501344939E-003   2.6794426448771939E-002  0.44998978087041402       0.64628372513915100        400.52402718198493        59.917786297326771     
   1.7999999999999836        9.0124757547655563E-003   2.6441303132284554E-002  0.45194122046638524       0.64555407395325348        405.12491308709008        59.939812722677537     
   1.8049999999999835        8.9183411590655279E-003   2.6091409508963964E-002  0.45424922088864611       0.64506668392697664        409.76691580581053        59.961865319066405     
   1.8099999999999834        8.8247735938025498E-003   2.5744721231931864E-002  0.45696508947677233       0.64484659611654449        414.44186046447129        59.983251190598160     
   1.8149999999999833        8.7317686812543420E-003   2.5401214777725813E-002  0.46013426174336741       0.64492007650990135        419.15797245873631        60.003943800454024     
   1.8199999999999832        8.6393223327010191E-003   2.5060867431614921E-002  0.46379332148282809       0.64531464817676787        423.91615878881333        60.022256367705239     
   1.8249999999999831        8.5474307458481957E-003   2.4723657272738470E-002  0.46796672432554670       0.64605912375359709        428.70878269828495        60.050692998576729     
   1.8299999999999830        8.4560904021713009E-003   2.4389563159052559E-002  0.47266327403912267       0.64718363811072421        433.49931452351598        60.062904084311477     
   1.8349999999999829        8.3652980641587844E-003   2.4058564712027386E-002  0.47787241312637552       0.64871968136807023        438.37676700436111        60.077999389040151     
   1.8399999999999828        8.2750507724562872E-003   2.3730642301114924E-002  0.48356038575566651       0.65070013214752054        443.26581110025677        60.096515445073834     
   1.8449999999999827        8.1853458428790844E-003   2.3405777027899810E-002  0.48966633511089230       0.65315929108203319        448.19395784661583        60.112218021618936     
   1.8499999999999825        8.0961808633027935E-003   2.3083950709977590E-002  0.49609838724699873       0.65613291459208112        453.15585546873893        60.127686638193339     
   1.8549999999999824        8.0075536904000814E-003   2.2765145864477348E-002  0.50272976306756667       0.65965824891929670        458.15537249265691        60.142276277191193     
   1.8599999999999823        7.9194624462269117E-003   2.2449345691253446E-002  0.50939494687237863       0.66377406447287213        463.19605227199662        60.155505328616862     
   1.8649999999999822        7.8319055146404068E-003   2.2136534055706380E-002  0.51588592603006223       0.66852069031721983        468.26284442307400        60.169360740380142     
   1.8699999999999821        7.7448815375439888E-003   2.1826695471235835E-002  0.52194849792206366       0.67394004906341376        473.36774128188819        60.182231249917422     
   1.8749999999999820        7.6583894109420085E-003   2.1519815081287426E-002  0.52727863392625240       0.68007569192127082        478.51665744834946        60.191007072073710     
   1.8799999999999819        7.5724282808050719E-003   2.1215878641014842E-002  0.53151887617609905       0.68697283400830877        483.68671890418312        60.204222445215791     
   1.8849999999999818        7.4869975387301209E-003   2.0914872498520289E-002  0.53425474484371149       0.69467838995021192        488.89090680412016        60.214743058360249     
   1.8899999999999817        7.4020968173975433E-003   2.0616783575701753E-002  0.53501113459670369       0.70324100962305058        494.13360007853260        60.223949987771647     
   1.8949999999999816        7.3177259858036086E-003   2.0321599348656499E-002  0.53324868764863664       0.71271111406673227        499.40695664220516        60.232766428674942     
   1.8999999999999815        7.2338851442825805E-003   2.0029307827698423E-002  0.52836015631911748       0.72314093163759829        504.71601114535264        60.240865083982079     
   1.9049999999999814        7.1505746192963250E-003   1.9739897536939954E-002   0.0000000000000000       0.30732342827791131        510.06817943305009        60.247614023904454     
   1.9099999999999813        7.0677949579971864E-003   1.9453357493475310E-002   0.0000000000000000       0.30766574495100424        515.45476019134503        60.252178307161039     
   1.9149999999999812        6.9855469225584329E-003   1.9169677186158977E-002   0.0000000000000000       0.30799901105246186        520.84694259722357        60.259103029452675     
   1.9199999999999811        6.9038314842709350E-003   1.8888846553994015E-002   0.0000000000000000       0.30832322545984125        526.29226195450565        60.264048736972924     
   1.9249999999999809        6.8226498174032832E-003   1.8610855964138716E-002   0.0000000000000000       0.30863838716116304        531.76663518420776        60.267155122763398     
   1.9299999999999808        6.7420032928246923E-003   1.8335696189541770E-002   0.0000000000000000       0.30894449525321838        537.27974785501658        60.270071241248559     
   1.9349999999999807        6.6618934714006870E-003   1.8063358386251109E-002   0.0000000000000000       0.30924154893990136        542.81501373746073        60.272699638159914     
   1.9399999999999806        6.5823220971420546E-003   1.7793834070356840E-002   0.0000000000000000       0.30952954753057410        548.38690978847205        60.274035759961052     
   1.9449999999999805        6.5032910901370988E-003   1.7527115094663880E-002   0.0000000000000000       0.30980849043846836        553.97887062465486        60.273402497405705     
   1.9499999999999804        6.4248025392497398E-003   1.7263193625061339E-002   0.0000000000000000       0.31007837717910858        559.61379945147905        60.273707220678610     
   1.9549999999999803        6.3468586945951699E-003   1.7002062116635266E-002   0.0000000000000000       0.31033920736877446        565.28223131480945        60.272721927709028     
   1.9599999999999802        6.2694619598040605E-003   1.6743713289563238E-002   0.0000000000000000       0.31059098072298824        570.92535903317639        60.271255422353946     
   1.9649999999999801        6.1926148840730803E-003   1.6488140104802838E-002   0.0000000000000000       0.31083369705503400        576.68589397401502        60.267368574359857     
   1.9699999999999800        6.1163201540133738E-003   1.6235335739612899E-002   0.0000000000000000       0.31106735627449988        582.43926711842380        60.263116111757306     
   1.9749999999999799        6.0405805853103491E-003   1.5985293562956807E-002   0.0000000000000000       0.31129195838584922        588.22600129918089        60.257987723714770     
   1.9799999999999798        5.9653991141960343E-003   1.5738007110799809E-002   0.0000000000000000       0.31150750348702150        594.03188912077587        60.251846669808941     
   1.9849999999999797        5.8907787887497497E-003   1.5493470061354507E-002   0.0000000000000000       0.31171399176804843        599.87237229318100        60.245637944543198     
   1.9899999999999796        5.8167227600382926E-003   1.5251676210309465E-002   0.0000000000000000       0.31191142350971635        605.73641779198226        60.237050732248754     
   1.9949999999999795        5.7432342731036385E-003   1.5012619446075345E-002   0.0000000000000000       0.31209979908222391        611.62819650450183        60.230190527970727     
   1.9999999999999793        5.6703166578236028E-003   1.4776293725116628E-002   0.0000000000000000       0.31227911894388793        617.54142583248245        60.220085579331453     
