   0.0000000000000000        0.0000000000000000        0.0000000000000000        0.0000000000000000        0.0000000000000000        0.0000000000000000        0.0000000000000000     
   2.5000000000000001E-003   0.0000000000000000        0.0000000000000000        0.0000000000000000        0.0000000000000000        0.0000000000000000        0.0000000000000000     
   5.0000000000000001E-003   0.0000000000000000        0.0000000000000000        0.0000000000000000        0.0000000000000000        0.0000000000000000        0.0000000000000000     
   7.4999999999999997E-003   0.0000000000000000        0.0000000000000000        0.0000000000000000        0.0000000000000000        0.0000000000000000        0.0000000000000000     
   1.0000000000000000E-002   0.0000000000000000        0.0000000000000000        0.0000000000000000        0.0000000000000000        0.0000000000000000        0.0000000000000000     
   1.2500000000000001E-002   0.0000000000000000        0.0000000000000000        0.0000000000000000        0.0000000000000000        0.0000000000000000        0.0000000000000000     
   1.5000000000000001E-002   0.0000000000000000        0.0000000000000000        0.0000000000000000        0.0000000000000000        0.0000000000000000        0.0000000000000000     
   1.7500000000000002E-002   0.0000000000000000        0.0000000000000000        0.0000000000000000        0.0000000000000000        0.0000000000000000        0.0000000000000000     
   2.0000000000000000E-002   0.0000000000000000        0.0000000000000000        0.0000000000000000        0.0000000000000000        0.0000000000000000        0.0000000000000000     
   2.2499999999999999E-002   0.0000000000000000        0.0000000000000000        0.0000000000000000        0.0000000000000000        0.0000000000000000        0.0000000000000000     
   2.4999999999999998E-002   0.0000000000000000        0.0000000000000000        0.0000000000000000        0.0000000000000000        0.0000000000000000        0.0000000000000000     
   2.7499999999999997E-002   5.3303711406113574E-004   1.6372847993387455E-002   0.0000000000000000        0.0000000000000000        0.0000000000000000        0.0000000000000000     
   2.9999999999999995E-002   4.2807717412296671E-003   8.6815877617918508E-002   0.0000000000000000        0.0000000000000000        0.0000000000000000        0.0000000000000000     
   3.2499999999999994E-002   8.6270091404589203E-003  0.15805716707334738        0.0000000000000000        0.0000000000000000        0.0000000000000000        0.0000000000000000     
   3.4999999999999996E-002   1.3311474976752580E-002  0.23055859803574383        0.0000000000000000        0.0000000000000000        0.0000000000000000        0.0000000000000000     
   3.7499999999999999E-002   2.0835367881793236E-002  0.31592580252674152        0.0000000000000000        0.0000000000000000        0.0000000000000000        0.0000000000000000     
   4.0000000000000001E-002   3.7535942881434033E-002  0.44386458819634850        0.0000000000000000        0.0000000000000000        0.0000000000000000        0.0000000000000000     
   4.2500000000000003E-002   6.0549971873464614E-002  0.57564361962312061        0.0000000000000000        0.0000000000000000        0.0000000000000000        0.0000000000000000     
   4.5000000000000005E-002   8.6268324550859296E-002  0.71257832785148456        0.0000000000000000        0.0000000000000000        0.0000000000000000        0.0000000000000000     
   4.7500000000000007E-002  0.11408612537382540       0.85600913211648733        0.0000000000000000        0.0000000000000000        0.0000000000000000        0.0000000000000000     
   5.0000000000000010E-002  0.14450483171495890        1.0073074322075646        0.0000000000000000        0.0000000000000000        0.0000000000000000        0.0000000000000000     
   5.2500000000000012E-002  0.17805130199858030        1.1678810500025469        0.0000000000000000        0.0000000000000000        0.0000000000000000        0.0000000000000000     
   5.5000000000000014E-002  0.21528020726279512        1.3391789292951199        0.0000000000000000        0.0000000000000000        0.0000000000000000        0.0000000000000000     
   5.7500000000000016E-002  0.25677596752230364        1.5226948918042156        0.0000000000000000        0.0000000000000000        0.0000000000000000        0.0000000000000000     
   6.0000000000000019E-002  0.30315412739636322        1.7199702364983946        0.0000000000000000        0.0000000000000000        0.0000000000000000        0.0000000000000000     
   6.2500000000000014E-002  0.35506208557615154        1.9325949607386592        0.0000000000000000        1.3474911266702356E-003   0.0000000000000000        0.0000000000000000     
   6.5000000000000016E-002  0.41317909399944075        2.1622073771735888        0.0000000000000000        9.8482987549930092E-003   0.0000000000000000        0.0000000000000000     
   6.7500000000000018E-002  0.47821544568875857        2.4104919019696034        0.0000000000000000        1.8400744193501260E-002   0.0000000000000000        0.0000000000000000     
   7.0000000000000021E-002  0.55091077577516301        2.6791748001075919        0.0000000000000000        2.7008417360896000E-002   0.0000000000000000        0.0000000000000000     
   7.2500000000000023E-002  0.63203140899098409        2.9700176943784089        0.0000000000000000        3.5675106870039254E-002   0.0000000000000000        0.0000000000000000     
   7.5000000000000025E-002  0.72236669957049615        3.2848086783949602        0.0000000000000000        4.4404809928913914E-002   0.0000000000000000        0.0000000000000000     
   7.7500000000000027E-002  0.82272432665515960        3.6253509219699516        0.0000000000000000        5.3201742587169025E-002   0.0000000000000000        0.0000000000000000     
   8.0000000000000029E-002  0.93392453038937495        3.9934487204086255        0.0000000000000000        6.2070350328855738E-002   0.0000000000000000        0.0000000000000000     
   8.2500000000000032E-002   1.0567933010659230        4.3908910174303184        0.0000000000000000        7.1015319010757569E-002   0.0000000000000000        0.0000000000000000     
   8.5000000000000034E-002   1.1921545657124992        4.8194325230722717        0.0000000000000000        8.0041586144429508E-002   0.0000000000000000        0.0000000000000000     
   8.7500000000000036E-002   1.3408214527110258        5.2807726500771048        0.0000000000000000        8.9154352518623678E-002   0.0000000000000000        0.0000000000000000     
   9.0000000000000038E-002   1.5035867541898640        5.7765326004013255        0.0000000000000000        9.8359094157228558E-002   0.0000000000000000        0.0000000000000000     
   9.2500000000000041E-002   1.6812127462600794        6.3082310416189440        0.0000000000000000       0.10766157460615527        0.0000000000000000        0.0000000000000000     
   9.5000000000000043E-002   1.8744205664101816        6.8772589139562816        0.0000000000000000       0.11706785754077789        0.0000000000000000        0.0000000000000000     
   9.7500000000000045E-002   2.0838793828691538        7.4848539946151105        0.0000000000000000       0.12658431968354938        0.0000000000000000        0.0000000000000000     
  0.10000000000000005        2.3101956196309881        8.1320759090392194        0.0000000000000000       0.13621766401928900        0.0000000000000000        0.0000000000000000     
  0.10250000000000005        2.5539025202924823        8.8197823117860352        0.0000000000000000       0.14597493329334005        0.0000000000000000        0.0000000000000000     
  0.10500000000000005        2.8154503414225096        9.5486069572852816        0.0000000000000000       0.15586352377534268        0.0000000000000000        0.0000000000000000     
  0.10750000000000005        3.0951974600442806        10.318940340087099        0.0000000000000000       0.16589119926873550        0.0000000000000000        0.0000000000000000     
  0.11000000000000006        3.3934026590890283        11.130913505379327        1.3599525773431975E-004  0.17606610534329631        0.0000000000000000        0.0000000000000000     
  0.11250000000000006        3.7102188196191732        11.984385517120312        3.1682828732510740E-004  0.18639678376504470        0.0000000000000000        0.0000000000000000     
  0.11500000000000006        4.0456882006823705        12.878934929869887        5.0303618236999931E-004  0.19689218709465370        0.0000000000000000        0.0000000000000000     
  0.11750000000000006        4.3997394294676262        13.813855450835378        6.9476877709764352E-004  0.20756169342215847        0.0000000000000000        0.0000000000000000     
  0.12000000000000006        4.7721862595729103        14.788155812139934        8.9218372743645358E-004  0.21841512120218251        0.0000000000000000        0.0000000000000000     
  0.12250000000000007        5.1627280878799064        15.800563711909971        1.0954468573080823E-003  0.22946274415015203        0.0000000000000000        0.0000000000000000     
  0.12500000000000006        5.5709521552090431        16.849533537909611        1.3047325164858284E-003  0.24071530615600636        0.0000000000000000        0.0000000000000000     
  0.12750000000000006        5.9963372968257787        17.933257468776240        1.5202239500272704E-003  0.25218403616775037        0.0000000000000000        0.0000000000000000     
  0.13000000000000006        6.4382590595862741        19.049679462328061        1.7421136792488072E-003  0.26388066299283403        0.0000000000000000        0.0000000000000000     
  0.13250000000000006        6.8959959656936780        20.196511591472476        1.9706038941635358E-003  0.27581742996077063        0.0000000000000000        0.0000000000000000     
  0.13500000000000006        7.3687366801714003        21.371252175973506        2.2059068572529189E-003  0.28800710938563301        0.0000000000000000        0.0000000000000000     
  0.13750000000000007        7.8555878305241311        22.571205179536470        2.4482453183866746E-003  0.30046301676209608        0.0000000000000000        0.0000000000000000     
  0.14000000000000007        8.3555822317894481        23.793500390477117        2.6978529406438074E-003  0.31319902462351795        0.0000000000000000        0.0000000000000000     
  0.14250000000000007        8.8676872864950695        25.035113973063602        2.9549747367206051E-003  0.32622957598518515        0.0000000000000000        0.0000000000000000     
  0.14500000000000007        9.3908133544778156        26.292889057010612        3.2198675155381859E-003  0.33956969729029957        0.0000000000000000        0.0000000000000000     
  0.14750000000000008        9.9238219192924166        27.563556116272959        3.4928003385826271E-003  0.35323501077053904        0.0000000000000000        0.0000000000000000     
  0.15000000000000008        10.465533413191881        28.843752967831730        3.7740549854245065E-003  0.36724174612712485        0.0000000000000000        0.0000000000000000     
  0.15250000000000008        11.014734598749818        30.130044290699306        4.0639264277714171E-003  0.38160675143226497        0.0000000000000000        0.0000000000000000     
  0.15500000000000008        11.570185439867252        31.418940620814297        4.3627233113064075E-003  0.39634750314461836        0.0000000000000000        0.0000000000000000     
  0.15750000000000008        12.130625426417939        32.706916816713935        4.6707684444570498E-003  0.41148211512608684        0.0000000000000000        0.0000000000000000     
  0.16000000000000009        12.694779343942878        33.990430013524346        4.9883992931237086E-003  0.42702934654078512       -3.9954397669988217E-008   5.5002511299949577E-006
  0.16250000000000009        13.261362501948888        35.265937090117802        5.3159684802709514E-003  0.44300860851047053       -1.7148084945527738E-007   2.4674497747848229E-005
  0.16500000000000009        13.829085451304380        36.529911668647770        5.6538442891530686E-003  0.45943996939410103       -3.8123835190568129E-007   5.8241360148591363E-005
  0.16750000000000009        14.396658233149651        37.778860650266090        6.0024111688028918E-003  0.47634415855250489       -6.6893412575664360E-007   1.1088629979106316E-004
  0.17000000000000010        14.962794209110889        39.009340269199932        6.3620702402619666E-003  0.49374256845245840       -1.0277771444662997E-006   1.8898319885602818E-004
  0.17250000000000010        15.526213526071013        40.217971623082349        6.7332398018702094E-003  0.51165725495778180       -1.4262575545691864E-006   2.9967661781419756E-004
  0.17500000000000010        16.085646269030040        41.401455613751871        7.1163558317633539E-003  0.53011093564843059       -1.8158182226642306E-006   4.5217834708456066E-004
  0.17750000000000010        16.639835353427813        42.556587212425853        7.5118724855472831E-003  0.54912698600200527       -2.1059430847724695E-006   6.5718587642861525E-004
  0.18000000000000010        17.187539204395687        43.680268948292444        7.9202625869297140E-003  0.56872943326568071       -2.1712950233537622E-006   9.2789934148848640E-004
  0.18250000000000011        17.727534265377596        44.769523511525072        8.3420181088908318E-003  0.58894294784029166       -1.8229911423052948E-006   1.2795355640729087E-003
  0.18500000000000011        18.258617372934967        45.821505361139558        8.7776506427664439E-003  0.60979283199228007       -8.1104919143743617E-007   1.7311336394114391E-003
  0.18750000000000011        18.779608028740196        46.833511234924373        9.2276918523995256E-003  0.63130500570344006        1.2127269460098560E-006   2.3038285464620049E-003
  0.19000000000000011        19.289350594089061        47.802989472272778        9.6926939102886973E-003  0.65350598946295579        4.6834227153268347E-006   3.0238307422034215E-003
  0.19250000000000012        19.786716426938728        48.727548080025109        1.0173229912426158E-002  0.67642288380117233        1.0271742623834513E-005   3.9182793784697601E-003
  0.19500000000000012        20.270605976649072        49.604961495002627        1.0669894268272650E-002  0.70008334535995564        1.8515670713366314E-005   5.0341103426275085E-003
  0.19750000000000012        20.739950847341849        50.433176023178049        1.1183303062063671E-002  0.72451555929040079        3.0617195226821059E-005   6.3954313801209261E-003
  0.20000000000000012        21.193715837117519        51.210313962772830        1.1714094381380765E-002  0.74974820776518714        4.7388168650666919E-005   8.0684097704945366E-003
  0.20250000000000012        21.630900957265968        51.934676445419278        1.2262928608653629E-002  0.77581043439007247        7.0536584710530540E-005   1.0094401549089017E-002
  0.20500000000000013        22.050543433034637        52.604745054506068        1.2830488670985248E-002  0.80273180429695723        1.0164157975299382E-004   1.2539878827337850E-002
  0.20750000000000013        22.451719685413739        53.219182301769770        1.3417480243413773E-002  0.83054225969977058        1.4282339235250119E-004   1.5477417984418818E-002
  0.21000000000000013        22.833547291699904        53.776831061242305        1.4024631900441870E-002  0.85927207069414913        1.9655825225306343E-004   1.8991213713646857E-002
  0.21250000000000013        23.195186921236917        54.276713073238831        1.4652695210379986E-002  0.88895178108266026        2.6582418927297344E-004   2.3173260146794546E-002
  0.21500000000000014        23.535844241638575        54.718026639894262        1.5302444766763509E-002  0.91961214900920918        3.5410805446822854E-004   2.8130888739431890E-002
  0.21750000000000014        23.854771789915873        55.100143637835224        1.5974678150819436E-002  0.95128408218943361        4.6604824612831472E-004   3.3968516473149177E-002
  0.22000000000000014        24.151270802204557        55.422605973134758        1.6670215818675733E-002  0.98399856752835246        6.0490523983040682E-004   4.0861187842919894E-002
  0.22250000000000014        24.424692995175441        55.685121599170493        1.7389900906729584E-002   1.0177865949225000        7.7835662297382900E-004   4.8892491248964151E-002
  0.22500000000000014        24.674442291674595        55.887560209964647        1.8134598948321243E-002   1.0526790750513029        9.9072461508615639E-004   5.8313203989628686E-002
  0.22750000000000015        24.899976482656516        56.029948710685815        1.8905197494600290E-002   1.0887067509716564        1.2513677675720690E-003   6.9249557468299625E-002
  0.23000000000000015        25.100808817019775        56.112466553943236        1.9702605632224722E-002   1.1259001033407141        1.5687612127817186E-003   8.1886959072396001E-002
  0.23250000000000015        25.276509510524832        56.135441016023087        2.0527753390302834E-002   1.1642892491048757        1.9504220721922047E-003   9.6544477711229870E-002
  0.23500000000000015        25.426707164557588        56.099342471972456        2.1381591028776157E-002   1.2039038335079824        2.4100589605874916E-003  0.11339617135797801     
  0.23750000000000016        25.551090085103535        56.004779713061396        2.2265088200254357E-002   1.2447729152889950        2.9605216059047233E-003  0.13276884076003745     
  0.24000000000000016        25.649407491919852        55.852495335193275        2.3179232977151385E-002   1.2869248449589554        3.6146045256064477E-003  0.15491391504679194     
  0.24250000000000016        25.721470607545665        55.643361212737034        2.4125030735842230E-002   1.3303871360690560        4.3911012567426815E-003  0.18013954003781601     
  0.24500000000000016        25.767153615483618        55.378374059406994        2.5103502889464651E-002   1.3751863294062048        5.3037456769939066E-003  0.20897711964884491     
  0.24750000000000016        25.786394476634467        55.058651066467242        2.6115685460935720E-002   1.4213478500797359        6.3775749421278050E-003  0.24163434935167769     
  0.25000000000000017        25.779195592883092        54.685425598901773        2.7162627487742539E-002   1.4688958574930078        7.6376436041814674E-003  0.27856403519123685     
  0.25250000000000017        25.745624306633538        54.260042922349591        2.8245389250106018E-002   1.5178530882266243        9.1000593699348768E-003  0.32036065528391688     
  0.25500000000000017        25.685813225091330        53.783955927619132        2.9365040314210600E-002   1.5682406918960581        1.0805252347944156E-002  0.36743271099338914     
  0.25750000000000017        25.599960358200867        53.258720815425150        3.0522657382346656E-002   1.6200780600856353        1.2778902717255410E-002  0.42028618087626074     
  0.26000000000000018        25.488329059384384        52.685992701583288        3.1719321942031628E-002   1.6733826485032106        1.5056344850468042E-002  0.47947366721896656     
  0.26250000000000018        25.351247758604568        52.067521102134521        3.2956117706465518E-002   1.7281697925456128        1.7681113972191655E-002  0.54571989296871903     
  0.26500000000000018        25.189109477796499        51.405145258623833        3.4234127839041742E-002   1.7844525165139400        2.0695053372744004E-002  0.61963719036015807     
  0.26750000000000018        25.002371119395409        50.700789265869759        3.5554431955081060E-002   1.8422413367703345        2.4141975500285105E-002  0.70181320550753723     
  0.27000000000000018        24.791552519530061        49.956456967874303        3.6918102894489227E-002   1.9015440591837516        2.8112469695663427E-002  0.79390656238439228     
  0.27250000000000019        24.557235258460544        49.174226591852545        3.8326203259663794E-002   1.9623655712716912        3.2575343911260449E-002  0.89448770968234259     
  0.27500000000000019        24.300061222016279        48.356245095551884        3.9779781713694645E-002   2.0247076295076698        3.7678790374462423E-002   1.0064680478525221     
  0.27750000000000019        24.020730909132201        47.504722208900340        4.1279869034725011E-002   2.0885686423305145        4.3466485641509067E-002   1.1300844334929880     
  0.28000000000000019        23.720001482084502        46.621924157417716        4.2827473923264955E-002   2.1539434494612264        5.0010743430091903E-002   1.2661840713823163     
  0.28250000000000020        23.398684557685659        45.710167061580364        4.4423578560281063E-002   2.2208230982059711        5.7410806954474293E-002   1.4156435124821449     
  0.28500000000000020        23.057643739499657        44.771810013310656        4.6069133915033984E-002   2.2891946174999402        6.5721600963740703E-002   1.5798247226713407     
  0.28750000000000020        22.697791893072218        43.809247837821893        4.7765054802889645E-002   2.3590407905256900        7.5075544715583337E-002   1.7594607120606847     
  0.29000000000000020        22.320088168220593        42.824903556068854        4.9512214694705167E-002   2.4303399268214454        8.5568832666001543E-002   1.9557651338650508     
  0.29250000000000020        21.925534774574707        41.821220569910984        5.1311440280878799E-002   2.5030656348791593        9.7313630013536406E-002   2.1698604033980753     
  0.29500000000000021        21.515173518787918        40.800654598689178        5.3163505794755594E-002   2.5771865963185858       0.11043371918210759        2.4029136053126141     
  0.29750000000000021        21.090082114115940        39.765665402145359        5.5069127101800203E-002   2.6526663428121009       0.12505447116827889        2.6559886672707553     
  0.30000000000000021        20.651370275374944        38.718708330394008        5.7028955562776436E-002   2.7294630370248427       0.14132623611147638        2.9305500550035539     
  0.30250000000000021        20.200175614604841        37.662225746908653        5.9043571681112558E-002   2.8075292589256904       0.15939979412675334        3.2278841551256403     
  0.30500000000000022        19.737659355057012        36.598638375142087        6.1113478546670874E-002   2.8868117989159456       0.17943082823695952        3.5491378289248741     
  0.30750000000000022        19.265001883364555        35.530336623399648        6.3239095090279723E-002   2.9672514593139736       0.20157647630707551        3.8955143469478219     
  0.31000000000000022        18.783398161910942        34.459671945881652        6.5420749165613246E-002   3.0487828658245539       0.22606309951674927        4.2686840427160151     
  0.31250000000000022        18.294053025456005        33.388948300354812        6.7658670477312804E-002   3.1313342907108606       0.25299423775933338        4.6698134982682422     
  0.31500000000000022        17.798176387980323        32.320413764680005        6.9952983376622063E-002   3.2148274894738598       0.28263282476088014        5.1000369449639402     
  0.31750000000000023        17.296978387434997        31.256252375381145        7.2303699548244449E-002   3.2991775529275515       0.31516551028415601        5.5608861369455447     
  0.32000000000000023        16.791664497609474        30.198576251581216        7.4710710614613526E-002   3.3842927766382687       0.35083136951558713        6.0540337048985027     
  0.32250000000000023        16.283430637623880        29.149418066943486        7.7173780686275159E-002   3.4700745497706009       0.38985576338061939        6.5807999035461719     
  0.32500000000000023        15.773458310589518        28.110723930749376        7.9692538889608810E-002   3.5564172654510076       0.43240365006388037        7.1412224075937267     
  0.32750000000000024        15.262909803737791        27.084346736925959        8.2266471905631300E-002   3.6432082548209053       0.47878810778436337        7.7376662339932221     
  0.33000000000000024        14.752923482771060        26.072040036735178        8.4894916556127825E-002   3.7303277470033982       0.52923464440676027        8.3712087676418978     
  0.33250000000000024        14.244609213323075        25.075452486981401        8.7577052475806064E-002   3.8176488572498557       0.58399626841789309        9.0428293897801098     
  0.33500000000000024        13.739043942212243        24.096122921026961        9.0311894911562621E-002   3.9050376055634044       0.64334994452921324        9.7539437377137101     
  0.33750000000000024        13.237267470623197        23.135476084681589        9.3098287692255574E-002   3.9923529681141403       0.70757354943583595        10.504977098880380     
  0.34000000000000025        12.740278450446862        22.194819073204215        9.5934896414572715E-002   4.0794469637640960       0.77687288924806497        11.297602605421178     
  0.34250000000000025        12.249030633751223        21.275338499302350        9.8820201892654877E-002   4.1661647780073121       0.85155446308828331        12.131671019779349     
  0.34500000000000025        11.764429403740333        20.378098415201730       0.10175249392104131        4.2523449265995232       0.93194025845289130        13.008727468178694     
  0.34750000000000025        11.287328613600346        19.504039004680500       0.10472986540224492        4.3378194611019891        1.0182970917087641        13.929529694066833     
  0.35000000000000026        10.818527757337094        18.653976053499370       0.10775020689179508        4.4224142184924675        1.1108851250911165        14.894304556457458     
  0.35250000000000026        10.358769494099363        17.828601199012745       0.11081120161490332        4.5059491169019950        1.2099576475081997        15.902581041023458     
  0.35500000000000026        9.9087375445783348        17.028482952012293       0.11391032100997169        4.5882384994168683        1.3157892210760200        16.955619402444885     
  0.35750000000000026        9.4690549749027824        16.254068476136773       0.11704482085496966        4.6690915277395888        1.4287741710664694        18.054004361553996     
  0.36000000000000026        9.0402828800454422        15.505686102581802       0.12021173803322471        4.7483126273285752        1.5490103266990174        19.196066008395960     
  0.36250000000000027        8.6229194751544611        14.783548550467103       0.12340788799538623        4.8257019854327625        1.6768681446827880        20.382754112751496     
  0.36500000000000027        8.2173995994656739        14.087756816164468       0.12662986297422266        4.9010561032020172        1.8126276201161440        21.613503088079003     
  0.36750000000000027        7.8240946335823667        13.418304688258909       0.12987403100847297        4.9741684027864874        1.9564386960107927        22.887339697984292     
  0.37000000000000027        7.4433128269748590        12.775083838699762       0.13313653583119556        5.0448298900359880        2.1086290978796849        24.203905516955391     
  0.37250000000000028        7.0753000286044623        12.157889435186446       0.13641329767691332        5.1128298730734150        2.2695015561675516        25.563477636684834     
  0.37500000000000028        6.7202408096652437        11.566426215003576       0.13970001506035801        5.1779567366432220        2.4391656689266066        26.963302001732810     
  0.37750000000000028        6.3782599636166193        11.000314956443699       0.14299216757773714        5.2399987717262650        2.6179043992762545        28.403030519346860     
  0.38000000000000028        6.0494243650008608        10.459099280689953       0.14628501977920408        5.2987450594660057        2.8058271357151336        29.879887512952660     
  0.38250000000000028        5.7337451650563711        9.9422527146258943       0.14957362615858952        5.3539864079678736        3.0032731948780107        31.394244740090009     
  0.38500000000000029        5.4311802988975826        9.4491859435272190       0.15285283730345683        5.4055163400143496        3.2104615642545338        32.944190768186026     
  0.38750000000000029        5.1416372760860067        8.9792541819925962       0.15611730724518202        5.4531321291837553        3.4273636165071286        34.525705614357896     
  0.39000000000000029        4.8649762238054546        8.5317645917936016       0.15936150204502672        5.4966358812724865        3.6543383533412817        36.139268792673995     
  0.39250000000000029        4.6010131496206004        8.1059836765589672       0.16257970964809085        5.5358356573005763        3.8915110209334229        37.782359187116271     
  0.39500000000000030        4.3495233889739167        7.7011445853322398       0.16576605103259526        5.5705466337314853        4.1389890270787895        39.451210303879840     
  0.39750000000000030        4.1102452011918897        7.3164542600162656       0.16891449267717601        5.6005922948626603        4.3969391607769497        41.144826611990084     
  0.40000000000000030        3.8828834768491327        6.9511003654922119       0.17201886036377279        5.6258056516472434        4.6656396523864334        42.860795604389821     
  0.40250000000000030        3.6671135188929740        6.6042579457070802       0.17507285432828529        5.6460304804948347        4.9448034931237466        44.593071871395551     
  0.40500000000000030        3.4625848599697719        6.2750957541869941       0.17807006576545772        5.6611225748755460        5.2352036520272467        46.344906170149159     
  0.40750000000000031        3.2689250789159736        5.9627822131631554       0.18100399468844988        5.6709510018237275        5.5363128239854049        48.107782384382674     
  0.41000000000000031        3.0857435803742228        5.6664909616968977       0.18386806913727802        5.6753993547131083        5.8483644495844613        49.879710857474372     
  0.41250000000000031        2.9126353029503598        5.3854059597529496       0.18665566572376241        5.6743669929617608        6.1720965707507984        51.662588822716671     
  0.41500000000000031        2.7491843232167215        5.1187261219863194       0.18936013149382502        5.6677702586332890        6.5071856491469893        53.450268652460139     
  0.41750000000000032        2.5949673251585623        4.8656694619622938       0.19197480708093692        5.6555436592395569        6.8538681650712778        55.239972904746629     
  0.42000000000000032        2.4495569073144643        4.6254767345065773       0.19449305111723592        5.6376410054319672        7.2113062310733520        57.020720468058187     
  0.42250000000000032        2.3125247028328393        4.3974145707687260       0.19690826586132507        5.6140364917046259        7.5807848687710306        58.799060751581926     
  0.42500000000000032        2.1834442909036285        4.1807781072661365       0.19921392399402610        5.5847257077367596        7.9622957959147138        60.571774144005303     
  0.42750000000000032        2.0618938814714216        3.9748931165524732       0.20140359652539788        5.5497265675875171        8.3558742465682272        62.333115936636304     
  0.43000000000000033        1.9474587587340433        3.7791176531270567       0.20347098174814521        5.5090801436380552        8.7613271587592791        64.078375906910082     
  0.43250000000000033        1.8397334726173051        3.5928432336821507       0.20540993516412739        5.4628513919688535        9.1791973980708406        65.806536560998225     
  0.43500000000000033        1.7383237711292954        3.4154955756976881       0.20721450030203270        5.4111297557799922        9.6097850576643395        67.516315210089573     
  0.43750000000000033        1.6428482701735263        3.2465349226752975       0.20887894033540480        5.3540296335243287        10.052933455730756        69.201717759109656     
  0.44000000000000034        1.5529398609782656        3.0854559879060459       0.21039777040108282        5.2916906986440075        10.509015780856430        70.860936306785803     
  0.44250000000000034        1.4682468587208315        2.9317875515560061       0.21176579050874636        5.2242780581947237        10.978439519095321        72.491109159936514     
  0.44500000000000034        1.3884338991365759        2.7850917480125137       0.21297811892262539        5.1519822382249227        11.461653231554500        74.089250464461756     
  0.44750000000000034        1.3131825928527971        2.6449630818582621       0.21403022588654058        5.0750189845620852        11.957440867354677        75.653185607129643     
  0.45000000000000034        1.2421919498357517        2.5110272115438255       0.21491796755327749        4.9936288686587122        12.468240743463708        77.181445006271801     
  0.45250000000000035        1.1751785886477644        2.3829395398378521       0.21563761996885966        4.9080766893769256        12.993372051564027        78.670072089071269     
  0.45500000000000035        1.1118767471537252        2.2603836494894054       0.21618591295157599        4.8186506630518942        13.533314622211103        80.116562355921914     
  0.45750000000000035        1.0520381128720115        2.1430696212904783       0.21656006369464059        4.7256613958765472        14.088748090450107        81.519917001937316     
  0.46000000000000035       0.99543149232364969        2.0307322699424302       0.21675780991012791        4.6294406345958556        14.660180966769310        82.879923310946864     
  0.46250000000000036       0.94184233949285479        1.9231293308787298       0.21677744232035287        4.5303397936878405        15.248243121032878        84.192960446033752     
  0.46500000000000036       0.89107216387869137        1.8200396285562659       0.21661783629118039        4.4287282596347524        15.852799950267977        85.455339784033228     
  0.46750000000000036       0.84293783860651328        1.7212612537806116       0.21627848238989311        4.3249914755417036        16.476062493581125        86.672382348600991     
  0.47000000000000036       0.79727082870102373        1.6266097744607277       0.21575951563826642        4.2195288122255930        17.117394497204735        87.835447361338012     
  0.47250000000000036       0.75391635893038844        1.5359165008797933       0.21506174321947227        4.1127512349531177        17.777641630009303        88.945743725929006     
  0.47500000000000037       0.71273253964749572        1.4490268232018404       0.21418667038542791        4.0050787782247141        18.458233254654846        90.002331446164035     
  0.47750000000000037       0.67358946782084894        1.3657986355859224       0.21313652429934246        3.8969378443467306        19.159717064818686        91.005090204750417     
  0.48000000000000037       0.63636831900711455        1.2861008580206736       0.21191427553660513        3.7887583449648101        19.883721687587038        91.953823778937775     
  0.48250000000000037       0.60096044441637575        1.2098120638855419       0.21052365695596473        3.6809707081977532        20.632201345476105        92.853604718816570     
  0.48500000000000038       0.56726648550643977        1.1368192183440502       0.20896917964234307        3.5740027774565184        21.403716681428616        93.689893946093861     
  0.48750000000000038       0.53519551676096311        1.0670165300234045       0.20725614561281946        3.4682766313926696        22.200323925998401        94.468589169927782     
  0.49000000000000038       0.50466422550286516        1.0003044160672356       0.20539065696855668        3.3642053576239288        23.023667296061497        95.190828693222372     
  0.49250000000000038       0.47559613581158455       0.93658857858688094       0.20337962116799577        3.2621898158537452        23.890738124486234        95.907705169056172     
  0.49500000000000038       0.44792088188917395       0.87577918879490091       0.20123075209084185        3.1626154286538868        24.761173628841473        96.479195787286685     
  0.49750000000000039       0.42157353458950986       0.81779017368449891       0.19895256655855936        3.0658490404271506        25.676719812389752        97.039028174935368     
  0.50000000000000033       0.39649398331609359       0.76253859901487631       0.19655437597569894        2.9722358868210743        26.625390116897709        97.539762280016035     
  0.50250000000000028       0.37262637412945604       0.70994414156055385       0.19404627275784450        2.8820967180324804        27.611046409639808        97.989823317034080     
  0.50500000000000023       0.34991860370221495       0.65992864306188037       0.19143911121680396        2.7957251199375546        28.634204299851152        98.381920958674613     
  0.50750000000000017       0.32832186772881905       0.61241573804774618       0.18874448258242926        2.7133850767176404        29.700272984155159        98.731688108075801     
  0.51000000000000012       0.30779026154306688       0.56733054765970670       0.18597468385375304        2.6353088175491504        30.808774987310102        99.024787208848565     
  0.51250000000000007       0.28828043001870557       0.52459943175652946       0.18314268019064422        2.5616949879193820        31.964431425770776        99.268436190809012     
  0.51500000000000001       0.26975126332125571       0.48414979188524687       0.18026206058162988        2.4927071831650438        33.169940125196021        99.463268600576782     
  0.51749999999999996       0.25216363473270975       0.44590991813564845       0.17734698655470818        2.4284728778717191        34.426765533835557        99.606328095290010     
  0.51999999999999991       0.23548017657119119       0.40980887341658062       0.17441213373669368        2.3690827798062624        35.743823247273255        99.711740356284011     
  0.52249999999999985       0.21966509015901306       0.37577640927439404       0.17147262611381700        2.3145906310929374        37.112213868099687        99.745107563227705     
  0.52499999999999980       0.20468398583645803       0.34374290798858176       0.16854396290285631        2.2650134724291533        38.556538978500406        99.762252128001222     
  0.52749999999999975       0.19050374915605306       0.31363934630328816       0.16564193800900312        2.2203323783428259        40.069275439840439        99.731397424964939     
  0.52999999999999969       0.17709242960366547       0.28539727676573567       0.16278255212497181        2.1804936629305312        41.653501535109733        99.652778498092943     
  0.53249999999999964       0.16441914845957320       0.25894882322765411       0.15998191761658814        2.1454105463314939        43.320253192365549        99.536074221908237     
  0.53499999999999959       0.15245402271702102       0.23422668761127424       0.15725615644428836        2.1149652625727069        45.074424937725119        99.381542835605956     
  0.53749999999999953       0.14116810230156646       0.21116416553900663       0.15462129148866591        2.0890115795884996        46.923635432045501        99.190716230680678     
  0.53999999999999948       0.13053331816759800       0.18969516887038251       0.15209313178243286        2.0673776924323350        48.871006885156177        98.955965654306553     
  0.54249999999999943       0.12052243917694776       0.16975425357924417       0.14968715230186422        2.0498694412489478        50.936230934335455        98.705779116985568     
  0.54499999999999937       0.11110903597888834       0.15127665173876356       0.14741836913882908        2.0362737967753382        53.117556205043421        98.414056239373153     
  0.54749999999999932       0.10226745040386818       0.13419830666405461       0.14530121106057220        2.0263625483193750        55.429904856280146        98.092767169988718     
  0.54999999999999927        9.3972769150026766E-002  0.11845591049558653       0.14334938866899033        2.0198961226594858        57.883319849318333        97.742062164197861     
  0.55249999999999921        8.6200800778865813E-002  0.10398694369609623       0.14157576259440746        2.0166274574438092        60.490081140613697        97.361319857871194     
  0.55499999999999916        7.8928055243242326E-002   9.0729716084403653E-002  0.13999221240048920        2.0163058497438153        63.265781868038047        96.955302369216540     
  0.55749999999999911        7.2131725347227268E-002   7.8623409146842071E-002  0.13860950813601791        2.0186806996959303        66.228000971767145        96.527801871241536     
  0.55999999999999905        6.5789669684827995E-002   6.7608119456251767E-002  0.13743718674386271        2.0235050708456344        69.386042084229260        96.064436309552690     
  0.56249999999999900        5.9880396725230170E-002   5.7624903094480193E-002  0.13648343582442043        2.0305389930144764        72.775797675139501        95.598230702609158     
  0.56499999999999895        5.4383049808894288E-002   4.8615821021558023E-002  0.13575498754493012        2.0395524402688747        76.403110719903253        95.097480008344874     
  0.56749999999999889        4.9277392894562073E-002   4.0523985366942565E-002  0.13525702577957999        2.0503279257972582        80.302756739123140        94.579863529989353     
  0.56999999999999884        4.4543796955175713E-002   3.3293606638713245E-002  0.13499310984668531        2.0626626669943056        84.500934849742720        94.041467968682369     
  0.57249999999999879        4.0163226963845437E-002   2.6870041857878765E-002  0.13496511846176343        2.0763702874750152        89.029425098567742        93.484927459068260     
  0.57499999999999873        3.6117229442214939E-002   2.1199843629096209E-002  0.13517321772555199        2.0912820376376176        93.928428989714959        92.911844164630836     
  0.57749999999999868        3.2387920565332830E-002   1.6230810157588042E-002  0.13561585708149529        2.1072475311859633        99.239316630953113        92.320871612713802     
  0.57999999999999863        2.8957974831609484E-002   1.1912036215914091E-002  0.13628979716445644        2.1241350110330992        104.99663209925262        91.698157027145257     
  0.58249999999999857        2.5810614315469643E-002   8.1939650542283120E-003  0.13719017326486804        2.1418311734925850        111.30207595998048        91.083631354295363     
  0.58499999999999852        2.2929598525321386E-002   5.0284412340595268E-003  0.13831059767973167        2.1602405938453391        118.18289697169655        90.441838841718877     
  0.58749999999999847        2.0299214891641503E-002   2.3687643486321724E-003  0.13964330343060960        2.1792848084854888        125.78856907500510        89.826574104313636     
  0.58999999999999841        1.7904269910203316E-002   1.6974357217644178E-004  0.14117933060825152        2.1989011182052258        134.02348548659387        89.092668492837035     
  0.59249999999999836        1.5730080964402975E-002  -1.6122470436767563E-003  0.14290875486667171        2.2190411832058641        143.20124681297958        88.391291232259562     
  0.59499999999999831        1.3762468848790321E-002  -3.0192126368954065E-003  0.14482095527245048        2.2396694827261299        153.37385587076099        87.661758831221064     
  0.59749999999999825        1.1987751013636319E-002  -4.0914811092202198E-003  0.14690491580634643        2.2607617105848816        164.70682485325653        86.897704242118252     
  0.59999999999999820        1.0392735548006500E-002  -4.8676463899586650E-003  0.14914955139291167        2.2823031725183611        177.39158116780143        86.097045183475373     
  0.60249999999999815        8.9647159166489354E-003  -5.3845116165799466E-003  0.15154404560998469        2.3042872422810992        191.67417349312203        85.248747873584108     
  0.60499999999999809        7.6914664644410500E-003  -5.6770325108406183E-003  0.15407818357723793        2.3267139216385848        207.83915977256180        84.338047461430534     
  0.60749999999999804        6.5612387017179976E-003  -5.7782612882572902E-003  0.15674266048132660        2.3495885353545840        226.25229575479324        83.340692669049815     
  0.60999999999999799        5.5627583854707162E-003  -5.7192915059206808E-003  0.15952934442114966        2.3729205769083870        247.33741149641659        82.220683456554482     
  0.61249999999999793        4.6852234167628097E-003  -5.5292043290355751E-003  0.16243147240024511        2.3967227047887212        271.69548806341123        80.946246945109962     
  0.61499999999999788        3.9183025867376422E-003  -5.2350167793382123E-003  0.16544376079792800        2.4210098734570091        299.92726943534501        79.428207553988813     
  0.61749999999999783        3.2521352277984023E-003  -4.8616326157986008E-003  0.16856241650771187        2.4457985677760163        332.80551235713659        77.566382280199008     
  0.61999999999999778        2.6773318736937456E-003  -4.4317965826266353E-003  0.17178504145748927        2.4711060946634333        371.16709045949062        75.211210187521871     
  0.62249999999999772        2.1849761240334098E-003  -3.9660528254339480E-003  0.17511042996098586        2.4969498700221715        415.54911443151934        72.111729934849606     
  0.62499999999999767        1.7666280911201957E-003  -3.4827082877782324E-003  0.17853826315601865        2.5233466206882245        465.85216041832484        67.930118872319994     
  0.62749999999999762        1.4143301827235081E-003  -2.9978017772206221E-003  0.18206870514868692        2.5503113969085427        519.65727984526961        62.157887670488748     
  0.62999999999999756        1.1206167895262411E-003  -2.5250789459737430E-003  0.18570189889995600        2.5778562553939106        568.83103093226168        54.156626196952125     
  0.63249999999999751        8.7853133885153895E-004  -2.0759722048797921E-003  0.18943734408289978        2.6059884178430774        591.52420016767167        43.327476272764549     
  0.63499999999999746        6.8165897857259050E-004  -1.6595813420957021E-003  0.19327311176723494        2.6347076213751373        545.11152329616868        29.873286268066170     
  0.63749999999999740        5.2419683727328011E-004  -1.2826416397831684E-003  0.19720480833852536        2.6640022328125337        393.20302029277047        16.043133407278209     
  0.63999999999999735        4.0112941471622709E-004  -9.4943870685125931E-004  0.20122413652733470        2.6938434588889133        190.93972741102269        5.7932165829533053     
  0.64249999999999730        3.0876716050007666E-004  -6.6152819795349874E-004  0.20531680017225298        2.7241765784845020        45.756293447908831       0.86723785940037179     
  0.64499999999999724        2.4705089753105486E-004  -4.1662143591542327E-004  0.20945933159135560        2.7549074188623566        1.0880152942479803E-002   6.2040687316022614E-005
  0.64749999999999719        2.4006861820714037E-004  -2.0152493915238812E-004  0.21361412644885550        2.7858810392383413        3.3182550049098298E-045   2.5643321030098329E-048
