   0.0000000000000000        0.0000000000000000        0.0000000000000000        0.0000000000000000        0.0000000000000000        0.0000000000000000        0.0000000000000000     
   1.0000000000000000E-003   0.0000000000000000        0.0000000000000000        0.0000000000000000        0.0000000000000000        0.0000000000000000        0.0000000000000000     
   2.0000000000000000E-003   0.0000000000000000        0.0000000000000000        0.0000000000000000        0.0000000000000000        0.0000000000000000        0.0000000000000000     
   3.0000000000000001E-003   0.0000000000000000        0.0000000000000000        0.0000000000000000        0.0000000000000000        0.0000000000000000        0.0000000000000000     
   4.0000000000000001E-003   0.0000000000000000        0.0000000000000000        0.0000000000000000        0.0000000000000000        0.0000000000000000        0.0000000000000000     
   5.0000000000000001E-003   0.0000000000000000        0.0000000000000000        0.0000000000000000        0.0000000000000000        0.0000000000000000        0.0000000000000000     
   6.0000000000000001E-003   0.0000000000000000        0.0000000000000000        0.0000000000000000        0.0000000000000000        0.0000000000000000        0.0000000000000000     
   7.0000000000000001E-003   0.0000000000000000        0.0000000000000000        0.0000000000000000        0.0000000000000000        0.0000000000000000        0.0000000000000000     
   8.0000000000000002E-003   0.0000000000000000        0.0000000000000000        0.0000000000000000        0.0000000000000000        0.0000000000000000        0.0000000000000000     
   9.0000000000000011E-003   0.0000000000000000        0.0000000000000000        0.0000000000000000        0.0000000000000000        0.0000000000000000        0.0000000000000000     
   1.0000000000000002E-002  0.19291823152823845       0.26126344530875922        0.0000000000000000        0.0000000000000000        0.0000000000000000        0.0000000000000000     
   1.1000000000000003E-002   1.5560627517947390        2.1078383855954748        0.0000000000000000        0.0000000000000000        0.0000000000000000        0.0000000000000000     
   1.2000000000000004E-002   3.3800287946369747        3.9549459650014200        0.0000000000000000        0.0000000000000000        0.0000000000000000        0.0000000000000000     
   1.3000000000000005E-002   5.6416417896868687        5.8010538394075351        0.0000000000000000        0.0000000000000000        0.0000000000000000        0.0000000000000000     
   1.4000000000000005E-002   7.8994657253699385        7.6446300822248245        0.0000000000000000        0.0000000000000000        0.0000000000000000        0.0000000000000000     
   1.5000000000000006E-002   10.151029759836623        9.4841433008100573        0.0000000000000000        0.0000000000000000        0.0000000000000000        0.0000000000000000     
   1.6000000000000007E-002   12.393893312285364        11.318062866201970        0.0000000000000000        0.0000000000000000        0.0000000000000000        0.0000000000000000     
   1.7000000000000008E-002   14.625653966499312        13.144859295106761        0.0000000000000000        0.0000000000000000        0.0000000000000000        0.0000000000000000     
   1.8000000000000009E-002   16.843955061098203        14.963004819413076        0.0000000000000000        0.0000000000000000        0.0000000000000000        0.0000000000000000     
   1.9000000000000010E-002   19.046492912468004        16.770974174122845        0.0000000000000000        0.0000000000000000        0.0000000000000000        0.0000000000000000     
   2.0000000000000011E-002   21.231023620532881        18.567245629544480        0.0000000000000000        0.0000000000000000        0.0000000000000000        0.0000000000000000     
   2.1000000000000012E-002   23.395369412273723        20.350302288022192        0.0000000000000000        0.0000000000000000        0.0000000000000000        0.0000000000000000     
   2.2000000000000013E-002   25.537424483106733        22.118633659486523        0.0000000000000000        0.0000000000000000        0.0000000000000000        0.0000000000000000     
   2.3000000000000013E-002   27.655160301853641        23.870737523838482        0.0000000000000000        0.0000000000000000        0.0000000000000000        0.0000000000000000     
   2.4000000000000014E-002   29.746630350979650        25.605122081754931        0.0000000000000000        0.0000000000000000        0.0000000000000000        0.0000000000000000     
   2.5000000000000015E-002   31.809974279975840        27.320308389062014        0.0000000000000000        0.0000000000000000        0.0000000000000000        0.0000000000000000     
   2.6000000000000016E-002   33.843421456132361        29.014833063498987        0.0000000000000000        0.0000000000000000        0.0000000000000000        0.0000000000000000     
   2.7000000000000017E-002   35.845293903404553        30.687251246619223        0.0000000000000000        0.0000000000000000        0.0000000000000000        0.0000000000000000     
   2.8000000000000018E-002   37.814008626534346        32.336139797868611        0.0000000000000000        0.0000000000000000        0.0000000000000000        0.0000000000000000     
   2.9000000000000019E-002   39.748079323962585        33.960100692657633        0.0000000000000000        0.0000000000000000        0.0000000000000000        0.0000000000000000     
   3.0000000000000020E-002   41.646117499277558        35.557764591603032        0.0000000000000000        0.0000000000000000        0.0000000000000000        0.0000000000000000     
   3.1000000000000021E-002   43.506832986903099        37.127794544144244        3.3486912281431656E-005   0.0000000000000000        0.0000000000000000        0.0000000000000000     
   3.2000000000000021E-002   45.329033913366622        38.668889786505524        6.8490688097328970E-005   0.0000000000000000        0.0000000000000000        0.0000000000000000     
   3.3000000000000022E-002   47.111626120719350        40.179789591533208        1.0372060809562239E-004   0.0000000000000000        0.0000000000000000        0.0000000000000000     
   3.4000000000000023E-002   48.853612083458003        41.659277126316624        1.3918409873278880E-004   0.0000000000000000        0.0000000000000000        0.0000000000000000     
   3.5000000000000024E-002   50.554089354540636        43.106183272720415        1.7488793816551653E-004   0.0000000000000000        0.0000000000000000        0.0000000000000000     
   3.6000000000000025E-002   52.212248579767596        44.519390366004082        2.1083824375957159E-004   0.0000000000000000        0.0000000000000000        0.0000000000000000     
   3.7000000000000026E-002   53.845912144821959        45.925975129600793        2.4704045999597406E-004   0.0000000000000000        0.0000000000000000        0.0000000000000000     
   3.8000000000000027E-002   56.167434691454318        47.905152349693289        2.8349934678343518E-004   0.0000000000000000        0.0000000000000000        0.0000000000000000     
   3.9000000000000028E-002   58.467871034651132        49.846714893040506        3.2021896818637649E-004   0.0000000000000000        0.0000000000000000        0.0000000000000000     
   4.0000000000000029E-002   60.722374779310314        51.748874765997648        3.5720268157822343E-004   0.0000000000000000        0.0000000000000000        0.0000000000000000     
   4.1000000000000029E-002   62.929508869413823        53.609923393286749        3.9445312723001782E-004   0.0000000000000000        0.0000000000000000        0.0000000000000000     
   4.2000000000000030E-002   65.087927984735259        55.428238740315784        4.3197221834478738E-004   0.0000000000000000        0.0000000000000000        0.0000000000000000     
   4.3000000000000031E-002   67.196380217492532        57.202291950665561        4.6976113154843888E-004   0.0000000000000000        0.0000000000000000        0.0000000000000000     
   4.4000000000000032E-002   69.253708469636948        58.930653427593327        5.0782029784832735E-004   0.0000000000000000        0.0000000000000000        0.0000000000000000     
   4.5000000000000033E-002   71.258851554539035        60.611998294360767        5.4614939407102159E-004   9.5663804394031087E-003   0.0000000000000000        0.0000000000000000     
   4.6000000000000034E-002   73.210844986055889        62.245111175059606        5.8474733479108184E-004   2.4712911460400857E-002   0.0000000000000000        0.0000000000000000     
   4.7000000000000035E-002   75.108821437832944        63.828890245387981        6.2361226476309356E-004   3.9896110171126709E-002   0.0000000000000000        0.0000000000000000     
   4.8000000000000036E-002   76.952010856383041        65.362350511518528        6.6274155186947872E-004   5.5116860606667137E-002   0.0000000000000000        0.0000000000000000     
   4.9000000000000037E-002   78.739740213116193        66.844626284743839        7.0213178059695778E-004   7.0376060105598798E-002   0.0000000000000000        0.0000000000000000     
   5.0000000000000037E-002   80.471432883144061        68.274972829897251        7.4177874605488010E-004   8.5674619258815282E-002   0.0000000000000000        0.0000000000000000     
   5.1000000000000038E-002   82.146607642347604        69.652767176485611        7.8167744854891919E-004  0.10101346185841571        0.0000000000000000        0.0000000000000000     
   5.2000000000000039E-002   83.764877278809820        70.977508092848510        8.2182208872397700E-004  0.11639352484454871        0.0000000000000000        0.0000000000000000     
   5.3000000000000040E-002   85.325946820142150        72.248815235247037        8.6220606329039161E-004  0.13181575825271144        0.0000000000000000        0.0000000000000000     
   5.4000000000000041E-002   86.829611384267722        73.466427495310938        9.0282196134787798E-004  0.14728112515898995        0.0000000000000000        0.0000000000000000     
   5.5000000000000042E-002   88.275753667631307        74.630200580454726        9.4366156132184289E-004  0.16279060162512771        0.0000000000000000        0.0000000000000000     
   5.6000000000000043E-002   89.664341091295086        75.740103872406436        9.8471582852701473E-004  0.17834517664216099        0.0000000000000000        0.0000000000000000     
   5.7000000000000044E-002   90.995422631667140        76.796216618589781        1.0259749133735791E-003  0.19394585207311477        0.0000000000000000        0.0000000000000000     
   5.8000000000000045E-002   92.269125368406790        77.798723519495411        1.0674281502311572E-003  0.20959364259481850        0.0000000000000000        0.0000000000000000     
   5.9000000000000045E-002   93.485650787095821        78.747909782141861        1.1090640569663087E-003  0.22528957563786672        0.0000000000000000        0.0000000000000000     
   6.0000000000000046E-002   94.645270878342274        79.644155715086427        1.1508703351692927E-003  0.24103469132637548        0.0000000000000000        0.0000000000000000     
   6.1000000000000047E-002   95.748324077919733        80.487930944086443        1.1928338710860663E-003  0.25683004241530633        0.0000000000000000        0.0000000000000000     
   6.2000000000000048E-002   96.795211094246866        81.279788329381546        1.2349407372717084E-003  0.27267669422717955        0.0000000000000000        0.0000000000000000     
   6.3000000000000042E-002   97.786390669925396        82.020357665684486        1.2771761949814204E-003  0.28857572458705100        0.0000000000000000        0.0000000000000000     
   6.4000000000000043E-002   98.722375323223801        82.710339244415579        1.3195246973155715E-003  0.30452822375608757        0.0000000000000000        0.0000000000000000     
   6.5000000000000044E-002   99.603727113385503        83.350497354624935        1.3619698931351921E-003  0.32053529436333378        0.0000000000000000        0.0000000000000000     
   6.6000000000000045E-002   100.43105347059965        83.941653794604662        1.4044946317644717E-003  0.33659805133590270        0.0000000000000000        0.0000000000000000     
   6.7000000000000046E-002   101.20500312756610        84.484681460618333        1.4470809684967965E-003  0.35271762182729943        0.0000000000000000        0.0000000000000000     
   6.8000000000000047E-002   101.92626218501836        84.980498072705714        1.4897101709209735E-003  0.36889514514430155        0.0000000000000000        0.0000000000000000     
   6.9000000000000047E-002   102.59555033853648        85.430060090408702        1.5323627260841472E-003  0.38513177267106369        0.0000000000000000        0.0000000000000000     
   7.0000000000000048E-002   103.21361728871710        85.834356863760078        1.5750183485080521E-003  0.40142866779168257        0.0000000000000000        0.0000000000000000     
   7.1000000000000049E-002   103.78123935144683        86.194405057209750        1.6176559890749458E-003  0.41778700581068162        0.0000000000000000        0.0000000000000000     
   7.2000000000000050E-002   104.29921627984793        86.511243376560927        1.6602538447997737E-003  0.43420797387104509        0.0000000000000000        0.0000000000000000     
   7.3000000000000051E-002   104.76836830457179        86.785927621618981        1.7027893695046863E-003  0.45069277086948512        0.0000000000000000        0.0000000000000000     
   7.4000000000000052E-002   105.18953339463678        87.019526080299826        1.7452392854121655E-003  0.46724260736983941        0.0000000000000000        0.0000000000000000     
   7.5000000000000053E-002   105.56356473702947        87.213115273501714        1.7875795956725602E-003  0.48385870551350796        0.0000000000000000        0.0000000000000000     
   7.6000000000000054E-002   105.89132842987414        87.367776054219433        1.8297855978418711E-003  0.50054229892700675        0.0000000000000000        0.0000000000000000     
   7.7000000000000055E-002   106.17370138114907        87.484590059227259        1.8718318983251838E-003  0.51729463262665187        0.0000000000000000        0.0000000000000000     
   7.8000000000000055E-002   106.41156940269877        87.564636507199666        1.9136924278009711E-003  0.53411696292084643        0.0000000000000000        0.0000000000000000     
   7.9000000000000056E-002   106.60582548762488        87.608989333387655        1.9553404576411527E-003  0.55101055730791026        0.0000000000000000        0.0000000000000000     
   8.0000000000000057E-002   106.75736825801755        87.618714647902948        1.9967486173413877E-003  0.56797669437179821        0.0000000000000000        0.0000000000000000     
   8.1000000000000058E-002   106.86710056933538        87.594868502244438        2.0378889129758571E-003  0.58501666367395455        0.0000000000000000        0.0000000000000000     
   8.2000000000000059E-002   106.93592825751820        87.538494946888292        2.0787327466900572E-003  0.60213176564097837        0.0000000000000000        0.0000000000000000     
   8.3000000000000060E-002   106.96475901504552        87.450624361496637        2.1192509372450845E-003  0.61932331144953212        0.0000000000000000        0.0000000000000000     
   8.4000000000000061E-002   106.95450138256767        87.332272038515811        2.1594137416260134E-003  0.63659262290616392        0.0000000000000000        0.0000000000000000     
   8.5000000000000062E-002   106.90606384338197        87.184437000577532        2.1991908777266216E-003  0.65394103232399270        0.0000000000000000        0.0000000000000000     
   8.6000000000000063E-002   106.82035400882918        87.008101032110446        2.2385515481221636E-003  0.67136988239447593        0.0000000000000000        0.0000000000000000     
   8.7000000000000063E-002   106.69827788360541        86.804227905867293        2.2774644649411467E-003  0.68888052605472350        0.0000000000000000        0.0000000000000000     
   8.8000000000000064E-002   106.54073920096467        86.573762785606220        2.3158978758465302E-003  0.70647432635043828        0.0000000000000000        0.0000000000000000     
   8.9000000000000065E-002   106.34863881879168        86.317631786889535        2.3538195911360022E-003  0.72415265629375714        0.0000000000000000        0.0000000000000000     
   9.0000000000000066E-002   106.12287416852055        86.036741678827312        2.3911970119702944E-003  0.74191689871589406        0.0000000000000000        0.0000000000000000     
   9.1000000000000067E-002   105.86433874983663        85.731979710557496        2.4279971597376921E-003  0.75976844611440286        0.0000000000000000        0.0000000000000000     
   9.2000000000000068E-002   105.57392166500712        85.404213547287256        2.4641867065619766E-003  0.77770870049585461        0.0000000000000000        0.0000000000000000     
   9.3000000000000069E-002   105.25250718752849        85.054291301780481        2.4997320069605261E-003  0.79573907321139270        0.0000000000000000        0.0000000000000000     
   9.4000000000000070E-002   104.90097436054734        84.683041648257770        2.5345991306578363E-003  0.81386098478724078        0.0000000000000000        0.0000000000000000     
   9.5000000000000070E-002   104.52019662119960        84.291274006736813        2.5687538965593246E-003  0.83207586474897921        0.0000000000000000        0.0000000000000000     
   9.6000000000000071E-002   104.11104144762805        83.879778786885254        2.6021619078889138E-003  0.85038515143910631        0.0000000000000000        0.0000000000000000     
   9.7000000000000072E-002   103.67437002596928        83.449327681460801        2.6347885884930563E-003  0.86879029182800460        0.0000000000000000        0.0000000000000000     
   9.8000000000000073E-002   103.21103693506670        83.000674000373223        2.6665992203127147E-003  0.88729274131809055        0.0000000000000000        0.0000000000000000     
   9.9000000000000074E-002   102.72188984706162        82.534553037308754        2.6975589820236860E-003  0.90589396354105989        0.0000000000000000        0.0000000000000000     
  0.10000000000000007        102.20776924234700        82.051682461709078        2.7276329888444913E-003  0.92459543014696366        0.0000000000000000        0.0000000000000000     
  0.10100000000000008        101.66950813765125        81.552762729691565        2.7567863335099716E-003  0.94339862058633228        0.0000000000000000        0.0000000000000000     
  0.10200000000000008        101.10793182624947        81.038477508233825        2.7849841284072088E-003  0.96230502188378508        0.0000000000000000        0.0000000000000000     
  0.10300000000000008        100.52385762949039        80.509494107624221        2.8121915488694507E-003  0.98131612840420190        0.0000000000000000        0.0000000000000000     
  0.10400000000000008        99.918094658982014        79.966463917804560        2.8383738776220683E-003   1.0004334416089993        0.0000000000000000        0.0000000000000000     
  0.10500000000000008        99.291443588901885        79.410022844801261        2.8634965503735073E-003   1.0196584698050297        0.0000000000000000        0.0000000000000000     
  0.10600000000000008        98.644696437998874        78.840791743962669        2.8875252025423849E-003   1.0389927278833322        0.0000000000000000        0.0000000000000000     
  0.10700000000000008        97.978636360927524        78.259376847188577        2.9104257171109035E-003   1.0584377370489886        0.0000000000000000        0.0000000000000000     
  0.10800000000000008        97.294037448620386        77.666370181771427        2.9321642735928434E-003   1.0779950245407026        0.0000000000000000        0.0000000000000000     
  0.10900000000000008        96.591664537446874        77.062349978849255        2.9527073981032020E-003   1.0976661233415965        0.0000000000000000        0.0000000000000000     
  0.11000000000000008        95.872273026945450        76.447881069820440        2.9720220145146000E-003   1.1174525718775004        0.0000000000000000        0.0000000000000000     
  0.11100000000000008        95.136608705940006        75.823515269383847        2.9900754966843525E-003   1.1373559137063776        0.0000000000000000        0.0000000000000000     
  0.11200000000000009        94.385407586873711        75.189791744143875        3.0068357217342780E-003   1.1573776971959118        0.0000000000000000        0.0000000000000000     
  0.11300000000000009        93.619395748205761        74.547237365973132        3.0222711243634778E-003   1.1775194751901825        0.0000000000000000        0.0000000000000000     
  0.11400000000000009        92.839289184729452        73.896367049546257        3.0363507521729508E-003   1.1977828046635384        0.0000000000000000        0.0000000000000000     
  0.11500000000000009        92.045793665676186        73.237684073655345        3.0490443219788588E-003   1.2181692463637233        0.0000000000000000        0.0000000000000000     
  0.11600000000000009        91.239604600476909        72.571680386094869        3.0603222770896523E-003   1.2386803644415878        0.0000000000000000        0.0000000000000000     
  0.11700000000000009        90.421406912056426        71.898836892055243        3.0701558455203050E-003   1.2593177260684012        0.0000000000000000        0.0000000000000000     
  0.11800000000000009        89.591874917540395        71.219623726102085        3.0785170991151972E-003   1.2800829010400618        0.0000000000000000        0.0000000000000000     
  0.11900000000000009        88.751672216256537        70.534500507934808        3.0853790135493006E-003   1.3009774613676026        0.0000000000000000        0.0000000000000000     
  0.12000000000000009        87.901451584916714        69.843916582223571        3.2535311810886584E-003   1.3220029808531122        0.0000000000000000        0.0000000000000000     
  0.12100000000000009        87.041854879867799        69.148311242909799        3.7658672615584897E-003   1.3431610346531768        0.0000000000000000        0.0000000000000000     
  0.12200000000000009        86.173512946302480        68.448113942434034        4.2820115928097497E-003   1.3644531988256272        0.0000000000000000        0.0000000000000000     
  0.12300000000000010        85.297045534325605        67.743744486417683        4.8018483981860016E-003   1.3858810498618175        0.0000000000000000        0.0000000000000000     
  0.12400000000000010        84.413061221774711        67.035613214380987        5.3252587404024965E-003   1.4074461642047860        0.0000000000000000        0.0000000000000000     
  0.12500000000000008        83.522157343696065        66.324121167122556        5.8521205915453524E-003   1.4291501177490376        0.0000000000000000        0.0000000000000000     
  0.12600000000000008        82.624919928383576        65.609660241422660        6.3823089078638403E-003   1.4509944853258290        0.0000000000000000        0.0000000000000000     
  0.12700000000000009        81.721923639891529        64.892613332760916        6.9156957096681657E-003   1.4729808401716902        0.0000000000000000        0.0000000000000000     
  0.12800000000000009        80.813731726935231        64.173354466757530        7.4521501657414330E-003   1.4951107533789698        0.0000000000000000        0.0000000000000000     
  0.12900000000000009        79.900895978100436        63.452248920065735        7.9915386829436663E-003   1.5173857933297386        0.0000000000000000        0.0000000000000000     
  0.13000000000000009        78.983956683285228        62.729653331447786        8.5337250002055793E-003   1.5398075251106014        0.0000000000000000        0.0000000000000000     
  0.13100000000000009        78.063442601304033        62.005915803773838        9.0785702874873683E-003   1.5623775099110526        0.0000000000000000        0.0000000000000000     
  0.13200000000000009        77.139870933585826        61.281375997677976        9.6259332492994263E-003   1.5850973044009973        0.0000000000000000        0.0000000000000000     
  0.13300000000000009        76.213747303905791        60.556365217604579        1.0175670232877475E-002   1.6079684600905781        0.0000000000000000        0.0000000000000000     
  0.13400000000000009        75.285565744090619        59.831206490964760        1.0727635340702391E-002   1.6309925226698452        0.0000000000000000        0.0000000000000000     
  0.13500000000000009        74.355808685643723        59.106214641112693        1.1281680547622139E-002   1.6541710313278148        0.0000000000000000        0.0000000000000000     
  0.13600000000000009        73.424946957238944        58.381696354835142        1.1837655822144470E-002   1.6775055180529339        0.0000000000000000        0.0000000000000000     
  0.13700000000000009        72.493439788034721        57.657950245028395        1.2395409252095100E-002   1.7009975069100969        0.0000000000000000        0.0000000000000000     
  0.13800000000000009        71.561734816762069        56.935266909218029        1.2954787174233101E-002   1.7246485132988181        0.0000000000000000        0.0000000000000000     
  0.13900000000000010        70.630268106544477        56.213928984551210        1.3515634307928048E-002   1.7484600431884474        0.0000000000000000        0.0000000000000000     
  0.14000000000000010        69.699464165406027        55.494211199871565        1.4077793892649694E-002   1.7724335923307801        0.0000000000000000        0.0000000000000000     
  0.14100000000000010        68.769735972427242        54.776380425454803        1.4641107829223770E-002   1.7965706454516066        0.0000000000000000        0.0000000000000000     
  0.14200000000000010        67.841485009508958        54.060695720962443        1.5205416824502299E-002   1.8208726754189513        0.0000000000000000        0.0000000000000000     
  0.14300000000000010        66.915101298701288        53.347408382136948        1.5770560539655719E-002   1.8453411423870290        0.0000000000000000        0.0000000000000000     
  0.14400000000000010        65.990963445058881        52.636761986738414        1.6336377741503625E-002   1.8699774929167730        0.0000000000000000        0.0000000000000000     
  0.14500000000000010        65.069438684977982        51.928992440188900        1.6902706456957791E-002   1.8947831590734432        0.0000000000000000        0.0000000000000000     
  0.14600000000000010        64.150882939972078        51.224328021363419        1.7469384130489346E-002   1.9197595574986215        0.0000000000000000        0.0000000000000000     
  0.14700000000000010        63.235640875838179        50.522989428935396        1.8036247784015205E-002   1.9449080884574326        0.0000000000000000        0.0000000000000000     
  0.14800000000000010        62.324045967166327        49.825189828655468        1.8603134179615927E-002   1.9702301348606039        0.0000000000000000        0.0000000000000000     
  0.14900000000000010        61.416420567136960        49.131134901910386        1.9169879984249436E-002   1.9957270612618272        0.0000000000000000        0.0000000000000000     
  0.15000000000000011        60.513075982551584        48.441022895881460        1.9736321936798400E-002   2.0214002128271016        0.0000000000000000        0.0000000000000000     
  0.15100000000000011        59.614312554035209        47.755044675590653        2.0302297016777583E-002   2.0472509142796698        0.0000000000000000        0.0000000000000000     
  0.15200000000000011        58.720419741345275        47.073383778094616        2.0867642614887248E-002   2.0732804688181732        0.0000000000000000        0.0000000000000000     
  0.15300000000000011        57.831676213716555        46.396216469057201        2.1432196704846761E-002   2.0994901570056284        0.0000000000000000        0.0000000000000000     
  0.15400000000000011        56.948349945167564        45.723711801905061        2.1995798016565423E-002   2.1258812356350476        0.0000000000000000        0.0000000000000000     
  0.15500000000000011        56.070698314685799        45.056031679741139        2.2558286210128238E-002   2.1524549365635322        0.0000000000000000        0.0000000000000000     
  0.15600000000000011        55.198968211207237        44.393330920168069        2.3119502050549311E-002   2.1792124655214158        0.0000000000000000        0.0000000000000000     
  0.15700000000000011        54.333396143294955        43.735757323143623        2.3679287583136928E-002   2.2061550008908148        0.0000000000000000        0.0000000000000000     
  0.15800000000000011        53.474208353420870        43.083451741970478        2.4237486308777860E-002   2.2332836924587127        0.0000000000000000        0.0000000000000000     
  0.15900000000000011        52.621620936743653        42.436548157495004        2.4793943359572076E-002   2.2605996601393028        2.8813474389441544E-005   5.3124538206101419E-004
  0.16000000000000011        51.775839964273210        41.795173755569827        2.5348505673854153E-002   2.2881039926674478        1.8489983279688943E-004   3.3872311182942443E-003
  0.16100000000000012        50.937061610304006        41.159449007812029        2.5901022170850625E-002   2.3157977462659671        3.8485868857097456E-004   6.9954179073346045E-003
  0.16200000000000012        50.105472283994018        40.529487755668285        2.6451343924472220E-002   2.3436819432781624        6.3500803496648950E-004   1.1448590770909700E-002
  0.16300000000000012        49.281248764960836        39.905397297780119        2.6999324336059609E-002   2.3717575707789136        9.3878042345243865E-004   1.6784701385855035E-002
  0.16400000000000012        48.464558342758139        39.287278480622454        2.7544819305879421E-002   2.4000255791484646        1.3022108174868042E-003   2.3086063604190105E-002
  0.16500000000000012        47.655558960093273        38.675225792372395        2.8087687402815607E-002   2.4284868806227693        1.7299678530302734E-003   3.0406536173026747E-002
  0.16600000000000012        46.854399359638393        38.069327459948816        2.8627790032409201E-002   2.4571423478102199        2.2278940124209460E-003   3.8819418238514751E-002
  0.16700000000000012        46.061219234283804        37.469665549148793        2.9164991602782693E-002   2.4859928121814456        2.8011806485873604E-003   4.8381923587459609E-002
  0.16800000000000012        45.276149380675825        36.876316067791386        2.9699159687997766E-002   2.5150390625273134        3.4506533279212970E-003   5.9079956712390830E-002
  0.16900000000000012        44.499311855879000        36.289349071769635        3.0230165188865402E-002   2.5442818433899812        4.1976131098233243E-003   7.1228533439502903E-002
  0.17000000000000012        43.730820136994630        35.708828773895739        3.0757882491039015E-002   2.5737218534616835        5.0324423387581550E-003   8.4636178399155507E-002
  0.17100000000000012        42.970779283566429        35.134813655417517        3.1282189619534724E-002   2.6033597439551737        5.9671606053291765E-003   9.9463162209454822E-002
  0.17200000000000013        42.219286102599192        34.567356580072470        3.1802968390280364E-002   2.6331961169455567        7.0078832283516374E-003  0.11576811065924782     
  0.17300000000000013        41.476429316012691        34.006504910538006        3.2320104557589907E-002   2.6632315236818793        8.1604225838542155E-003  0.13360254975445890     
  0.17400000000000013        40.742289730349910        33.452300627128182        3.2833487958037109E-002   2.6934664628705849        9.4324280132769799E-003  0.15304410546048566     
  0.17500000000000013        40.016940408557396        32.904780448581569        3.3343012649971845E-002   2.7239013789294595        1.0830135215006434E-002  0.17414469061837648     
  0.17600000000000013        39.300446843651862        32.363975954778695        3.3848577048654696E-002   2.7545366602120596        1.2363877759550567E-002  0.19702643573799250     
  0.17700000000000013        38.592867134085665        31.829913711222023        3.4350084056724142E-002   2.7853726372081691        1.4037140713404684E-002  0.22168390855205530     
  0.17800000000000013        37.894252160623701        31.302615395109999        3.4847441189885954E-002   2.8164095807096658        1.5860942284038487E-002  0.24823953763050366     
  0.17900000000000013        37.204645764541020        30.782097922829749        3.5340560697359850E-002   2.8476476999585105        1.7840096846637270E-002  0.27670814074122713     
  0.18000000000000013        36.524084926952945        30.268373578695201        3.5829359677040533E-002   2.8791832054769011        1.9984160539724814E-002  0.30718620443443989     
  0.18100000000000013        35.852599949085928        29.761450144752079        3.6313760185131133E-002   2.9109464254144015        2.2304311590807060E-002  0.33977312588719250     
  0.18200000000000013        35.190214633301338        29.261331031473105        3.6793689339974095E-002   2.9429193423194824        2.4804262025176521E-002  0.37447343379546544     
  0.18300000000000013        34.536946464682522        28.768015409165855        3.7269079419967897E-002   2.9751021715916650        2.7493896077722957E-002  0.41136174461217262     
  0.18400000000000014        33.892806792997575        28.281498339915686        3.7739867955216069E-002   3.0074950606150681        3.0392832337338582E-002  0.45067848798658877     
  0.18500000000000014        33.257801014852298        27.801770909888624        3.8205997813001574E-002   3.0400980867090639        3.3491407132940208E-002  0.49217864591518806     
  0.18600000000000014        32.631928755849223        27.328820361820124        3.8667417276571359E-002   3.0729112550599402        3.6815580456719989E-002  0.53619948126017547     
  0.18700000000000014        32.015184052570774        26.862630227518213        3.9124080117354840E-002   3.1059344966227629        4.0364791727873946E-002  0.58264429620172808     
  0.18800000000000014        31.407555534208683        26.403180460212948        3.9575945660113805E-002   3.1391676660077734        4.4078722172172964E-002  0.63072419785694511     
  0.18900000000000014        30.809026603662506        25.950447566585954        4.0022978841383401E-002   3.1726105393440891        4.8200064988356731E-002  0.68339416996318669     
  0.19000000000000014        30.219575617936549        25.504404738320069        4.0465150260474779E-002   3.2062628121211110        5.2502380198368587E-002  0.73775342718721926     
  0.19100000000000014        29.639176067665048        25.065021983010485        4.0902436223186928E-002   3.2401240970144944        5.7093014717878990E-002  0.79514059850152818     
  0.19200000000000014        29.067796755602572        24.632266254286233        4.1334818778441397E-002   3.2741939216950038        6.1950659277451192E-002  0.85513201816493922     
  0.19300000000000014        28.505401973918207        24.206101580992829        4.1762285746754807E-002   3.3084717266165096        6.7110652127851861E-002  0.91813329112516984     
  0.19400000000000014        27.951951680138883        23.786489195294791        4.2184830741647771E-002   3.3429568627955297        7.2583172691173800E-002  0.98419935082091026     
  0.19500000000000015        27.407401671590467        23.373387659560006        4.2602453182970700E-002   3.3776485895682233        7.8372271540511615E-002   1.0532798493532929     
  0.19600000000000015        26.871703758191217        22.966752991894925        4.3015158302454545E-002   3.4125460723469718        8.4506227913739296E-002   1.1256642870212912     
  0.19700000000000015        26.344805933457504        22.566538790205197        4.3422957141313064E-002   3.4476483803534435        9.0980871861906107E-002   1.2012010475217640     
  0.19800000000000015        25.826652543586107        22.172696354661586        4.3825866539970053E-002   3.4829544843516627        9.7814541239714142E-002   1.2800357494050738     
  0.19900000000000015        25.317184454484494        21.785174808458123        4.4223909119656873E-002   3.5184632543693328       0.10503425829980907        1.3623648783942219     
  0.20000000000000015        24.816339216625181        21.403921216755418        4.4617113255813877E-002   3.5541734574112924       0.11263731466246657        1.4480612437052536     
  0.20100000000000015        24.324051227606631        21.028880703707991        4.5005849579846977E-002   3.5900837551763236       0.12064938048119513        1.5373802368166181     
  0.20200000000000015        23.840251892309144        20.659996567481684        4.5390490008167382E-002   3.6261927017597921       0.12908204118762898        1.6303411022028969     
  0.20300000000000015        23.364869780539816        20.297210393172470        4.5771069938729897E-002   3.6624987413687884       0.13795802942635343        1.7271227958625190     
  0.20400000000000015        22.897830782067906        19.940462163546027        4.6147625793624476E-002   3.6990002060303806       0.14727550881329932        1.8275234836364298     
  0.20500000000000015        22.439058258956390        19.589690367521840        4.6520194966440415E-002   3.7356953133007944       0.15707610975083514        1.9320057634585950     
  0.20600000000000016        21.988473195104092        19.244832106334414        4.6888815769317561E-002   3.7725821639920540       0.16704071018977282        2.0372019390880536     
  0.20700000000000016        21.545994342916231        18.905823197307708        4.7253527379085072E-002   3.8096587398945596       0.17813008306910913        2.1526241333492622     
  0.20800000000000016        21.111538367030136        18.572598275188010        4.7614369783170206E-002   3.8469229015172628       0.18944863084166128        2.2693040965501527     
  0.20900000000000016        20.685019985027409        18.245090890984290        4.7971383724246267E-002   3.8843723858358938       0.20130556685489717        2.3901541261782366     
  0.21000000000000016        20.266352105070453        17.923233608272806        4.8324610645004221E-002   3.9220048040603990       0.21371445378247886        2.5152186831950556     
  0.21100000000000016        19.855445960407586        17.606958096927283        4.8674092631694664E-002   3.9598176394154025       0.22671119352708888        2.6448009571501419     
  0.21200000000000016        19.452211240697110        17.296195224243444        4.9019872357422223E-002   3.9978082449454782       0.24029798087066767        2.7787623283981335     
  0.21300000000000016        19.056556220106167        16.990875143430404        4.9361993024503739E-002   4.0359738413374942       0.25451314058052671        2.9173154858761059     
  0.21400000000000016        18.668387882146966        16.690927379449015        4.9700498306529027E-002   4.0743115147775146       0.26937024294231127        3.0605700457856573     
  0.21500000000000016        18.287612041217862        16.396280912180718        5.0035432289391488E-002   4.1128182148241024       0.28489318625800747        3.2085945653765902     
  0.21600000000000016        17.914133460822946        16.106864256916928        5.0366839411996073E-002   4.1514907523257252       0.30109773260283812        3.3614117475897198     
  0.21700000000000016        17.547855968449607        15.822605542163519        5.0694764405972009E-002   4.1903257973609707       0.31800725422750686        3.5191430231834189     
  0.21800000000000017        17.188682567088506        15.543432584759906        5.1019252234923276E-002   4.2293198772236851       0.33565701281930260        3.6819372979156313     
  0.21900000000000017        16.836515543385573        15.269272962316439        5.1340348032928092E-002   4.2684693744482551       0.35406528733174486        3.8499225219306208     
  0.22000000000000017        16.491256572421513        15.000054082979021        5.1658097042177817E-002   4.3077705248732601       0.37327117399839588        4.0232705764260253     
  0.22100000000000017        16.152806819118478        14.735703252533451        5.1972544549891267E-002   4.3472194157532646       0.39324265561594285        4.2014589081518032     
  0.22200000000000017        15.821067036278814        14.476147738866143        5.2283735824700549E-002   4.3868119839327191       0.41404209436641209        4.3851148070648103     
  0.22300000000000017        15.495937659265429        14.221314833802159        5.2591716051925086E-002   4.4265440140510659       0.43573561435771635        4.5745513879623614     
  0.22400000000000017        15.177318897337733        13.971131912344521        5.2896530268117928E-002   4.4664111368247630       0.45832881442994478        4.7696011633368807     
  0.22500000000000017        14.865110821660833        13.725526489342084        5.3198223295026381E-002   4.5064088273821934       0.48176881428730206        4.9698823132200065     
  0.22600000000000017        14.559213450011276        13.484426273617675        5.3496839672313536E-002   4.5465324036624581       0.50620763613869235        5.1763965617382084     
  0.22700000000000017        14.259526828204590        13.247759219589469        5.3792423589772674E-002   4.5867770248786170       0.53157808432035492        5.3885482300877081     
  0.22800000000000017        13.965951108275346        13.015453576422789        5.4085018818448169E-002   4.6271376900618630       0.55795945777774525        5.6065788346436607     
  0.22900000000000018        13.678386623442565        12.787437934751173        5.4374668640938130E-002   4.6676092366717050       0.58537234505449709        5.8308602434819798     
  0.23000000000000018        13.396733959898073        12.563641271008828        5.4661415780856010E-002   4.7081863392857128       0.61270541607611384        6.0525172085457184     
  0.23100000000000018        13.120894025457046        12.343992989417821        5.4945302331436657E-002   4.7488635083805990       0.64219801129869125        6.2886499257633357     
  0.23200000000000018        12.850768115114526        12.128422961676399        5.5226369682998551E-002   4.7896350891871240       0.67411420057730653        6.5409769023921349     
  0.23300000000000018        12.586257973552801        11.916861564395591        5.5504658450057878E-002   4.8304952606465781       0.70591319184239232        6.7897794759516117     
  0.23400000000000018        12.327265854648948        11.709239714334037        5.5780208397044700E-002   4.8714380344483770       0.73760053928151503        7.0361133787721455     
  0.23500000000000018        12.073694578032514        11.505488901481488        5.6053058363546508E-002   4.9124572541826339       0.77312870865591909        7.3073550376043190     
  0.23600000000000018        11.825447582746719        11.305541220043109        5.6323246188870406E-002   4.9535465945761157       0.80865345178543557        7.5768847884768951     
  0.23700000000000018        11.582428978068148        11.109329397378087        5.6590808635586923E-002   4.9946995608513962       0.84540205870883278        7.8524498029914795     
  0.23800000000000018        11.344543591541775        10.916786820946642        5.6855781312689313E-002   5.0359094881782660       0.88353832360672524        8.1354146833713870     
  0.23900000000000018        11.111697014289962        10.727847563320458        5.7118198598383740E-002   5.0771695412538360       0.92301568169691572        8.4252282627023174     
  0.24000000000000019        10.883795643655269        10.542446405312077        5.7378093562099483E-002   5.1184727139953710       0.96382106207775886        8.7215507645921200     
  0.24100000000000019        10.660746723238899        10.360518857279969        5.7635497886494129E-002   5.1598118293442496        1.0060699966980811        9.0248337432218122     
  0.24200000000000019        10.442458380396991        10.182001178665233        5.7890441789359273E-002   5.2011795392115650        1.0497773062645637        9.3357999900184598     
  0.24300000000000019        10.228839661258768        10.006830395817351        5.8142953945486534E-002   5.2425683245405397        1.0951219871947755        9.6547154551611492     
  0.24400000000000019        10.019800563330428        9.8349443181652489        5.8393061409031832E-002   5.2839704955084406        1.1418595902248634        9.9798848829009561     
  0.24500000000000019        9.8152520657509132        9.6662815527915811        5.8640789536405398E-002   5.3253781918606471        1.1902836138269635        10.313327593993511     
  0.24600000000000019        9.6151061572643215        9.5007815174659207        5.8886161909848592E-002   5.3667833833873431        1.2401823469082520        10.653289314833803     
  0.24700000000000019        9.4192758619759882        9.3383844521944965        5.9129200262643372E-002   5.4081778705495127        1.2918604806607399        11.001640057037832     
  0.24800000000000019        9.2276752629582255        9.1790314293419488        5.9369924405444523E-002   5.4495532852340212        1.3451313079604705        11.357049439396397     
  0.24900000000000019        9.0402195237727323        9.0226643623815299        5.9608352155070217E-002   5.4909010916841874        1.4001643631614087        11.720253421255103     
  0.25000000000000017        8.8568249079761632        8.8692260133286638        5.9844499265556697E-002   5.5322125875710988        1.4543742819143974        12.075684166929117     
  0.25100000000000017        8.6774087966756888        8.7186599989128037        6.0078379362383812E-002   5.5734789052151763        1.5155574806996150        12.470013605574364     
  0.25200000000000017        8.5018897042009982        8.5709107955417583        6.0310003880409267E-002   5.6146910129976009        1.5759613470393681        12.856339449938055     
  0.25300000000000017        8.3301872919588380        8.4259237431114986        6.0539382006047048E-002   5.6558397168975185        1.6382978034951239        13.250966308937945     
  0.25400000000000017        8.1622223805358836        8.2836450477140993        6.0766520624609140E-002   5.6969156622281494        1.7026112508730498        13.653611648190154     
  0.25500000000000017        7.9979169601155293        8.1440217832956598        6.0991424273543905E-002   5.7379093355296016        1.7685330335978986        14.062635981352686     
  0.25600000000000017        7.8371941992727621        8.0070018923143120        6.1214095102368596E-002   5.7788110666350008        1.8367260115361308        14.480959579604859     
  0.25700000000000017        7.6799784522120085        7.8725341854489006        6.1434532840400964E-002   5.8196110309120552        1.9068912895933172        14.907099348283102     
  0.25800000000000017        7.5261952645103571        7.7405683404060763        6.1652734773300605E-002   5.8602992516925685        1.9791538912156168        15.341777501368949     
  0.25900000000000017        7.3757713774294809        7.6110548998741310        6.1868695729312133E-002   5.9008656028697599        2.0531665035408611        15.781655761471438     
  0.26000000000000018        7.2286347308574443        7.4839452686698751        6.2082408076766425E-002   5.9412998116829687        2.1296550152401332        16.232082449638479     
  0.26100000000000018        7.0847144649411469        7.3591917101236826        6.2293861733632987E-002   5.9815914616932284        2.2082187825152744        16.690140116709387     
  0.26200000000000018        6.9439409204693314        7.2367473417475301        6.2503044191091803E-002   6.0217299959444883        2.2890183522092116        17.156869026984836     
  0.26300000000000018        6.8062456380644303        7.1165661302283647        6.2709940551506749E-002   6.0617047202991694        2.3720348276672389        17.631721191179793     
  0.26400000000000018        6.6715613562410132        6.9986028857892340        6.2914533583353804E-002   6.1015048069868039        2.4568787740918148        18.110655913096860     
  0.26500000000000018        6.5398220083873229        6.8828132559585216        6.3116803793708640E-002   6.1411192983330505        2.5443052590355340        18.599998389120660     
  0.26600000000000018        6.4109627187246190        6.7691537187866473        6.3316729519844600E-002   6.1805371106659583        2.6337096252986671        19.094801406975527     
  0.26700000000000018        6.2849197972988406        6.6575815755486021        6.3514287041924480E-002   6.2197470384506479        2.7259771574536384        19.602012601800762     
  0.26800000000000018        6.1616307340569820        6.5480549429690900        6.3709450717241142E-002   6.2587377585877517        2.8201565543653087        20.113608053211877     
  0.26900000000000018        6.0410341920595840        6.4405327450059175        6.3902193138196700E-002   6.2974978349212929        2.9166043400027970        20.632038534357836     
  0.27000000000000018        5.9230699998797132        6.3349747042263473        6.4092485314447445E-002   6.3360157229332001        3.0169797924362327        21.172143462288020     
  0.27100000000000019        5.8076791432368733        6.2313413328091665        6.4280296880374121E-002   6.3742797746395299        3.1171695863396738        21.695841017117903     
  0.27200000000000019        5.6948037559136422        6.1295939232048919        6.4465596328864685E-002   6.4122782436776875        3.2208411924069424        22.237255719014652     
  0.27300000000000019        5.5843871100008791        6.0296945384845548        6.4648351271209797E-002   6.4499992905909735        3.3269438305634433        22.786005052157236     
  0.27400000000000019        5.4763736055164589        5.9316060024068245        6.4828528723522780E-002   6.4874309882962606        3.4355817488474623        23.342766894110799     
  0.27500000000000019        5.3707087594406309        5.8352918892315495        6.5006095418849663E-002   6.5245613277603312        3.5464427375449716        23.905153685327704     
  0.27600000000000019        5.2673391942103676        5.7407165133071860        6.5181018143978017E-002   6.5613782238476022        3.6599038620282438        24.475566403725960     
  0.27700000000000019        5.1662126257130208        5.6478449184578086        6.5353264099195549E-002   6.5978695213700620        3.7704795676090739        25.028080409815640     
  0.27800000000000019        5.0672778508188108        5.5566428671948902        6.5522801278155726E-002   6.6340230013163364        3.8886617077036290        25.611232134447661     
  0.27900000000000019        4.9704847344898031        5.4670768297770733        6.5689598864841742E-002   6.6698263872759993        4.0092044774214743        26.199942275256817     
  0.28000000000000019        4.8757841965022308        5.3791139731411324        6.5853627642546278E-002   6.7052673520262358        4.1377786068738720        26.819788977612369     
  0.28100000000000019        4.7831281978171640        5.2927221497251944        6.6014860410294918E-002   6.7403335243229003        4.2631124958368156        27.420681520079228     
  0.28200000000000019        4.6924697266334388        5.2078698862048194        6.6173272399306066E-002   6.7750124958403113        4.3911725100887917        28.028998773483643     
  0.28300000000000020        4.6037627841556406        5.1245263721615526        6.6328841682688211E-002   6.8092918283077584        4.5213759184829865        28.641113610761959     
  0.28400000000000020        4.5169623701080370        5.0426614487019865        6.6481549569244028E-002   6.8431590607952240        4.6545386036801100        29.263315629857082     
  0.28500000000000020        4.4320244680248688        4.9622455970451504        6.6631380972178827E-002   6.8766017171743927        4.7892503689221861        29.884059917310026     
  0.28600000000000020        4.3489060303453764        4.8832499270943908        6.6778324742517145E-002   6.9096073137392189        4.9266418444095832        30.512609026893106     
  0.28700000000000020        4.2675649633413304        4.8056461660094794        6.6922373956381412E-002   6.9421633669709761        5.0604077177267177        31.121651716753014     
  0.28800000000000020        4.1879601119031271        4.7294066467933957        6.7063526145989524E-002   6.9742574014680638        5.2084536164823945        31.784320064881868     
  0.28900000000000020        4.1100512442096386        4.6545042969077075        6.7201783463857495E-002   7.0058769580091731        5.3529601051174502        32.428034764772804     
  0.29000000000000020        4.0337990363057283        4.5809126269293223        6.7337152771524675E-002   7.0370096017580419        5.4997831821310958        33.076454471941730     
  0.29100000000000020        3.9591650566100425        4.5086057192606592        6.7469645645630183E-002   7.0676429306069100        5.6485306655965726        33.726276433283587     
  0.29200000000000020        3.8861117503748388        4.4375582169046019        6.7599278297194212E-002   7.0977645836289804        5.7996670480925356        34.381669387979827     
  0.29300000000000020        3.8146024241183230        4.3677453123146535        6.7726071402901517E-002   7.1273622496803997        5.9530293574030049        35.040548548318959     
  0.29400000000000021        3.7446012300490139        4.2991427363301487        6.7850049851639033E-002   7.1564236760763693        6.1021107832468848        35.676869246145124     
  0.29500000000000021        3.6760731505003892        4.2317267472054088        6.7971242414467670E-002   7.1849366774039360        6.2665312798345143        36.369985883523213     
  0.29600000000000021        3.6089839823934033        4.1654741197413454        6.8089681350531062E-002   7.2128891444251089        6.4263450952106238        37.038638388233437     
  0.29700000000000021        3.5433003217431409        4.1003621345271144        6.8205401966022233E-002   7.2402690530482365        6.5881514567051438        37.709366758951646     
  0.29800000000000021        3.4789895482251829        4.0363685672989833        6.8318442147896577E-002   7.2670644734258794        6.7522907210525585        38.384798200489328     
  0.29900000000000021        3.4160198098161110        3.9734716784227309        6.8428841894606712E-002   7.2932635790693272        6.9182698529167954        39.061363778903505     
  0.30000000000000021        3.3543600075217714        3.9116502025055451        6.8536642868309502E-002   7.3188546560768390        7.0864884054316528        39.741432518070724     
  0.30100000000000021        3.2939797802061550        3.8508833381427414        6.8641887989017714E-002   7.3438261123821373        7.2563735952520139        40.422177983519276     
  0.30200000000000021        3.2348494895327002        3.7911507378040663        6.8744621087261704E-002   7.3681664870803729        7.4221520894881179        41.084254954368021     
  0.30300000000000021        3.1769402050291067        3.7324324978638042        6.8844886624738533E-002   7.3918644597586471        7.5960578038456896        41.768832516046750     
  0.30400000000000021        3.1202236892860697        3.6747091487786498        6.8942729484627610E-002   7.4149088598746644        7.7775252790463947        42.475140195939538     
  0.30500000000000022        3.0646723832993468        3.6179616454164774        6.9038194825826696E-002   7.4372886761579622        7.9555776597587640        43.165551986056670     
  0.30600000000000022        3.0102593919640839        3.5621713575391056        6.9131327989185157E-002   7.4589930659811072        8.1346522261801102        43.852636468611685     
  0.30700000000000022        2.9569584697294302        3.5073200604413861        6.9222174441564352E-002   7.4800113647745281        8.3142858773309207        44.532142476446040     
  0.30800000000000022        2.9047440064210273        3.4533899257489065        6.9310779744193474E-002   7.5003330954047449        8.4985305925477235        45.233034562992572     
  0.30900000000000022        2.8535910132378959        3.4003635123757370        6.9397189533805761E-002   7.5199479775166882        8.6829459092783878        45.923577270518749     
  0.31000000000000022        2.8034751089302383        3.3482237576439777        6.9481449509706597E-002   7.5388459368494809        8.8635891754560081        46.597657817014316     
  0.31100000000000022        2.7543725061634459        3.2969539685658225        6.9563605423181740E-002   7.5570171145432017        9.0566235996666791        47.304767410292591     
  0.31200000000000022        2.7062599980734774        3.2465378132890819        6.9643703067242130E-002   7.5744518763024180        9.2461350725555640        47.998002889304971     
  0.31300000000000022        2.6591149450180236        3.1969593127064950        6.9721788267030030E-002   7.5911408215739691        9.4370482697383125        48.689994692001761     
  0.31400000000000022        2.6129152615274069        3.1482028322291034        6.9797906869882700E-002   7.6070747926171078        9.6291574787802041        49.379579076931336     
  0.31500000000000022        2.5676394034586631        3.1002530737234779        6.9872104735863347E-002   7.6222448834458643        9.8230933617812077        50.071201674419072     
  0.31600000000000023        2.5232663553558274        3.0530950676126110        6.9944427728331315E-002   7.6366424487261524        10.018318881619663        50.759955955066594     
  0.31700000000000023        2.4797756180188841        3.0067141651397891        7.0014921704533606E-002   7.6502591125247186        10.215149872369679        51.450877418841799     
  0.31800000000000023        2.4371471962835356        2.9610960307947840        7.0083632506262677E-002   7.6630867769263755        10.407729197079558        52.122026710079403     
  0.31900000000000023        2.3953615870135216        2.9162266349013763        7.0150605951069284E-002   7.6751176305468265        10.612689500938504        52.827741080110179     
  0.32000000000000023        2.3543997673067114        2.8720922463650691       0.56526686820002314        7.6863441568452133        10.813253168104417        53.513079163756359     
  0.32100000000000023        2.3142431829160515        2.8286794255797156       0.56307534387691727        7.6967591423318265        11.014751085568054        54.195674832105162     
  0.32200000000000023        2.2748737368858927        2.7859750174916225       0.56090941957715013        7.7063556845624799        11.218530987463524        54.882199994135199     
  0.32300000000000023        2.2362737784040263        2.7439661448194692       0.55876904136166317        7.7151271999768563        11.422971256700471        55.564421891487413     
  0.32400000000000023        2.1984260918694427        2.7026402014284372       0.55665414728981166        7.7230674314978396        11.628522878209745        56.244632428620420     
  0.32500000000000023        2.1613138861754706        2.6619848458566331       0.55456466744653898        7.7301704559975279        11.834935402541603        56.920791049365597     
  0.32600000000000023        2.1249207842078346        2.6219879949919349       0.55250052396826177        7.7364306914772429        12.037653617470841        57.583224286536023     
  0.32700000000000023        2.0892308125566186        2.5826378178970644       0.55046163106543189        7.7418429040482870        12.251281051818102        58.269582706820714     
  0.32800000000000024        2.0542283914414003        2.5439227297810674       0.54844789504245361        7.7464022146885334        12.461145155664308        58.941731229292287     
  0.32900000000000024        2.0198983248480102        2.5058313861147448       0.54645921431522160        7.7501041057163285        12.671959745502916        59.610304483563311     
  0.33000000000000024        1.9862257908755672        2.4683526768878012       0.54449547942612131        7.7529444270356880        12.883918665310540        60.278261516134059     
  0.33100000000000024        1.9531963322922061        2.4314757210055915       0.54255657305293403        7.7549194020987722        13.096591430250401        60.941692988543821     
  0.33200000000000024        1.9207958472975177        2.3951898608228399       0.54064237000068260        7.7560256335794806        13.310064260331252        61.601821671884025     
  0.33300000000000024        1.8890105804898534        2.3594846568121062       0.53875273711911698        7.7562601087880969        13.524638429458907        62.261063345201840     
  0.33400000000000024        1.8578271140362963        2.3243498823644617       0.53688753299472447        7.7556202047517058        13.739840108293604        62.915278775631151     
  0.33500000000000024        1.8272323590429840        2.2897755187198787       0.53504660708042495        7.7541036930190268        13.955920053472294        63.567466862577490     
  0.33600000000000024        1.7972135471235182        2.2557517500249680       0.53322979769925460        7.7517087441345041        14.172785091930766        64.216043767274755     
  0.33700000000000024        1.7677582221628116        2.2222689585153277       0.53143692815144650        7.7484339317867565        14.390327668674292        64.861310009647767     
  0.33800000000000024        1.7388542322738545        2.1893177198201927       0.52966780007783165        7.7442782366407243        14.608523843884562        65.502709978725690     
  0.33900000000000025        1.7104897219446689        2.1568887983866687       0.52792218335060570        7.7392410498108850        14.827885602903134        66.142684356458560     
  0.34000000000000025        1.6826531243727088        2.1249731430212067       0.52619980208732542        7.7333221760165598        15.047349062439176        66.777000170447252     
  0.34100000000000025        1.6553331539837530        2.0935618825455222       0.52450031684770948        7.7265218363509369        15.264118452744244        67.398521313519069     
  0.34200000000000025        1.6285187991324930        2.0626463215646842       0.52282330358221263        7.7188406707214892        15.484662374449032        68.024592545389197     
  0.34300000000000025        1.6021993149817906        2.0322179363447339       0.52116823035511883        7.7102797399120515        15.709878347987360        68.658425209151346     
  0.34400000000000025        1.5763642165575606        2.0022683707972861       0.51953443318090475        7.7008405272773732        15.933089071096553        69.283714366440748     
  0.34500000000000025        1.5510032719762672        1.9727894325687529       0.51792109246823836        7.6905249400671485        16.153942250114948        69.890573304675684     
  0.34600000000000025        1.5261064958418993        1.9437730892315728       0.51632721153959138        7.6793353103581747        16.377150179582237        70.503284009619037     
  0.34700000000000025        1.5016641428093869        1.9152114645751916       0.51475159853443675        7.6672743956451432        16.600500659462348        71.109148804750646     
  0.34800000000000025        1.4776667013111611        1.8870968349941191       0.51319285274226112        7.6543453789791283        16.824702646776728        71.713703316560114     
  0.34900000000000025        1.4541048874439393        1.8594216259709875       0.51164935608982631        7.6405518687821958        17.048050044840299        72.306909789521526     
  0.35000000000000026        1.4309696390123343        1.8321784086519206       0.51011927018004244        7.6258978982367047        17.272958399024752        72.902426348499134     
  0.35100000000000026        1.4082521097263083        1.8053598965121602       0.50860053896884472        7.6103879242869095        17.497420438602486        73.488600385311230     
  0.35200000000000026        1.3859436635492111        1.7789589421094909       0.50709089689457765        7.5940268262560844        17.722857452459902        74.074203739866633     
  0.35300000000000026        1.3640358691932979        1.7529685339232752       0.50558788206192906        7.5768199040642417        17.948081920271893        74.651595956003007     
  0.35400000000000026        1.3425204947595546        1.7273817932768463       0.50408885391969993        7.5587728760651940        18.174441672726640        75.230924394222058     
  0.35500000000000026        1.3213895025187061        1.7021919713410627       0.50259101476978008        7.5398918764445702        18.399688851467300        75.794483254455940     
  0.35600000000000026        1.3006350438303320        1.6773924462169341       0.50109143438713977        7.5201834523038871        18.626026864666393        76.360321885583616     
  0.35700000000000026        1.2802494541969618        1.6529767200951597       0.49958707701438870        7.4996545602621616        18.852117805896665        76.918526454060640     
  0.35800000000000026        1.2602252484500855        1.6289384164904930       0.49807483001116382        7.4783125627619631        19.078500258615648        77.470721954765665     
  0.35900000000000026        1.2405551160650885        1.6052712775489837       0.49655153347582320        7.4561652239118352        19.309179248995608        78.036376172823438     
  0.36000000000000026        1.2212319166020373        1.5819691614260156       0.49501401021179753        7.4332207049859376        19.532069041506517        78.565104067083738     
  0.36100000000000027        1.2022486752694235        1.5590260397332711       0.49345909547497019        7.4094875595443339        19.759168877623058        79.105073380817046     
  0.36200000000000027        1.1835985786078806        1.5364359950527162       0.49188366600645239        7.3849747281685785        19.986212324170850        79.639619029393373     
  0.36300000000000027        1.1652749702909337        1.5141932185156330       0.49028466792462944        7.3596915328276769        20.212416233299756        80.162702741490492     
  0.36400000000000027        1.1472713470400373        1.4922920074450550       0.48865914311684261        7.3336476708869851        20.440122290549148        80.691300925509395     
  0.36500000000000027        1.1295813546509692        1.4707267630597067       0.48700425383858836        7.3068532087606481        20.664831108973203        81.198903018934274     
  0.36600000000000027        1.1121987841288388        1.4494919882377071       0.48531730528271966        7.2793185752017555        20.893981469632781        81.715085716193244     
  0.36700000000000027        1.0951175679290197        1.4285822853384529       0.48359576594131237        7.2510545542604312        21.120492091203985        82.218990098977542     
  0.36800000000000027        1.0783317763012235        1.4079923540808743       0.48183728562945677        7.2220722778967543        21.347859571951933        82.721294857974996     
  0.36900000000000027        1.0618356137341536        1.3877169894765982       0.48003971108670979        7.1923832182703391        21.574753585965500        83.215881713795198     
  0.37000000000000027        1.0456234154980930        1.3677510798163357       0.47820109911059339        7.1619991797091327        21.801290037291679        83.703325623549176     
  0.37100000000000027        1.0296896442828949        1.3480896047080404       0.47631972721534249        7.1309322903599384        22.028187348299912        84.187627685581262     
  0.37200000000000027        1.0140288869288399        1.3287276331652935       0.47439410183804970        7.0991949935565506        22.254233467616022        84.663811073977058     
  0.37300000000000028       0.99863585124794896        1.3096603217444971       0.47242296414338553        7.0668000388662957        22.480870316077624        85.138945241109738     
  0.37400000000000028       0.98350536293329271        1.2908829127294426       0.47040529350454907        7.0337604728763941        22.707198364890775        85.602546343487091     
  0.37500000000000028       0.96863236255396212        1.2723907323618804       0.46834030875607419        7.0000896297125372        22.933477624635586        86.063185855060894     
  0.37600000000000028       0.95401190263340763        1.2541791891168041       0.46622746733736292        6.9658011212823832        23.158959133606171        86.515750649083543     
  0.37700000000000028       0.93963914480884037        1.2362437720210686       0.46406646245518107        6.9309088272745756        23.384533153602483        86.963766567429033     
  0.37800000000000028       0.92550935706949278        1.2185800490141139       0.46185721841325328        6.8954268849407478        23.610095770889622        87.406677401141195     
  0.37900000000000028       0.91161791107159262        1.2011836653495931       0.45959988426197396        6.8593696786066252        23.835206064083078        87.843778043417188     
  0.38000000000000028       0.89796027952792901        1.1840503420367028       0.45729482593074894        6.8227518290330291        24.060207971893920        88.274143616252474     
  0.38100000000000028       0.88453203366989752        1.1671758743199949       0.45494261701259886        6.7855881825228987        24.280814754969025        88.684189730522533     
  0.38200000000000028       0.87132884078005990        1.1505561301966598       0.45254402837101410        6.7478937998804129        24.509377111511537        89.118431705986211     
  0.38300000000000028       0.85834646179321217        1.1341870489700745       0.45010001674061967        6.7096839451579431        24.733713616145621        89.531565688792924     
  0.38400000000000029       0.84558074896403690        1.1180646398386451       0.44761171249422016        6.6709740742959109        24.957073701619112        89.936760565712035     
  0.38500000000000029       0.83302764359944648        1.1021849805188517       0.44508040674097288        6.6317798235566521        25.181140033147443        90.340323266382256     
  0.38600000000000029       0.82068317385383105        1.0865442159015646       0.44250753792258635        6.5921169978748972        25.403899019339981        90.734676933272482     
  0.38700000000000029       0.80854345258534510        1.0711385567405831       0.43989467805886795        6.5520015590565857        25.627421436393320        91.125221623190640     
  0.38800000000000029       0.79660467527155887        1.0559642783725509       0.43724351879520629        6.5114496138942828        25.849020308184372        91.505430029025845     
  0.38900000000000029       0.78486311798273845        1.0410177194672687       0.43455585738886870        6.4704774021767291        26.071500712080635        91.882815003915852     
  0.39000000000000029       0.77331513541108898        1.0262952808075507       0.43183358276411909        6.4291012846449886        26.292596761168294        92.252513591072258     
  0.39100000000000029       0.76195715895438421        1.0117934240977706       0.42907866175495279        6.3873377308377490        26.514502298448967        92.618219024965867     
  0.39200000000000029       0.75078569485238178       0.99750867080029215       0.42629312564231953        6.3452033069564306        26.734900745222856        92.976621024903338     
  0.39300000000000029       0.73979732237450579       0.98343760099894340       0.42347905708125594        6.3027146636436209        26.956870064150188        93.334052780093785     
  0.39400000000000029       0.72898869205729599       0.96957685228876855       0.42063857750144606        6.2598885237597894        27.176477952688575        93.680662588548969     
  0.39500000000000030       0.71835652399021266       0.95592311869134872       0.41777383505301302        6.2167416701644154        27.397130510980812        94.022092948180003     
  0.39600000000000030       0.70789760614831387       0.94247314959487116       0.41488699315795391        6.1732909334828996        27.616328794385442        94.357577798254951     
  0.39700000000000030       0.69760879277055288       0.92922374871839641       0.41198021971480786        6.1295531799318992        27.835836170727262        94.691019738672793     
  0.39800000000000030       0.68748700278221642       0.91617177309943154       0.40905567699649215        6.0855452991338623        28.053573619599863        95.008035156384153     
  0.39900000000000030       0.67752921826035328       0.90331413210436295       0.40611551226647069        6.0412841920372102        28.272037058422438        95.331032049064959     
  0.40000000000000030       0.66773248294082210       0.89064778646094300       0.40316184913297126        5.9967867588496917        28.490024689890983        95.642121800708438     
  0.40100000000000030       0.65809390076580965       0.87816974731232100       0.40019677964959455        5.9520698870956465        28.705990205590712        95.943402687182157     
  0.40200000000000030       0.64861063447059430       0.86587707529195090       0.39722235716325033        5.9071504397222778        28.923736733443246        96.247337572240269     
  0.40300000000000030       0.63927990420841319       0.85376687961884035       0.39424058990357019        5.8620452433390948        29.140289857815375        96.542876169511473     
  0.40400000000000030       0.63009898621229476       0.84183631721252961       0.39125343529975265        5.8167710765690792        29.356590249070447        96.832602301835948     
  0.40500000000000030       0.62106521149281591       0.83008259182733968       0.38826279500843336        5.7713446585248702        29.572022991822109        97.116094376403211     
  0.40600000000000031       0.61217596457066381       0.81850295320525379       0.38527051062600126        5.7257826374236744        29.786421213316583        97.392210763656408     
  0.40700000000000031       0.60342868224303015       0.80709469624703678       0.38227836006176868        5.6801015793626428        30.000862234989743        97.662541165764793     
  0.40800000000000031       0.59482085238280480       0.79585516020099834       0.37928805453776537        5.6343179572681699        30.215630623471284        97.937135035247167     
  0.40900000000000031       0.58635001276963594       0.78478172786900280       0.37630123618400096        5.5884481400024564        30.399649083295095        98.087503602404922     
  0.41000000000000031       0.57801374995189514       0.77387182482922434       0.37331947619296690        5.5425083816668606        30.641655960792583        98.441687753878881     
  0.41100000000000031       0.56980969813864024       0.76312291867519189       0.37034427349640242        5.4965148111248947        30.855171141716337        98.696098888823471     
  0.41200000000000031       0.56173553812071231       0.75253251827072065       0.36737705392728143        5.4504834216874141        31.067396133530650        98.940412697187398     
  0.41300000000000031       0.55378899622010114       0.74209817302032177       0.36441916982958733        5.4044300610672824        31.277474727803344        99.173461770147270     
  0.41400000000000031       0.54596784326672554       0.73181747215460402       0.36147190007672747        5.3583704215279857        31.489552629970625        99.409924702692081     
  0.41500000000000031       0.53826989360188016       0.72168804403039566       0.35853645046243249        5.3123200302811480        31.700272290015867        99.637433904719302     
  0.41600000000000031       0.53069300410751619       0.71170755544511677       0.35561395442751181        5.2662942401447488        31.909807365665355        99.854938742107223     
  0.41700000000000031       0.52323507326061414       0.70187371096506435       0.35270547408704650        5.2203082204170297        32.120036602307707        100.07455506399340     
  0.41800000000000032       0.51589404021193908       0.69218425226725455       0.34981200152371172        5.1743769480668771        32.329441455578952        100.28569909210829     
  0.41900000000000032       0.50866788388843098       0.68263695749448117       0.34693446031444181        5.1285151991381372        32.538351129735418        100.49174318466730     
  0.42000000000000032       0.50155462211857738       0.67322964062326140       0.34407370726102399        5.0827375404714266        32.746919740687723        100.69323327590651     
  0.42100000000000032       0.49455231078006667       0.66396015084431437       0.34123053429310263        5.0370583216874314        32.954841835528747        100.88909731515484     
  0.42200000000000032       0.48765904296910495       0.65482637195531301       0.33840567051808756        4.9914916674706058        33.162635728176554        101.07895720529132     
  0.42300000000000032       0.48087294819074250       0.64582622176553983       0.33559978439097854        4.9460514701418195        33.369115596995115        101.26578302013223     
  0.42400000000000032       0.47419219156962938       0.63695765151223127       0.33281348598213562        4.9007513825185471        33.575129404966098        101.44309787677976     
  0.42500000000000032       0.46761497308058775       0.62821864528825200       0.33004732931885733        4.8556048111154961        33.780462060046752        101.61704897499646     
  0.42600000000000032       0.46113952679844367       0.61960721948087505       0.32730181478289133        4.8106249096055080        33.986306798905318        101.78786261644855     
  0.42700000000000032       0.45476412016655582       0.61112142222136578       0.32457739154370296        4.7658245726258759        34.190836629300534        101.95156626581338     
  0.42800000000000032       0.44848705328353056       0.60275933284516270       0.32187446001250758        4.7212164298936576        34.395072149828756        102.11217223699082     
  0.42900000000000033       0.44230665820754811       0.59451906136231070       0.31919337430058209        4.6768128406260372        34.599509997631493        102.26813769205603     
  0.43000000000000033       0.43622129827787298       0.58639874793802182       0.31653444466994851        4.6326258882955580        34.802646556237121        102.41659199028206     
  0.43100000000000033       0.43022936745299761       0.57839656238303006       0.31389793996363041        4.5886673756978542        35.005568324739379        102.56152878999299     
  0.43200000000000033       0.42432928966498085       0.57051070365356971       0.31128409000467788        4.5449488203396049        35.208342368596277        102.70401430359919     
  0.43300000000000033       0.41851951818950595       0.56273939936071460       0.30869308795586503        4.5014814501613829        35.410674899773838        102.84005674523571     
  0.43400000000000033       0.41279853503123687       0.55508090528891185       0.30612509263107318        4.4582761995763640        35.612545302440296        102.97189903310890     
  0.43500000000000033       0.40716485032402006       0.54753350492345099       0.30358023075220175        4.4153437058359657        35.813489147134995        103.09721152020367     
  0.43600000000000033       0.40161700174551540       0.54009550898668301       0.30105859914515887        4.3726943057110566        36.014733053286676        103.22102326067809     
  0.43700000000000033       0.39615355394589602       0.53276525498283434       0.29856026687049941        4.3303380325089895        36.213996139688618        103.33539773959242     
  0.43800000000000033       0.39077309799014948       0.52554110675113597       0.29608527728506506        4.2882846134016575        36.414647682075582        103.45142553457063     
  0.43900000000000033       0.38547425081369041       0.51842145402718887       0.29363365003097003        4.2465434670763429        36.611833518018990        103.55048599504742     
  0.44000000000000034       0.38025565469083011       0.51140471201227711       0.29120538294896620        4.2051237017044922        36.812132380941065        103.66139417948774     
  0.44100000000000034       0.37511597671583019       0.50448932095055887       0.28880045391611164        4.1640341132201932        37.008516102328201        103.75538268854314     
  0.44200000000000034       0.37005390829613100       0.49767374571387940       0.28641882260511065        4.1232831839180655        37.208051602924471        103.85414919710219     
  0.44300000000000034       0.36506816465745057       0.49095647539408288       0.28406043216447202        4.0828790813532692        37.406364393371327        103.94684862160993     
  0.44400000000000034       0.36015748436044026       0.48433602290267103       0.28172521082135710        4.0428296575480882        37.603880228412336        104.03672967612509     
  0.44500000000000034       0.35532062882855436       0.47781092457761931       0.27941307340410027        4.0031424484999416        37.803647713639180        104.12227804815079     
  0.44600000000000034       0.35055638188685823       0.47137973979723263       0.27712392278815345        3.9638246739819034        37.996356262554905        104.19449003717850     
  0.44700000000000034       0.34586354931145774       0.46504105060085299       0.27485765126402739        3.9248832376429839        38.190627610136488        104.26504468031425     
  0.44800000000000034       0.34124095838928103       0.45879346131632992       0.27261414182996357        3.8863247273798369        38.386618171679892        104.33641219623809     
  0.44900000000000034       0.33668745748792833       0.45263559819405341       0.27039326940961783        3.8481554160098730        38.582216753855164        104.40413495172655     
  0.45000000000000034       0.33220191563533136       0.44656610904748018       0.26819490199675938        3.8103812622029429        38.776891052409290        104.46669774580013     
  0.45100000000000035       0.32778322210893557       0.44058366289994277       0.26601890172886117        3.7730079116884974        38.970549075442470        104.52348225571617     
  0.45200000000000035       0.32343028603419061       0.43468694963768600       0.26386512589200489        3.7360406987305570        39.166500370222025        104.58368536275505     
  0.45300000000000035       0.31914203599207702       0.42887467966896292       0.26173342785719739        3.6994846478542640        39.352300511478255        104.61880818642439     
  0.45400000000000035       0.31491741963543807       0.42314558358907028       0.25962365795238063        3.6633444758223668        39.551288707129871        104.67624044937583     
  0.45500000000000035       0.31075540331390283       0.41749841185123687       0.25753566427111335        3.6276245938643830        39.742876353746439        104.71733537943311     
  0.45600000000000035       0.30665497170714140       0.41193193444319276       0.25546929342075342        3.5923291101329724        39.934918804348918        104.75596799070188     
  0.45700000000000035       0.30261512746628522       0.40644494056936703       0.25342439121149446        3.5574618323930620        40.126031179794026        104.78956503535487     
  0.45800000000000035       0.29863489086325878       0.40103623833856489       0.25140080328946618        3.5230262709374802        40.318413278542693        104.82477809867817     
  0.45900000000000035       0.29471329944784086       0.39570465445702052       0.24939837571516266        3.4890256417130847        40.517241982677739        104.87076429322032     
  0.46000000000000035       0.29084940771225093       0.39044903392672936       0.24741695549110929        3.4554628696540934        40.699793067400599        104.87730298538415     
  0.46100000000000035       0.28704228676308874       0.38526823974897662       0.24545639103949735        3.4223405922198049        40.889801205202303        104.89888579799057     
  0.46200000000000035       0.28329102400039496       0.38016115263290789       0.24351653263154793        3.3896611631165978        41.081141128998965        104.91889704757455     
  0.46300000000000036       0.27959472280371050       0.37512667070910855       0.24159723277413178        3.3574266562154862        41.270038943998749        104.93181663581205     
  0.46400000000000036       0.27595250222491297       0.37016370924804298       0.23969834655032321        3.3256388696291723        41.460691653688883        104.94611373821141     
  0.46500000000000036       0.27236349668767951       0.36527120038329763       0.23781973192225370        3.2942993299746548        41.646962582655213        104.94923347777842     
  0.46600000000000036       0.26882685569342213       0.36044809283952728       0.23596124999334236        3.2634092967807162        41.836436330441721        104.95635686734970     
  0.46700000000000036       0.26534174353350520       0.35569335166500105       0.23412276523471162        3.2329697670578605        42.024290564616599        104.95715575106961     
  0.46800000000000036       0.26190733900761687       0.35100595796867928       0.23230414567636729        3.2029814800022338        42.214218076568365        104.95919195956382     
  0.46900000000000036       0.25852283514813684       0.34638490866174310       0.23050526306603655        3.1734449218439544        42.401209506679280        104.95416278733782     
  0.47000000000000036       0.25518743895033458       0.34182921620345513       0.22872599299830967        3.1443603308140440        42.588479033385987        104.94598512095646     
  0.47100000000000036       0.25190037110828761       0.33733790835132793       0.22696621501234673        3.1157277022371122        42.774746507448739        104.93448487794768     
  0.47200000000000036       0.24866086575635618       0.33291002791547536       0.22522581266514152        3.0875467937270149        42.960831168064892        104.92009467434815     
  0.47300000000000036       0.24546817021608525       0.32854463251708427       0.22350467357773252        3.0598171304943214        43.147474359437368        104.90479682358374     
  0.47400000000000037       0.24232154474841686       0.32424079435094694       0.22180268945811682        3.0325380107392004        43.333551261528797        104.88552390716990     
  0.47500000000000037       0.23922026231106303       0.31999759995195132       0.22011975610306309        3.0057085111347508        43.518931522628641        104.86182369336566     
  0.47600000000000037       0.23616360832093000       0.31581414996548013       0.21845577337723474        2.9793274923911390        43.701583802154182        104.83224678631161     
  0.47700000000000037       0.23315088042147961       0.31168955892164335       0.21681064517607787        2.9533936048838014        43.887463521506845        104.80508838738646     
  0.47800000000000037       0.23018138825489168       0.30762295501326686       0.21518427936922263        2.9279052943515240        44.074165863630469        104.77832409742042     
  0.47900000000000037       0.22725445323893118       0.30361347987757709       0.21357658772938035        2.9028608076446289        44.258564513402916        104.74742158731999     
  0.48000000000000037       0.22436940834839902       0.29966028838151421       0.21198748584439461        2.8782581985211069        44.442633970587977        104.70860077661436     
  0.48100000000000037       0.22152559790106774       0.29576254841060773       0.21041689301815858        2.8540953334852190        44.626215501395698        104.66869397350766     
  0.48200000000000037       0.21872237734799496       0.29191944066136283       0.20886473215940349        2.8303698976581537        44.810667026689643        104.62997325790231     
  0.48300000000000037       0.21595911306809945       0.28813015843705936       0.20733092965684341        2.8070794006738624        44.994192940606972        104.58662136956761     
  0.48400000000000037       0.21323518216692958       0.28439390744695575       0.20581541524813529        2.7842211825886110        45.176614524396989        104.53893006333679     
  0.48500000000000038       0.21054997227949845       0.28070990560879716       0.20431812187842011        2.7617924198132910        45.363043601643668        104.49760801007208     
  0.48600000000000038       0.20790288137711407       0.27707738285458505       0.20283898555090613        2.7397901310390336        45.542915900511460        104.44001332412131     
  0.48700000000000038       0.20529331757809810       0.27349558093955190       0.20137794517222424        2.7182111831676128        45.725297703858445        104.38718699236759     
  0.48800000000000038       0.20272069896231049       0.26996375325426869       0.19993494239229517        2.6970522972320143        45.907448107349474        104.33120673737174     
  0.48900000000000038       0.20018445338940632       0.26648116463987914       0.19850992143791585        2.6763100543022018        46.089944585056465        104.27487988263883     
  0.49000000000000038       0.19768401832070787       0.26304709120632358       0.19710282894438963        2.6559809013711977        46.270522644362153        104.21207628687475     
  0.49100000000000038       0.19521884064465217       0.25966082015359038       0.19571361378358174        2.6360611572139487        46.451871070784122        104.15352393757023     
  0.49200000000000038       0.19278837650569361       0.25632164959587073       0.19434222688959227        2.6165470182144932        46.693164215762948        104.23581316572817     
  0.49300000000000038       0.19039209113662531       0.25302888838862364       0.19298862108578205        2.5974345641563437        46.819199977321048        104.01130944317292     
  0.49400000000000038       0.18802945869419674       0.24978185595844510       0.19165275090423234        2.5787197639681505        46.998566805240607        103.96041047991041     
  0.49500000000000038       0.18569996209799972       0.24657988213574331       0.19033457241615429        2.5603984814228204        47.177980276927890        103.88419964041982     
  0.49600000000000039       0.18340309287252116       0.24342230699014641       0.18903404305193514        2.5424664807828035        47.357527900302493        103.80937898369200     
  0.49700000000000039       0.18113835099230260       0.24030848066859281       0.18775112143038228        2.5249194323895852        47.538269519488786        103.73590614578990     
  0.49800000000000039       0.17890524473013353       0.23723776323606782       0.18648576718561710        2.5077529181874771        47.716946856254616        103.65632292404825     
  0.49900000000000039       0.17670329050822775       0.23420952451894628       0.18523794079892750        2.4909624371826298        47.897927459589006        103.58037389637556     
  0.50000000000000033       0.17453201275229385       0.23122314395088273       0.18400760343160083        2.4745434108340074        48.076593974134845        103.49748716864657     
