   0.0000000000000000        0.0000000000000000        0.0000000000000000        0.0000000000000000        0.0000000000000000        0.0000000000000000        0.0000000000000000     
   1.0000000000000000E-003   9.3545970989537199        3.3951258078483657        0.0000000000000000        0.0000000000000000        0.0000000000000000        0.0000000000000000     
   2.0000000000000000E-003   23.487187913176520        6.7906319788287570        0.0000000000000000        0.0000000000000000        0.0000000000000000        0.0000000000000000     
   3.0000000000000001E-003   39.904638598713099        10.165230717911813        0.0000000000000000        0.0000000000000000        0.0000000000000000        0.0000000000000000     
   4.0000000000000001E-003   56.154431237636850        13.497916689208164        0.0000000000000000        0.0000000000000000        0.0000000000000000        0.0000000000000000     
   5.0000000000000001E-003   72.157158458007743        16.768233030364854        0.0000000000000000        0.0000000000000000        0.0000000000000000        0.0000000000000000     
   6.0000000000000001E-003   87.834637359425471        19.956530686763852        0.0000000000000000        0.0000000000000000        0.0000000000000000        0.0000000000000000     
   7.0000000000000001E-003   103.11041240268344        23.044216323290950        0.0000000000000000        0.0000000000000000        0.0000000000000000        0.0000000000000000     
   8.0000000000000002E-003   117.91029763669302        26.013983575130116        0.0000000000000000        0.0000000000000000        0.0000000000000000        0.0000000000000000     
   9.0000000000000011E-003   132.16295917522507        28.850022112668579        0.0000000000000000        0.0000000000000000        0.0000000000000000        0.0000000000000000     
   1.0000000000000002E-002   145.80053517643736        31.538199038507877        0.0000000000000000        0.0000000000000000        0.0000000000000000        0.0000000000000000     
   1.1000000000000003E-002   158.75928668400874        34.066207579545654        0.0000000000000000        0.0000000000000000        0.0000000000000000        0.0000000000000000     
   1.2000000000000004E-002   170.98026875682964        36.423678897701642        0.0000000000000000        0.0000000000000000        0.0000000000000000        0.0000000000000000     
   1.3000000000000005E-002   182.41000755775667        38.602254072226344        0.0000000000000000        0.0000000000000000        0.0000000000000000        0.0000000000000000     
   1.4000000000000005E-002   193.00116571253287        40.595614806703296        0.0000000000000000        0.0000000000000000        0.0000000000000000        0.0000000000000000     
   1.5000000000000006E-002   202.71317550776982        42.399473053063332        0.0000000000000000        0.0000000000000000        0.0000000000000000        0.0000000000000000     
   1.6000000000000007E-002   211.51281757937724        44.011521378620287        0.0000000000000000        0.0000000000000000        0.0000000000000000        0.0000000000000000     
   1.7000000000000008E-002   219.37472183217525        45.431347393686892        0.0000000000000000        0.0000000000000000        0.0000000000000000        0.0000000000000000     
   1.8000000000000009E-002   226.28176757129810        46.660316794907644        0.0000000000000000        0.0000000000000000        0.0000000000000000        0.0000000000000000     
   1.9000000000000010E-002   232.22536130844770        47.701430486925901        0.0000000000000000        0.0000000000000000        0.0000000000000000        0.0000000000000000     
   2.0000000000000011E-002   237.20557345979606        48.559161786166790        0.0000000000000000        0.0000000000000000        0.0000000000000000        0.0000000000000000     
   2.1000000000000012E-002   241.23111913312297        49.239279887232328        0.0000000000000000        0.0000000000000000        0.0000000000000000        0.0000000000000000     
   2.2000000000000013E-002   244.31917328676826        49.748665618184127        0.0000000000000000        0.0000000000000000        0.0000000000000000        0.0000000000000000     
   2.3000000000000013E-002   246.49501652957608        50.095125081929027        0.0000000000000000        0.0000000000000000        0.0000000000000000        0.0000000000000000     
   2.4000000000000014E-002   247.79151444171299        50.287206145807282        0.0000000000000000        0.0000000000000000        0.0000000000000000        0.0000000000000000     
   2.5000000000000015E-002   248.24844018986374        50.334021972627781        0.0000000000000000        0.0000000000000000        0.0000000000000000        0.0000000000000000     
   2.6000000000000016E-002   247.91165699966371        50.245084952196059        0.0000000000000000        0.0000000000000000        0.0000000000000000        0.0000000000000000     
   2.7000000000000017E-002   246.83218332385579        50.030153552108260        0.0000000000000000        0.0000000000000000        0.0000000000000000        0.0000000000000000     
   2.8000000000000018E-002   245.06516890332034        49.699093807381381        0.0000000000000000        0.0000000000000000        0.0000000000000000        0.0000000000000000     
   2.9000000000000019E-002   242.66881399381654        49.261756444391324        0.0000000000000000        0.0000000000000000        0.0000000000000000        0.0000000000000000     
   3.0000000000000020E-002   239.70326652667598        48.727870007033893        0.0000000000000000        0.0000000000000000        0.0000000000000000        0.0000000000000000     
   3.1000000000000021E-002   236.22953268634615        48.106949832399394        6.2637256800361171E-005   0.0000000000000000        0.0000000000000000        0.0000000000000000     
   3.2000000000000021E-002   232.30843524030809        47.408222311002064        1.2845280391008955E-004   0.0000000000000000        0.0000000000000000        0.0000000000000000     
   3.3000000000000022E-002   227.99965099848757        46.640563557497586        1.9506139922793774E-004   0.0000000000000000        0.0000000000000000        0.0000000000000000     
   3.4000000000000023E-002   223.36085419499344        45.812451402116636        2.6250054735978140E-004   0.0000000000000000        0.0000000000000000        0.0000000000000000     
   3.5000000000000024E-002   218.44698668336335        44.931929478383466        3.3080735859610449E-004   0.0000000000000000        0.0000000000000000        0.0000000000000000     
   3.6000000000000025E-002   214.65529273940709        44.006582115636398        4.0001854891200014E-004   0.0000000000000000        0.0000000000000000        0.0000000000000000     
   3.7000000000000026E-002   210.76227448665605        43.066953406469821        4.7017043996716844E-004   0.0000000000000000        0.0000000000000000        0.0000000000000000     
   3.8000000000000027E-002   208.09282050204808        42.598770249173526        5.4129895910591985E-004   0.0000000000000000        0.0000000000000000        0.0000000000000000     
   3.9000000000000028E-002   205.31101533574329        42.096108716478682        6.1343963935717204E-004   0.0000000000000000        0.0000000000000000        0.0000000000000000     
   4.0000000000000029E-002   202.44271208943690        41.562605600098088        6.8662761943445217E-004   0.0000000000000000        0.0000000000000000        0.0000000000000000     
   4.1000000000000029E-002   199.50966977755337        41.001509048657290        7.6089764373589539E-004   0.0000000000000000        0.0000000000000000        0.0000000000000000     
   4.2000000000000030E-002   196.52971390201915        40.415692919535637        8.3628406234424540E-004   0.0000000000000000        0.0000000000000000        0.0000000000000000     
   4.3000000000000031E-002   193.51696623838794        39.807673788801836        9.1282083102685438E-004   0.0000000000000000        0.0000000000000000        0.0000000000000000     
   4.4000000000000032E-002   190.48212460458936        39.179630107465847        9.9054151123568394E-004   0.0000000000000000        0.0000000000000000        0.0000000000000000     
   4.5000000000000033E-002   187.43277567931358        38.533423245070026        1.0694792701073023E-003   0.0000000000000000        0.0000000000000000        0.0000000000000000     
   4.6000000000000034E-002   184.37372717339383        37.870620404053724        1.1496668804628881E-003   0.0000000000000000        0.0000000000000000        0.0000000000000000     
   4.7000000000000035E-002   181.30734938382923        37.192519599891760        1.2311367208082281E-003   0.0000000000000000        0.0000000000000000        0.0000000000000000     
   4.8000000000000036E-002   178.23391989049642        36.500177059189298        1.3139207753337160E-003   0.0000000000000000        0.0000000000000000        0.0000000000000000     
   4.9000000000000037E-002   175.15196841588130        35.794437465127018        1.3980506339143562E-003   0.0000000000000000        0.0000000000000000        0.0000000000000000     
   5.0000000000000037E-002   172.05862124564072        35.075967451984646        1.4835574921097606E-003   0.0000000000000000        0.0000000000000000        0.0000000000000000     
   5.1000000000000038E-002   168.94994580119615        34.345292597990792        1.5704721511641496E-003   0.0000000000000000        0.0000000000000000        0.0000000000000000     
   5.2000000000000039E-002   165.82129582110278        33.602837879407375        1.6588250180063534E-003   0.0000000000000000        0.0000000000000000        0.0000000000000000     
   5.3000000000000040E-002   162.66765619474603        32.848971136842664        1.7486461052498075E-003   0.0000000000000000        0.0000000000000000        0.0000000000000000     
   5.4000000000000041E-002   159.48398405767654        32.084048598462900        1.8399650311925594E-003  0.46226086595575139        0.0000000000000000        0.0000000000000000     
   5.5000000000000042E-002   156.26553975491899        31.308460960516342        1.9328110198172637E-003  0.49599010522899606        0.0000000000000000        0.0000000000000000     
   5.6000000000000043E-002   153.00819830247630        30.522678022359276        2.0272129007911834E-003  0.52945027021289592        0.0000000000000000        0.0000000000000000     
   5.7000000000000044E-002   149.70872967751703        29.727289502884936        2.1231991094661905E-003  0.56264253297843314        0.0000000000000000        0.0000000000000000     
   5.8000000000000045E-002   146.36503523061353        28.923039516753544        2.2207976868787649E-003  0.59556809315206527        0.0000000000000000        0.0000000000000000     
   5.9000000000000045E-002   142.97632813888490        28.110852328048118        2.3200362797499950E-003  0.62822818741911612        0.0000000000000000        0.0000000000000000     
   6.0000000000000046E-002   139.58250333903715        27.302133109019664        2.4209421404855795E-003  0.66062409883630291        0.0000000000000000        0.0000000000000000     
   6.1000000000000047E-002   136.15227396380689        26.489370210945431        2.5235421271758230E-003  0.69275716593210135        0.0000000000000000        0.0000000000000000     
   6.2000000000000048E-002   132.68155789427738        25.672058170129379        2.6278627035956400E-003  0.72462879157392801        0.0000000000000000        0.0000000000000000     
   6.3000000000000042E-002   129.17523635493646        24.851865453541720        2.7339299392045535E-003  0.75624045158125797        0.0000000000000000        0.0000000000000000     
   6.4000000000000043E-002   125.63939096650611        24.030603955905907        2.8417695091466958E-003  0.78759370306422671        0.0000000000000000        0.0000000000000000     
   6.5000000000000044E-002   122.08110455791228        23.210191172806486        2.9514066942508059E-003  0.81869019246732910        0.0000000000000000        0.0000000000000000     
   6.6000000000000045E-002   118.50823306402172        22.392607950449630        3.0628663810302330E-003  0.84953166329843710        0.0000000000000000        0.0000000000000000     
   6.7000000000000046E-002   114.92916455259953        21.579854757837545        3.1761730616829327E-003  0.88011996352363431        0.0000000000000000        0.0000000000000000     
   6.8000000000000047E-002   111.35258033521450        20.773909225835947        3.2913508340914727E-003  0.91045705260884646        0.0000000000000000        0.0000000000000000     
   6.9000000000000047E-002   107.78723079010125        19.976687251090667        3.4084234018230256E-003  0.94054500818954800        0.0000000000000000        0.0000000000000000     
   7.0000000000000048E-002   104.24173543361748        19.190009363236385        3.5274140741293745E-003  0.97038603235082777        0.0000000000000000        0.0000000000000000     
   7.1000000000000049E-002   100.72441341146013        18.415573399403215        3.6483457659469104E-003  0.99998245750011283        0.0000000000000000        0.0000000000000000     
   7.2000000000000050E-002   97.243147364877444        17.654933906577863        3.7712409978966346E-003   1.0293367518157746        0.0000000000000000        0.0000000000000000     
   7.3000000000000051E-002   93.805280866536904        16.909488162260502        3.8961218962841513E-003   1.0584515242556389        0.0000000000000000        0.0000000000000000     
   7.4000000000000052E-002   90.417547487303182        16.180468301842762        4.0230101930996808E-003   1.0873295291096849        0.0000000000000000        0.0000000000000000     
   7.5000000000000053E-002   87.086028098566047        15.468938776546475        4.1519272260180477E-003   1.1159736700825138        0.0000000000000000        0.0000000000000000     
   7.6000000000000054E-002   83.816132191151866        14.775798228448556        4.2828939383986846E-003   1.1443870038917179        0.0000000000000000        0.0000000000000000     
   7.7000000000000055E-002   80.612598698678354        14.101784836826464        4.4159308792856341E-003   1.1725727433687305        0.0000000000000000        0.0000000000000000     
   7.8000000000000055E-002   77.479511921449202        13.447484235342928        4.5510582034075488E-003   1.2005342600508000        0.0000000000000000        0.0000000000000000     
   7.9000000000000056E-002   74.420328526229710        12.813339195156411        4.6882956711776858E-003   1.2282750862521195        0.0000000000000000        0.0000000000000000     
   8.0000000000000057E-002   71.437912132071546        12.199660391167345        4.8276626486939153E-003   1.2557989166044536        0.0000000000000000        0.0000000000000000     
   8.1000000000000058E-002   68.534572590604398        11.606637698783512        4.9691781077387115E-003   1.2831096090578249        0.0000000000000000        0.0000000000000000     
   8.2000000000000059E-002   65.712107664081614        11.034351593828571        5.1128606257791597E-003   1.3102111853335798        0.0000000000000000        0.0000000000000000     
   8.3000000000000060E-002   62.971845352532057        10.482784340515781        5.2587283859669553E-003   1.3371078308219815        0.0000000000000000        0.0000000000000000     
   8.4000000000000061E-002   60.314685598530779        9.9518307477607841        5.4067991771383989E-003   1.3638038939196984        0.0000000000000000        0.0000000000000000     
   8.5000000000000062E-002   57.741140494759613        9.4413083514210303        5.5570903938144019E-003   1.3903038848014293        0.0000000000000000        0.0000000000000000     
   8.6000000000000063E-002   55.251372436113115        8.9509669401593239        5.7096190362004810E-003   1.4166124736229369        0.0000000000000000        0.0000000000000000     
   8.7000000000000063E-002   52.845229901175301        8.4804973874668335        5.8644017101867679E-003   1.4427344881530300        0.0000000000000000        0.0000000000000000     
   8.8000000000000064E-002   50.522280727260728        8.0295397843835250        6.0214546273479972E-003   1.4686749108333741        0.0000000000000000        0.0000000000000000     
   8.9000000000000065E-002   48.281842869813801        7.5976908891359320        6.1807936049435115E-003   1.4944388752673687        0.0000000000000000        0.0000000000000000     
   9.0000000000000066E-002   46.123012721529143        7.1845109236261733        6.3424340659172648E-003   1.5200316621386964        0.0000000000000000        0.0000000000000000     
   9.1000000000000067E-002   44.044691118818115        6.7895297544983393        6.5063910388978193E-003   1.5454586945637168        0.0000000000000000        0.0000000000000000     
   9.2000000000000068E-002   42.045607191565075        6.4122525000783952        6.6726791581983459E-003   1.5707255328814649        0.0000000000000000        0.0000000000000000     
   9.3000000000000069E-002   40.124340223356363        6.0521646051780005        6.8413126638166236E-003   1.5958378688877359        0.0000000000000000        0.0000000000000000     
   9.4000000000000070E-002   38.279339688992003        5.7087364246043117        7.0123054014350370E-003   1.6208015195199426        0.0000000000000000        0.0000000000000000     
   9.5000000000000070E-002   36.508943628284868        5.3814273539874851        7.1856708224205855E-003   1.6456224200029366        0.0000000000000000        0.0000000000000000     
   9.6000000000000071E-002   34.811395503040416        5.0696895437654312        7.3614219838248713E-003   1.6703066164635763        0.0000000000000000        0.0000000000000000     
   9.7000000000000072E-002   33.184859669925366        4.7729712292195599        7.5395715483841082E-003   1.6948602580290926        0.0000000000000000        0.0000000000000000     
   9.8000000000000073E-002   31.627435587233169        4.4907197065700313        7.7201317845191197E-003   1.7192895884191584        0.0000000000000000        0.0000000000000000     
   9.9000000000000074E-002   30.137170859341541        4.2223839824546303        7.9031145663353321E-003   1.7436009370485732        0.0000000000000000        0.0000000000000000     
  0.10000000000000007        28.712073209566245        3.9674171217012923        8.0885313736227850E-003   1.7678007096562089        0.0000000000000000        0.0000000000000000     
  0.10100000000000008        27.350121460465399        3.7252783161850473        8.2763932918561260E-003   1.7918953784771010        0.0000000000000000        0.0000000000000000     
  0.10200000000000008        26.049275590574549        3.4954346957289286        8.4667110121946099E-003   1.8158914719776096        0.0000000000000000        0.0000000000000000     
  0.10300000000000008        24.807485928048141        3.2773629004418434        8.6594948314821021E-003   1.8397955641747363        0.0000000000000000        0.0000000000000000     
  0.10400000000000008        23.622701534651561        3.0705504325501183        8.8547546522470787E-003   1.8636142635598623        0.0000000000000000        0.0000000000000000     
  0.10500000000000008        22.492877827847746        2.8744968046370101        9.0524999827026123E-003   1.8873542016518516        0.0000000000000000        0.0000000000000000     
  0.10600000000000008        21.415983484181911        2.6887145002188482        9.2527399367463969E-003   1.9110220212049596        0.0000000000000000        0.0000000000000000     
  0.10700000000000008        20.390006663614578        2.5127297617243718        9.4554832339607316E-003   1.9346243640954648        0.0000000000000000        0.0000000000000000     
  0.10800000000000008        19.412960591710398        2.3460832201743216        9.6607381996125230E-003   1.9581678589180533        0.0000000000000000        0.0000000000000000     
  0.10900000000000008        18.482888534502919        2.1883303801576166        9.8685127646532863E-003   1.9816591083173869        0.0000000000000000        0.0000000000000000     
  0.11000000000000008        17.597868199275819        2.0390419730464804        1.0078814465719142E-002   2.0051046760889704        0.0000000000000000        0.0000000000000000     
  0.11100000000000008        16.756015593307954        1.8978041907708165        1.0291650445130826E-002   2.0285110740772803        0.0000000000000000        0.0000000000000000     
  0.11200000000000009        15.955488371709922        1.7642188118690487        1.0507027450893680E-002   2.0518847489079430        0.0000000000000000        0.0000000000000000     
  0.11300000000000009        15.194488704750434        1.6379032309402586        1.0724951836697650E-002   2.0752320685846084        0.0000000000000000        0.0000000000000000     
  0.11400000000000009        14.471265694454937        1.5184904020356058        1.0945429561917300E-002   2.0985593089873542        0.0000000000000000        0.0000000000000000     
  0.11500000000000009        13.784117369697558        1.4056287059411554        1.1168466191611789E-002   2.1218726403105523        0.0000000000000000        0.0000000000000000     
  0.11600000000000009        13.131392288462957        1.2989817507204429        1.1394066896524894E-002   2.1451781134741523        0.0000000000000000        0.0000000000000000     
  0.11700000000000009        12.511490775384189        1.1982281143010043        1.1622236453085003E-002   2.1684816465507799        0.0000000000000000        0.0000000000000000     
  0.11800000000000009        11.922865822051499        1.1030610373080243        1.1852979243405103E-002   2.1917890112444547        0.0000000000000000        0.0000000000000000     
  0.11900000000000009        11.364023676914828        1.0131880737713626        1.2086299255282797E-002   2.2151058194652564        0.0000000000000000        0.0000000000000000     
  0.12000000000000009        10.833524150864097       0.92833070676239415        1.2322200082200297E-002   2.2384375100368428        0.0000000000000000        0.0000000000000000     
  0.12100000000000009        10.329980663760329       0.84822393545667651        1.2560684923324414E-002   2.2617893355829835        0.0000000000000000        0.0000000000000000     
  0.12200000000000009        9.8520600563122365       0.77261583957108315        1.2801756583506577E-002   2.2851663496318766        0.0000000000000000        0.0000000000000000     
  0.12300000000000010        9.3984821907477478       0.70126712659181090        1.3045417473282823E-002   2.3085733939848230        0.0000000000000000        0.0000000000000000     
  0.12400000000000010        8.9680193627272153       0.63395066669512690        1.3291669608873791E-002   2.3320150863918938        0.0000000000000000        0.0000000000000000     
  0.12500000000000008        8.5594955458927089       0.57045101976882306        1.3540514612184732E-002   2.3554958085779449        0.0000000000000000        0.0000000000000000     
  0.12600000000000008        8.1717854893547646       0.51056395847036351        1.3791953710805511E-002   2.3790196946636395        0.0000000000000000        0.0000000000000000     
  0.12700000000000009        7.8038136872942045       0.45409599080940627        1.4045987738010595E-002   2.4025906200308742        0.0000000000000000        0.0000000000000000     
  0.12800000000000009        7.4545532387137747       0.40086388531943601        1.4302617132759064E-002   2.4262121906694425        0.0000000000000000        0.0000000000000000     
  0.12900000000000009        7.1230246142198537       0.35069420148609109        1.4561841939694601E-002   2.4498877330603439        0.0000000000000000        0.0000000000000000     
  0.13000000000000009        6.8082943455597809       0.30342282772900570        1.4823661809145501E-002   2.4736202846306448        0.0000000000000000        0.0000000000000000     
  0.13100000000000009        6.5094736524938410       0.25889452889022768        1.5088075997124667E-002   2.4974125848352742        0.0000000000000000        0.0000000000000000     
  0.13200000000000009        6.2257170204503662       0.21696250486505678        1.5355083365329611E-002   2.5212670669035506        0.0000000000000000        0.0000000000000000     
  0.13300000000000009        5.9562207413050601       0.17748796172025597        1.5624682381142448E-002   2.5451858502980684        0.0000000000000000        0.0000000000000000     
  0.13400000000000009        5.7002214285490052       0.14033969637952182        1.5896871117629913E-002   2.5691707339315677        0.0000000000000000        0.0000000000000000     
  0.13500000000000009        5.4569945170680096       0.10539369571619328        1.6171647253543343E-002   2.5932231901820932        0.0000000000000000        0.0000000000000000     
  0.13600000000000009        5.2258527567546427        7.2532750677129484E-002   1.6449008073318682E-002   2.6173443597572241        0.0000000000000000        0.0000000000000000     
  0.13700000000000009        5.0061447082168611        4.1646085868767176E-002   1.6728950467076481E-002   2.6415350474376318        0.0000000000000000        0.0000000000000000     
  0.13800000000000009        4.7972532479364594        1.2629004865441168E-002   1.7011470930621907E-002   2.6657957187581385        0.0000000000000000        0.0000000000000000     
  0.13900000000000010        4.5985940893699038       -1.4617448650649270E-002   1.7296565565444729E-002   2.6901264976521282        0.0000000000000000        0.0000000000000000     
  0.14000000000000010        4.4096143256725213       -4.0186813939452372E-002   1.7584230078719322E-002   2.7145271651094314        0.0000000000000000        0.0000000000000000     
  0.14100000000000010        4.2297909989689995       -6.4167520578106693E-002   1.7874459783304687E-002   2.7389971588820847        0.0000000000000000        0.0000000000000000     
  0.14200000000000010        4.0586297003849419       -8.6643180392737121E-002   1.8167249597744409E-002   2.7635355742746279        0.0000000000000000        0.0000000000000000     
  0.14300000000000010        3.8956632043986708      -0.10769286426022083        1.8462594046266705E-002   2.7881411660600537        0.0000000000000000        0.0000000000000000     
  0.14400000000000010        3.7404501404678623      -0.12739136416066960        1.8760487258784375E-002   2.8128123515491144        0.0000000000000000        0.0000000000000000     
  0.14500000000000010        3.5925737043295092      -0.14580944091648965        1.9060922970894848E-002   2.8375472148535605        0.0000000000000000        0.0000000000000000     
  0.14600000000000010        3.4516404108652012      -0.16301405809726033        1.9363894523880158E-002   2.8623435123647081        0.0000000000000000        0.0000000000000000     
  0.14700000000000010        3.3172788899629149      -0.17906860260333946        1.9669394864706931E-002   2.8871986794879865        0.0000000000000000        0.0000000000000000     
  0.14800000000000010        3.1891387263905702      -0.19403309246522446        1.9977416546026434E-002   2.9121098386523561        0.0000000000000000        0.0000000000000000     
  0.14900000000000010        3.0668893443231000      -0.20796437241225599        2.0287951726174511E-002   2.9370738086183317        0.0000000000000000        0.0000000000000000     
  0.15000000000000011        2.9502189368317007      -0.22091629777346730        2.0600992169171630E-002   2.9620871151185915        0.0000000000000000        0.0000000000000000     
  0.15100000000000011        2.8388334403485294      -0.23293990727682187        2.0916529244722867E-002   2.9871460028355998        0.0000000000000000        0.0000000000000000     
  0.15200000000000011        2.7324555538604125      -0.24408358531101873        2.1234553928217898E-002   3.0122464487460152        0.0000000000000000        0.0000000000000000     
  0.15300000000000011        2.6308238023587029      -0.25439321420774114        2.1555056800731023E-002   3.0373841768422527        0.0000000000000000        0.0000000000000000     
  0.15400000000000011        2.5336916438765433      -0.26391231709217922        2.1878028049021132E-002   3.0625546742408778        0.0000000000000000        0.0000000000000000     
  0.15500000000000011        2.4408266192776140      -0.27268219183633757        2.2203457465531731E-002   3.0877532086922104        0.0000000000000000        0.0000000000000000     
  0.15600000000000011        2.3520095438191611      -0.28074203663417119        2.2531334448390956E-002   3.1129748474872976        0.0000000000000000        0.0000000000000000     
  0.15700000000000011        2.2670337393949986      -0.28812906769974589        2.2861648001411505E-002   3.1382144777814847        0.0000000000000000        0.0000000000000000     
  0.15800000000000011        2.1857043062685144      -0.29487862957060323        2.3194386734090727E-002   3.1634668283105212        0.0000000000000000        0.0000000000000000     
  0.15900000000000011        2.1078374330300664      -0.30102429847820350        2.3529538861610563E-002   3.1887264925189851        4.1065653689547650E-004   2.3952976502240159E-003
  0.16000000000000011        2.0332597434550106      -0.30659797922628107        2.3867092204837560E-002   3.2139879530646396        2.5706219268128343E-003   1.4886355240580334E-002
  0.16100000000000012        1.9618076788965213      -0.31162999599653923        2.4207034190322874E-002   3.2392456077240395        5.2374900645779801E-003   3.0066416471434675E-002
  0.16200000000000012        1.8933269148192906      -0.31614917747948729        2.4549351850302280E-002   3.2644937966371925        8.4779141787150718E-003   4.8194464599776131E-002
  0.16300000000000012        1.8276718100647233      -0.32018293670664327        2.4894031822696144E-002   3.2897268309123771        1.2316596353878554E-002   6.9282317003568600E-002
  0.16400000000000012        1.7647048874338509      -0.32375734593902616        2.5241060351109460E-002   3.3149390225383892        1.6812257464474980E-002   9.3517844881839604E-002
  0.16500000000000012        1.7042963441790731      -0.32689720694598978        2.5590423284831822E-002   3.3401247155868239        2.2007788235728101E-002  0.12098517301837985     
  0.16600000000000012        1.6463235910095768      -0.32962611698801797        2.5942106078837422E-002   3.3652783186712996        2.7956348510520809E-002  0.15181632700616868     
  0.16700000000000012        1.5906708182354166      -0.33196653079743960        2.6296093793785075E-002   3.3903943386132402        3.4707436519293977E-002  0.18610214933879299     
  0.16800000000000012        1.5372285877020304      -0.33393981883202539        2.6652371096018194E-002   3.4154674152848226        4.2237228887624600E-002  0.22358387556673617     
  0.16900000000000012        1.4858934491984257      -0.33556632205813730        2.7010922257564820E-002   3.4404923575692306        5.0834574359378104E-002  0.26546424835632965     
  0.17000000000000012        1.4365675800579096      -0.33686540350280053        2.7371731156137571E-002   3.4654641803887003        6.0321571288892276E-002  0.31072259107973760     
  0.17100000000000012        1.3891584467092821      -0.33785549679750254        2.7734781275133708E-002   3.4903781427430545        7.0839944241113062E-002  0.35984585139689412     
  0.17200000000000013        1.3435784869779976      -0.33855415192081595        2.8100055703635073E-002   3.5152297866777005        8.2449186784555845E-002  0.41290965917890365     
  0.17300000000000013        1.2997448119803503      -0.33897807833223342        2.8467537136408122E-002   3.5400149771407290        9.5203976780286304E-002  0.46995642420384909     
  0.17400000000000013        1.2575789264986010      -0.33914318567558527        2.8837207873903946E-002   3.5647299426142891       0.10918537209005759       0.53113057720291268     
  0.17500000000000013        1.2170064667709666      -0.33906462221739830        2.9209049822258196E-002   3.5893713164646761       0.12445531829370916       0.59647867002503829     
  0.17600000000000013        1.1779569546763309      -0.33875681117330514        2.9583044493291195E-002   3.6139361789177391       0.14110809063384619       0.66620698063536710     
  0.17700000000000013        1.1403635673402386      -0.33823348506414280        2.9959173004507803E-002   3.6384220995468426       0.15919211714775833       0.74023987345436737     
  0.17800000000000013        1.1041629212343853      -0.33750771823275322        3.0337416079097540E-002   3.6628271801952832       0.17881695392795743       0.81881353751579056     
  0.17900000000000013        1.0692948698875984      -0.33659195764261851        3.0717754045934510E-002   3.6871500982008971       0.20004712345592460       0.90188673013533294     
  0.18000000000000013        1.0357023143707846      -0.33549805207017008        3.1100166839577434E-002   3.7113901498278996       0.22296081218496855       0.98956148735588501     
  0.18100000000000013        1.0033310257622434      -0.33423727979420514        3.1484634000269657E-002   3.7355472937740100       0.24771331602274096        1.0821330815456165     
  0.18200000000000013       0.97212947884202994      -0.33282037487787569        3.1871134673939101E-002   3.7596221946059183       0.27431758123552258        1.1793791507248264     
  0.18300000000000013       0.94204869630564836      -0.33125755213147939        3.2259647612198322E-002   3.7836162660287571       0.30290671902917188        1.2814932823239260     
  0.18400000000000014       0.91304210282697185      -0.32955853083754627        3.2650151172344467E-002   3.8075317137933031       0.33367727282910037        1.3889712940544963     
  0.18500000000000014       0.88506538833887294      -0.32773255731355416        3.3042623317359299E-002   3.8313715781297204       0.36658482281701327        1.5011801902738755     
  0.18600000000000014       0.85807637993699071      -0.32578842638188682        3.3437041615909206E-002   3.8551397755282033       0.40187757024987170        1.6188203821001990     
  0.18700000000000014       0.83203492184730687      -0.32373450181144914        3.3833383242345152E-002   3.8788411396977764       0.43958851108642755        1.7415836769425133     
  0.18800000000000014       0.80690276293215379      -0.32157873579054641        3.4231624976702735E-002   3.9024814615313894       0.47848946147623206        1.8656087437865558     
  0.18900000000000014       0.78264345124143198      -0.31932868748620657        3.4631743204702144E-002   3.9260675278998418       0.52300136400506203        2.0037234924848071     
  0.19000000000000014       0.75922223514643539      -0.31699154074113395        3.5033713917748191E-002   3.9496071590656849       0.56892956620967927        2.1431131802988124     
  0.19100000000000014       0.73660597062300470      -0.31457412095573395        3.5437512712930289E-002   3.9731092445317620       0.61807566364901612        2.2888379002201487     
  0.19200000000000014       0.71476303427803634      -0.31208291119928366        3.5843114793022463E-002   3.9965837770950721       0.67016254807507059        2.4396369131056264     
  0.19300000000000014       0.69366324173976213      -0.30952406759124362        3.6250494966483339E-002   4.0200418849236339       0.72572043681207443        2.5967105255154892     
  0.19400000000000014       0.67327777105672404      -0.30690343399079673        3.6659627647456172E-002   4.0434958613699807       0.78485115762834123        2.7599966627899821     
  0.19500000000000015       0.65357909077369469      -0.30422655603017329        3.7070486855768796E-002   4.0669591923444273       0.84762882765263114        2.9292777048367467     
  0.19600000000000015       0.63454089237476174      -0.30149869452490319        3.7483046216933678E-002   4.0904465809721335       0.91448229290074612        3.1053303647048169     
  0.19700000000000015       0.61613802680426033      -0.29872483829195046        3.7897278962147882E-002   4.1139739692583284       0.98531860110670744        3.2874762647442637     
  0.19800000000000015       0.59834644479585664      -0.29590971640470531        3.8313157928293068E-002   4.1375585565505162        1.0604797534763244        3.4761103695009741     
  0.19900000000000015       0.58114314075802420      -0.29305780991195668        3.8730655557935541E-002   4.1612188144619982        1.1403505816377761        3.6719375161170298     
  0.20000000000000015       0.56450609998137846      -0.29017336304632418        3.9149743899326170E-002   4.1849744980305585        1.2250108964115705        3.8744656618644933     
  0.20100000000000015       0.54841424894918189      -0.28726039394602326        3.9570394606400494E-002   4.2088466527436674        1.3147253484190642        4.0840471234988556     
  0.20200000000000015       0.53284740854735935      -0.28432270491250367        3.9992578938778570E-002   4.2328576172169985        1.4097207318284215        4.3007179839588536     
  0.20300000000000015       0.51778624998427170      -0.28136389222510039        4.0416267761765150E-002   4.2570310211160312        1.5104214499404160        4.5249287018852016     
  0.20400000000000015       0.50321225324353669      -0.27838735553273636        4.0841431546349546E-002   4.2813917780666264        1.6169308625978265        4.7563151155873200     
  0.20500000000000015       0.48910766790541188      -0.27539630684151961        4.1268040369205700E-002   4.3059660731685527        1.7296717351971318        4.9955950478560300     
  0.20600000000000016       0.47545547618351719      -0.27239377911610951        4.1696063912692156E-002   4.3307813448137766        1.8416280201364865        5.2282655037331978     
  0.20700000000000016       0.46223935803439070      -0.26938263451177774        4.2125471464852057E-002   4.3558662603844622        1.9748763732816732        5.4969768609909941     
  0.20800000000000016       0.44944365820706117      -0.26636557225317042        4.2556231919413164E-002   4.3812506855180890        2.1082216393191899        5.7601856291897695     
  0.20900000000000016       0.43705335510916665      -0.26334513617501926        4.2988313775787844E-002   4.4069656465365714        2.2492501799079383        6.0317453224884829     
  0.21000000000000016       0.42505403137456255      -0.26032372193926240        4.3421685139073081E-002   4.4330432856464235        2.3980995904142897        6.3114273297581009     
  0.21100000000000016       0.41343184602536093      -0.25730358394233416        4.3856313720050451E-002   4.4595168084905197        2.5553205176857698        6.5998454772918178     
  0.21200000000000016       0.40217350812874597      -0.25428684192572715        4.4292166835186157E-002   4.4864204236757432        2.7211428409918250        6.8966803536534078     
  0.21300000000000016       0.39126625185573194      -0.25127548730233418        4.4729211406630991E-002   4.5137892737969976        2.8965236522735904        7.2030298317181085     
  0.21400000000000016       0.38069781285540766      -0.24827138921046610        4.5167413962220383E-002   4.5416593575665098        3.0813980490905957        7.5182925009588804     
  0.21500000000000016       0.37045640586418693      -0.24527630030693337        4.5606740635474333E-002   4.5700674425550396        3.2767237834001537        7.8431906156787203     
  0.21600000000000016       0.36053070347504118      -0.24229186231006569        4.6047157165597458E-002   4.5990509681078553        3.4825329304308843        8.1773286538525625     
  0.21700000000000016       0.35090981599676957      -0.23931961130304602        4.6488628897479033E-002   4.6286479379514534        3.6994437517756067        8.5210094502027047     
  0.21800000000000017       0.34158327233819641      -0.23636098280751447        4.6931120781692877E-002   4.6588968019922001        3.9283851410438451        8.8750142147229880     
  0.21900000000000017       0.33254100185649244      -0.23341731663695070        4.7374597374497451E-002   4.6898363268020766        4.1696746496830439        9.2390854299053178     
  0.22000000000000017       0.32377331711292956      -0.23048986153894088        4.7819022837835824E-002   4.7215054543157375        4.4243043863214000        9.6140874949697945     
  0.22100000000000017       0.31527089748321280      -0.22757977963507162        4.8264360939335643E-002   4.7539431481476813        4.6919404021147368        9.9983953498042553     
  0.22200000000000017       0.30702477357296243      -0.22468815066680048        4.8710575052309205E-002   4.7871882270381709        4.9734730283149045        10.392963537561624     
  0.22300000000000017       0.29902631239228866      -0.22181597605533812        4.9157628155753384E-002   4.8212791848572252        5.2708116713889526        10.799796677855484     
  0.22400000000000017       0.29126720324632677      -0.21896418278322646        4.9605482834349714E-002   4.8562539965912981        5.5844794668199649        11.218580073238192     
  0.22500000000000017       0.28373944430149256      -0.21613362710498904        5.0054101278464255E-002   4.8921499097224235        5.9129668462187297        11.646078645727796     
  0.22600000000000017       0.27643532978979407      -0.21332509809394207        5.0503445284147727E-002   4.9290032204588297        6.2600811747163583        12.087211357793951     
  0.22700000000000017       0.26934743781595938      -0.21053932103195058        5.0953476253135489E-002   4.9668490341287788        6.6241669524462168        12.538501862903265     
  0.22800000000000017       0.26246861873439958      -0.20777696064865847        5.1404155192847432E-002   5.0057210091766242        7.0077814719275784        13.002554861190376     
  0.22900000000000018       0.25579198406512293      -0.20503862421644486        5.1855442716388110E-002   5.0456510840734365        7.4109234121296534        13.478403854707160     
  0.23000000000000018       0.24931089591964481      -0.20232486450712178        5.2307299042546648E-002   5.0866691865691944        7.7967230073356575        13.925075481349499     
  0.23100000000000018       0.24301895690975497      -0.19963618261613630        5.2759683995796842E-002   5.1288029245133915        8.2398977674441660        14.423989970809421     
  0.23200000000000018       0.23691000051368971      -0.19697303065982083        5.3212557006297019E-002   5.1720772576508667        8.7496183773253815        14.981851978020787     
  0.23300000000000018       0.23097808187579558      -0.19433581435100855        5.3665877109890195E-002   5.2165141496666765        9.2415564016456067        15.507780889853750     
  0.23400000000000018       0.22521746901725778      -0.19172489545811541        5.4119602948103925E-002   5.2621321997478701        9.7095085471158296        15.999054445952327     
  0.23500000000000018       0.21962263443678709      -0.18914059415260104        5.4573692768150384E-002   5.3089462529930040        10.301533299595008        16.599648886482033     
  0.23600000000000018       0.21418824708144368      -0.18658319124950218        5.5028104422926376E-002   5.3569669888669438        10.871375085350484        17.166086474344262     
  0.23700000000000018       0.20890916466894044      -0.18405293034556888        5.5482795371013353E-002   5.4062004869906168        11.468800975346202        17.745011018782208     
  0.23800000000000018       0.20378042634385662      -0.18155001985933725        5.5937722676677279E-002   5.4566477694782884        12.097165450456369        18.339495252565996     
  0.23900000000000018       0.19879724565123169      -0.17907463497730022        5.6392843009868791E-002   5.5083043190347816        12.755664536066861        18.947252772791746     
  0.24000000000000019       0.19395500381194072      -0.17662691951018045        5.6848112646223137E-002   5.5611595720103884        13.444307651468201        19.567051951493720     
  0.24100000000000019       0.18924924328515769      -0.17420698766313919        5.7303487467060155E-002   5.6151963856174198        14.168102836945183        20.202495968854112     
  0.24200000000000019       0.18467566160402243      -0.17181492572359372        5.7758922959384257E-002   5.6703904784580228        14.924263721440006        20.850300539814629     
  0.24300000000000019       0.18023010547144638      -0.16945079367020061        5.8214374215884553E-002   5.7267098434767973        15.721259183548426        21.517464309080655     
  0.24400000000000019       0.17590856510365754      -0.16711462670636862        5.8669795934934682E-002   5.7841141325816698        16.551639198069573        22.194720497286621     
  0.24500000000000019       0.17170716880981557      -0.16480643672157308        5.9125142420592927E-002   5.8425540119123109        17.423405097734811        22.889345696493436     
  0.24600000000000019       0.16762217779664412      -0.16252621368359146        5.9580367582602170E-002   5.9019704869953626        18.332187736096540        23.594745638369034     
  0.24700000000000019       0.16364998118759691      -0.16027392696463350        6.0035424936389914E-002   5.9622941967305119        19.286797904919155        24.318638380438500     
  0.24800000000000019       0.15978709124670470      -0.15804952660427746        6.0490267603068228E-002   6.4112432838551454        20.280737451877179        25.053750894106390     
  0.24900000000000019       0.15603013879768254      -0.15585294451192275        6.0944848309433849E-002   6.4573033462262570        21.321561268846008        25.805036698724358     
  0.25000000000000017       0.15237586882943402      -0.15368409561142907        6.1399119387968097E-002   6.5028194419696463        22.285513374888588        26.488224155465073     
  0.25100000000000017       0.14882113627953139      -0.15154287893046836        6.1853032776836903E-002   6.5477699966353136        23.543621951228705        27.350923856223552     
  0.25200000000000017       0.14536290198767496      -0.14942917863700933        6.2306540019890763E-002   6.5921332599484392        24.728755835316665        28.145400171687836     
  0.25300000000000017       0.14199822881154686      -0.14734286502526911        6.2759588782644649E-002   6.6358873177087965        25.965218028339265        28.955084190409945     
  0.25400000000000017       0.13872427789787581      -0.14528379545336453        6.3200638401185852E-002   6.6790101043306134        27.256238058179434        29.780991754133034     
  0.25500000000000017       0.13553830510185289      -0.14325181523479197        6.3618560770645496E-002   6.7214794160270399        28.593854642583398        30.612438689024142     
  0.25600000000000017       0.13243765754842890      -0.14124675848579776        6.4012777816929128E-002   6.7632729246429513        29.994946088973965        31.465387892999065     
  0.25700000000000017       0.12941977032928503      -0.13926844893058854        6.4382728041595477E-002   6.8043681921438290        31.452929732627833        32.331010097590877     
  0.25800000000000017       0.12648216332962900      -0.13731670066627227        6.4727867439425310E-002   6.8447426857609148        32.969039995861571        33.210128782769090     
  0.25900000000000017       0.12362243817921449      -0.13539131888933012        6.5047670407619898E-002   6.8843737937952536        34.542507593698097        34.097196110719437     
  0.26000000000000018       0.12083827532226463      -0.13349210058534230        6.5341630645240276E-002   6.9232388420809237        36.181446089401149        35.003542330635263     
  0.26100000000000018       0.11812743120123231      -0.13161883518362111        6.5609262041490063E-002   6.9613151111068410        37.884452333089229        35.921257334540726     
  0.26200000000000018       0.11548773554957810      -0.12977130517833738        6.5850099551438793E-002   6.9985798537936317        39.651076519333188        36.851217889403266     
  0.26300000000000018       0.11291708878896417      -0.12794928671765612        6.6106099496768891E-002   7.0350103139244560        41.484279012118890        37.793100992042142     
  0.26400000000000018       0.11041345952647737      -0.12615255016232718        6.6366843711595375E-002   7.0705837452195288        43.377243180999329        38.739859236253103     
  0.26500000000000018       0.10797488214770766      -0.12438086061512806        6.6624163635116529E-002   7.1052774310515501        45.351096487798387        39.705063706266806     
  0.26600000000000018       0.10559945450169653      -0.12263397842248475        6.6880301303700401E-002   7.1390687047918799        47.388926930681890        40.675469034570746     
  0.26700000000000018       0.10328533567394314      -0.12091165964954333        6.7137421488527568E-002   7.1719349707741618        49.497837509734197        41.661620116379645     
  0.26800000000000018       0.10103074384384965      -0.11921365652991425        6.7397613462021805E-002   7.2038537258689637        51.675421806210785        42.651668458145252     
  0.26900000000000018        9.8833954223131237E-002 -0.11753971789125164        6.7662892984526365E-002   7.2348025816473909        53.923896103535512        43.649351079862519     
  0.27000000000000018        9.6693297071880541E-002 -0.11588958955778253        6.7935204487547987E-002   7.2647592871247690        56.262541793353058        44.674262219499077     
  0.27100000000000019        9.4607155789137851E-002 -0.11426301473086481        6.8216423426836426E-002   7.2937017520595155        58.652636361999029        45.677084872103066     
  0.27200000000000019        9.2573965074924214E-002 -0.11265973434857426        6.8508358775844810E-002   7.3216080707936655        61.122963622400533        46.697896197084013     
  0.27300000000000019        9.0592209160873835E-002 -0.11107948742532139        6.8812755627636890E-002   7.3484565466073537        63.667831245308356        47.725074406546902     
  0.27400000000000019        8.8660420106684706E-002 -0.10952201137241278        6.9131297871234995E-002   7.3742257165646787        66.289585825858524        48.759128140780824     
  0.27500000000000019        8.6777176159760591E-002 -0.10798704230046002        6.9465610906716269E-002   7.3988943768251536        68.981504579243378        49.794342580418252     
  0.27600000000000019        8.4941100175522505E-002 -0.10647431530449626        6.9817264362193959E-002   7.4224416083920293        71.749609433167080        50.835400507968281     
  0.27700000000000019        8.3150858095960845E-002 -0.10498356473260241        7.0187774775061801E-002   7.4448468032637942        74.214129677712180        51.744628341138750     
  0.27800000000000019        8.1405157484129728E-002 -0.10351452443883735        7.0578608199745638E-002   7.4660896909617414        77.117756573533370        52.788535333610525     
  0.27900000000000019        7.9702746112371700E-002 -0.10206692802121811        7.0991182704504760E-002   7.4861503653919135        80.094054541176675        53.833050772779352     
  0.28000000000000019        7.8042410602143342E-002 -0.10064050904545072        7.1426870720727134E-002   7.5050093120058845        83.556943035144428        55.015955735554229     
  0.28100000000000019        7.6422975113432046E-002  -9.9235001255114738E-002   7.1887001209568993E-002   7.5226474352266317        86.679139539193741        56.056758020616982     
  0.28200000000000019        7.4843300081815278E-002  -9.7850138768941441E-002   7.2372861612729350E-002   7.5390460860870885        89.880038531038196        57.101374504084895     
  0.28300000000000020        7.3302281001293726E-002  -9.6485656265804742E-002   7.2885699556502911E-002   7.5541870900479671        93.145265420740287        58.140102305997175     
  0.28400000000000020        7.1798847251138123E-002  -9.5141289158035935E-002   7.3426724281202643E-002   7.5680527749400222        96.470593992050553        59.178611640030176     
  0.28500000000000020        7.0331960965022644E-002  -9.3816773753615287E-002   7.3997107771216666E-002   7.5806259989904961        99.876459856462290        60.209299390576987     
  0.28600000000000020        6.8900615940823098E-002  -9.2511847407796735E-002   7.4597985564660935E-002   7.5918901788782227        103.33618040480970        61.235191108025148     
  0.28700000000000020        6.7503836589509397E-002  -9.1226248664677434E-002   7.5230457225516717E-002   7.6018293177660547        106.36909949980114        62.116615950053301     
  0.28800000000000020        6.6140676921623967E-002  -8.9959717389211116E-002   7.5895586465221362E-002   7.6104280332591978        110.43749588675452        63.267820874561622     
  0.28900000000000020        6.4810219569912550E-002  -8.8711994890139007E-002   7.6594400905185031E-002   7.6176715852338450        114.07554872989554        64.274069564849810     
  0.29000000000000020        6.3511574846725385E-002  -8.7482824034292708E-002   7.7327891476096255E-002   7.6235459034721309        117.76604891048554        65.271365283547198     
  0.29100000000000020        6.2243879834860537E-002  -8.6271949352698343E-002   7.8097011454400414E-002   7.6280376150534792        121.50858231097335        66.256638363774385     
  0.29200000000000020        6.1006297510575368E-002  -8.5079117138891339E-002   7.8902675140882603E-002   7.6311340714361791        125.29909343598142        67.232258082672487     
  0.29300000000000020        5.9798015897562486E-002  -8.3904075539849507E-002   7.9745756190792175E-002   7.6328233751680106        129.13574172210627        68.197265790868215     
  0.29400000000000021        5.8618247250699890E-002  -8.2746574639903189E-002   8.0627085609117147E-002   7.6330944061616082        132.47257694193746        69.016599595013346     
  0.29500000000000021        5.7466227268466924E-002  -8.1606366537991859E-002   8.1547449428965676E-002   7.6319368474767346        136.94161942296830        70.094468276809593     
  0.29600000000000021        5.6341214332943999E-002  -8.0483205418606957E-002   8.2507586094639151E-002   7.6293412105303462        140.90157748419617        71.022302304695557     
  0.29700000000000021        5.5242488776363209E-002  -7.9376847616749568E-002   8.3508183574879477E-002   7.6252988596856017        144.89358419332049        71.935369638154725     
  0.29800000000000021        5.4169352173215619E-002  -7.8287051677210936E-002   8.4549876234878946E-002   7.6198020361373047        148.92060199364184        72.836699109319028     
  0.29900000000000021        5.3121126656963953E-002  -7.7213578408478381E-002   8.5633241498551088E-002   7.6128438810375370        152.97425377028028        73.721455047081889     
  0.30000000000000021        5.2097154260443458E-002  -7.6156190931544743E-002   8.6758796335266786E-002   7.6044184577859788        157.05513815781828        74.593307285378756     
  0.30100000000000021        5.1096796279076082E-002  -7.5114654723899027E-002   8.7926993607256906E-002   7.5945207734228832        161.15266027585665        75.445950581630640     
  0.30200000000000021        5.0119432656048901E-002  -7.4088737658949994E-002   8.9138218315538739E-002   7.5831467990535497        164.67627500121998        76.162886856251859     
  0.30300000000000021        4.9164461388648148E-002  -7.3078210041130756E-002   9.0392783783736760E-002   7.5702934892378630        168.83167611618720        76.989975160094389     
  0.30400000000000021        4.8231297954974772E-002  -7.2082844636925478E-002   9.1690927819704907E-002   7.5559588002801057        173.55742701609893        77.906970583712308     
  0.30500000000000022        4.7319374760281273E-002  -7.1102416702028340E-002   9.3032808895417443E-002   7.5401417073484023        177.71961803100137        78.699130922160194     
  0.30600000000000022        4.6428140602225755E-002  -7.0136704004864173E-002   9.4418502385592365E-002   7.5228422203633807        181.88066706722657        79.466700492095597     
  0.30700000000000022        4.5557060154340252E-002  -6.9185486846660857E-002   9.5847996904911623E-002   7.5040613985891689        186.03412203566404        80.206881549065656     
  0.30800000000000022        4.4705613467055219E-002  -6.8248548078275378E-002   9.7321190782986858E-002   7.4838013638664638        190.21588536283946        80.952545243890512     
  0.30900000000000022        4.3873295485637877E-002  -6.7325673113951032E-002   9.8837888714907354E-002   7.4620653124259730        194.38447847903885        81.668324287520889     
  0.31000000000000022        4.3059615584439485E-002  -6.6416649942193887E-002  0.10039779862378319        7.4388575252223710        197.96632396523077        82.269132912433861     
  0.31100000000000022        4.2264097116847643E-002  -6.5521269133918758E-002  0.10200052876950105        7.4141833767341847        202.68652930812576        83.043465550045312     
  0.31200000000000022        4.1486276980390223E-002  -6.4639323848039915E-002  0.10364558513605829        7.3880493421760542        206.82978210011024        83.705910977075334     
  0.31300000000000022        4.0725705196436285E-002  -6.3770609834647732E-002  0.10533236912715792        7.3604630030677329        210.94983284513512        84.348263622546270     
  0.31400000000000022        3.9981944503973785E-002  -6.2914925435923058E-002  0.10706017559716768        7.3314330511188954        215.05842442347969        84.970565187392353     
  0.31500000000000022        3.9254569966958724E-002  -6.2072071584920521E-002  0.10882819124162167        7.3009692903755239        219.14695682402970        85.576826064092202     
  0.31600000000000023        3.8543168594750425E-002  -6.1241851802358444E-002  0.11063549336849164        7.2690826375933053        223.21891837751770        86.164906222253393     
  0.31700000000000023        3.7847338975165297E-002  -6.0424072191533271E-002  0.11248104906833148        7.2357851208000179        227.26508103794833        86.735106916227238     
  0.31800000000000023        3.7166690919700901E-002  -5.9618541431480952E-002  0.11436371479788322        7.2010898760037989        230.74398239932003        87.206546789934592     
  0.31900000000000023        3.6500845120500641E-002  -5.8825070768499584E-002  0.11628223638911925        7.1650111420289777        235.27245011089295        87.820261925892908     
  0.32000000000000023        3.5849432818637395E-002  -5.8043474006134840E-002  0.11823524949146307        7.1275642534460077        239.23608628091588        88.335377536232528     
  0.32100000000000023        3.5212095483321271E-002  -5.7273567493733912E-002  0.12022128045258566        7.0887656315774290        243.16570737507132        88.830166262075821     
  0.32200000000000023        3.4588484501646012E-002  -5.6515170113666476E-002  0.12223874763940047        7.0486327735621979        247.06168024280160        89.315315294755550     
  0.32300000000000023        3.3978260878499478E-002  -5.5768103267299571E-002  0.12428596319758259        7.0071842394679544        250.92113048571554        89.779223989171626     
  0.32400000000000023        3.3381094946287229E-002  -5.5032190859818732E-002  0.12636113524576073        6.9644396374421449        254.74905359040983        90.226097179869697     
  0.32500000000000023        3.2796666084120338E-002  -5.4307259283974653E-002  0.12846237049597939        6.9204196069046580        258.55269463341227        90.655501014323661     
  0.32600000000000023        3.2224662446139828E-002  -5.3593137402835826E-002  0.13058767729140336        6.8751457997837635        261.75574975313214        91.003456917749276     
  0.32700000000000023        3.1664780698661459E-002  -5.2889656531625001E-002  0.13273496904725299        6.8286408598005233        265.97317503110708        91.463107304835901     
  0.32800000000000024        3.1116725765827517E-002  -5.2196650418702348E-002  0.13490206808037991        6.7809283998313843        269.63059495338013        91.844176483493769     
  0.32900000000000024        3.0580210583477700E-002  -5.1513955225771825E-002  0.13708670980958740        6.7320329773449918        273.25545199689890        92.210208373139153     
  0.33000000000000024        3.0054955860949951E-002  -5.0841409507367881E-002  0.13928654730700449        6.6819800679685359        276.82731534052687        92.561332555701028     
  0.33100000000000024        2.9540689850541427E-002  -5.0178854189688420E-002  0.14149915617883480        6.6307960371911410        280.35345829857675        92.896263519740870     
  0.33200000000000024        2.9037148124360902E-002  -4.9526132548825270E-002  0.14372203975240089        6.5785081102538312        283.84010528760086        93.216046143085407     
  0.33300000000000024        2.8544073358323506E-002  -4.8883090188453264E-002  0.14595263454486232        6.5251443402751930        287.27377663312831        93.522377232596540     
  0.33400000000000024        2.8061215123038500E-002  -4.8249575017023233E-002  0.14818831598735260        6.4707335746434813        290.66415774561449        93.813815914875235     
  0.33500000000000024        2.7588329681358045E-002  -4.7625437224511694E-002  0.15042640437780738        6.4153054197494388        294.00097634189319        94.091443881062176     
  0.33600000000000024        2.7125179792358147E-002  -4.7010529258773637E-002  0.15266417103489688        6.3588902041106641        297.29614982952376        94.356099734834075     
  0.33700000000000024        2.6671534521530042E-002  -4.6404705801536515E-002  0.15489884462452930        6.3015189399493172        300.53826775904764        94.606883444856294     
  0.33800000000000024        2.6227169056977556E-002  -4.5807823744085777E-002  0.15712761763037383        6.2432232833092245        303.73576728573386        94.844626422878619     
  0.33900000000000025        2.5791864531408377E-002  -4.5219742162670953E-002  0.15934765293932418        6.1840354927700529        306.88884602763602        95.073149380490207     
  0.34000000000000025        2.5365407849732128E-002  -4.4640322293678605E-002  0.16155609051352429        6.1239883868555607        309.97981003015929        95.285433416534147     
  0.34100000000000025        2.4947591522067072E-002  -4.4069427508597679E-002  0.16375005411966845        6.0631153002121945        312.72106903092100        95.458337643382961     
  0.34200000000000025        2.4538213501982077E-002  -4.3506923288818417E-002  0.16592665808793164        6.0014500386523064        315.72267502233109        95.647467072745599     
  0.34300000000000025        2.4137077029790996E-002  -4.2952677200290758E-002  0.16808301407220691        5.9390268331596694        318.97828495872875        95.856503879855879     
  0.34400000000000025        2.3743990480733602E-002  -4.2406558868071299E-002  0.17021623778489506        5.8758802929483220        321.91065753763030        96.032526230978604     
  0.34500000000000025        2.3358767217878655E-002  -4.1868439950788996E-002  0.17232345567993065        5.8120453576883309        324.73968825124911        96.179972581260245     
  0.34600000000000025        2.2981225449593749E-002  -4.1338194115055155E-002  0.17440181155861473        5.7475572489942142        327.54987554288277        96.328571418001275     
  0.34700000000000025        2.2611188091424494E-002  -4.0815697009837899E-002  0.17644847307384312        5.6824514212927477        330.31392272810785        96.465581672456466     
  0.34800000000000025        2.2248482632242432E-002  -4.0300826240829112E-002  0.17846063810998380        5.6167635121782471        333.02899744902140        96.595137908096703     
  0.34900000000000025        2.1892941004517132E-002  -3.9793461344822534E-002  0.18043554101604661        5.5505292923717509        335.68925266458854        96.707861775362872     
  0.35000000000000026        2.1544399458577123E-002  -3.9293483764124656E-002  0.18237045867170829        5.4837846154014374        338.31034145915618        96.818318039330606     
  0.35100000000000026        2.1202698440725708E-002  -3.8800776821013787E-002  0.18426271636703095        5.4165653671171921        340.88448440537547        96.915486528885168     
  0.35200000000000026        2.0867682475089890E-002  -3.8315225692271054E-002  0.18610969347809089        5.3489074151662450        343.41599476154801        97.007587516910334     
  0.35300000000000026        2.0539200049073048E-002  -3.7836717383793440E-002  0.18790882892157371        5.2808465585457895        345.90322969707887        97.088733955740622     
  0.35400000000000026        2.0217103502299414E-002  -3.7365140705308587E-002  0.18965762637461225        5.2124184773515374        348.34282675226103        97.166125350791901     
  0.35500000000000026        1.9901248918931892E-002  -3.6900386245204475E-002  0.19135365924499728        5.1436586828472857        350.75159115800739        97.228967560940987     
  0.35600000000000026        1.9591496023255214E-002  -3.6442346345486272E-002  0.19299457538139594        5.0936194611961332        353.10389188207836        97.288771780584099     
  0.35700000000000026        1.9287708078417617E-002  -3.5990915076875359E-002  0.19457810151207638        5.0457565907239399        355.41696270890316        97.338807432330029     
  0.35800000000000026        1.8989751788228520E-002  -3.5545988214059687E-002  0.19610204740365991        4.9978696013065003        357.70930719529076        97.382419633981925     
  0.35900000000000026        1.8697497201912244E-002  -3.5107463211107089E-002  0.19756430973278025        4.9499926713137210        360.05862897429898        97.439114714748328     
  0.36000000000000026        1.8410817621724123E-002  -3.4675239177052772E-002  0.19896287566419971        4.9021595643324920        362.14223891651039        97.451310091284412     
  0.36100000000000027        1.8129589513334491E-002  -3.4249216851668346E-002  0.20029582613127450        4.8544035836901882        364.30715710874364        97.476788592626477     
  0.36200000000000027        1.7853692418892970E-002  -3.3829298581421891E-002  0.20156133881516475        4.8067575280972825        366.43077220059934        97.495345037313172     
  0.36300000000000027        1.7583008872685674E-002  -3.3415388295636776E-002  0.20275769082125791        4.7592536485291443        368.51869195316925        97.503471576853144     
  0.36400000000000027        1.7317424319303752E-002  -3.3007391482856550E-002  0.20388326105231575        4.7119236064320003        370.56472652414834        97.513302257452153     
  0.36500000000000027        1.7056827034240805E-002  -3.2605215167421500E-002  0.20493653227891642        4.6647984333592261        372.51090779353291        97.506356310013004     
  0.36600000000000027        1.6801108046844204E-002  -3.2208767886264728E-002  0.20591609290817808        4.6179084921272446        374.60238699469488        97.508271545320596     
  0.36700000000000027        1.6550161065543436E-002  -3.1817959665932455E-002  0.20684085781369918        4.5712834395803812        376.55456651078993        97.495827683071738     
  0.36800000000000027        1.6303882405283195E-002  -3.1432701999830899E-002  0.20773584358622785        4.5249521910462960        378.48820814763400        97.482918697470851     
  0.36900000000000027        1.6062170917092423E-002  -3.1052907825709034E-002  0.20860115840621923        4.4789428865580643        380.38756838771093        97.463271607377706     
  0.37000000000000027        1.5824927919720986E-002  -3.0678491503377169E-002  0.20943684756363823        4.4332828589137474        382.25684646676933        97.437342255323159     
  0.37100000000000027        1.5592057133279075E-002  -3.0309368792667414E-002  0.21024297481484064        4.3879986036438634        384.10451467429374        97.408873968174163     
  0.37200000000000027        1.5363464614814613E-002  -2.9945456831635978E-002  0.21101962177385997        4.3431157509378764        385.90169047324429        97.373619664750848     
  0.37300000000000028        1.5139058695771307E-002  -2.9586674115015050E-002  0.21176688728750032        4.2986590395889035        387.68043804094827        97.337250048893324     
  0.37400000000000028        1.4918749921264397E-002  -2.9232940472911365E-002  0.21248488679730099        4.2546522929990260        389.46418731345949        97.294609915541429     
  0.37500000000000028        1.4702450991119900E-002  -2.8884177049757129E-002  0.21317375168985986        4.2111183972879020        391.20904700276088        97.249547280840986     
  0.37600000000000028        1.4490076702620107E-002  -2.8540306283511927E-002  0.21383362863846264        4.1680792815328989        392.92013713436808        97.197533516333593     
  0.37700000000000028        1.4281543894905767E-002  -2.8201251885121452E-002  0.21446467893688506        4.1255559001722180        394.60947290019311        97.143822710221727     
  0.37800000000000028        1.4076771394978463E-002  -2.7866938818228819E-002  0.21506707782838563        4.0835682175860111        396.28300167603987        97.086911834434119     
  0.37900000000000028        1.3875679965257943E-002  -2.7537293279142797E-002  0.21564101383034359        4.0421351948668907        397.92365758282841        97.026178703369979     
  0.38000000000000028        1.3678192252643412E-002  -2.7212242677062678E-002  0.21618668805664484        4.0012747787905001        399.55690912659321        96.961965520681900     
  0.38100000000000028        1.3484232739034645E-002  -2.6891715614560021E-002  0.21670431353811401        3.9610038929775335        401.07834083629058        96.881057905779798     
  0.38200000000000028        1.3293727693264718E-002  -2.6575641868315885E-002  0.21719411454401877        3.9213384312430661        402.75238044033756        96.824520344660399     
  0.38300000000000028        1.3106605124404980E-002  -2.6263952370116552E-002  0.21765632590274672        3.8822932531189243        404.33164392779167        96.751567914508641     
  0.38400000000000029        1.2922794736396686E-002  -2.5956579188104435E-002  0.21809119232442933        3.8438821815223707        405.87312569726777        96.673771123334134     
  0.38500000000000029        1.2742227883970402E-002  -2.5653455508284732E-002  0.21849896772459362        3.8061180025485846        407.41559186721543        96.596962958228588     
  0.38600000000000029        1.2564837529813685E-002  -2.5354515616287675E-002  0.21887991455006400        3.7690124673503034        408.92116221739371        96.513169509387666     
  0.38700000000000029        1.2390558202948411E-002  -2.5059694879384625E-002  0.21923430310572398        3.7325762960635545        410.44134055156673        96.431339789055542     
  0.38800000000000029        1.2219325958281345E-002  -2.4768929728756772E-002  0.21956241088299841        3.6968191837362743        411.91176970972339        96.340474302246278     
  0.38900000000000029        1.2051078337292275E-002  -2.4482157642016503E-002  0.21986452188828454        3.6617498082064568        413.39425321976108        96.251607765999864     
  0.39000000000000029        1.1885754329825401E-002  -2.4199317125979117E-002  0.22014092597124474        3.6273758398726059        414.84784888363686        96.159915559401597     
  0.39100000000000029        1.1723294336950183E-002  -2.3920347699683424E-002  0.22039191815046363        3.5937039532971036        416.29430164383513        96.063919235193893     
  0.39200000000000029        1.1563640134859641E-002  -2.3645189877659983E-002  0.22061779793593850        3.5607398405754420        417.71770622281963        95.967604261964368     
  0.39300000000000029        1.1406734839775216E-002  -2.3373785153445546E-002  0.22081886864482350        3.5284882263999631        419.14518307472150        95.871256279993844     
  0.39400000000000029        1.1252522873826941E-002  -2.3106075983340860E-002  0.22099543670857075        3.4969528847470057        420.52821334407497        95.768243592983040     
  0.39500000000000030        1.1100949931881229E-002  -2.2842005770411910E-002  0.22114781096688552        3.4661366571031662        421.95149579916068        95.666209173169364     
  0.39600000000000030        1.0951962949286390E-002  -2.2581518848730251E-002  0.22127630194607237        3.4360414721581840        423.32298678652478        95.560489844944527     
  0.39700000000000030        1.0805510070509271E-002  -2.2324560467852101E-002  0.22138122111473718        3.4066683668734039        424.68864121443534        95.455337961871976     
  0.39800000000000030        1.0661540618636667E-002  -2.2071076777533942E-002  0.22146288011157289        3.3780175088423405        426.04853389797398        95.342323977881279     
  0.39900000000000030        1.0520005065715309E-002  -2.1821014812681689E-002  0.22152158993892518        3.3500882198555604        427.39044814056126        95.236775593940052     
  0.40000000000000030        1.0380855003905572E-002  -2.1574322478531568E-002  0.22155766011161379        3.3228790005781921        428.72584555466256        95.121296468328268     
  0.40100000000000030        1.0244043117425111E-002  -2.1330948536060698E-002  0.22157139775216519        3.2963875562478133        430.02881223065503        95.002130601445813     
  0.40200000000000030        1.0109523155259027E-002  -2.1090842587624680E-002  0.22156310661921891        3.2706108233035729        431.35538036457876        94.888660649109255     
  0.40300000000000030        9.9772499046141567E-003  -2.0853955062820392E-002  0.22153308605432703        3.2455449968486016        432.65685530595096        94.771727069790401     
  0.40400000000000030        9.8471791650949613E-003  -2.0620237204570933E-002  0.22148162982878661        3.2211855588578313        433.95547922953375        94.652973805044994     
  0.40500000000000030        9.7192677235801665E-003  -2.0389641055429699E-002  0.22140902486885741        3.1975273070323893        435.23604246536502        94.532620443204266     
  0.40600000000000031        9.5934733297801198E-003  -2.0162119444103146E-002  0.22131554983241417        3.1745643842123643        436.50225716211173        94.409125365777086     
  0.40700000000000031        9.4697546724546548E-003  -1.9937625972188278E-002  0.22120147350471903        3.1522903082533422        437.76008450524597        94.283041662617237     
  0.40800000000000031        9.3480713562712897E-003  -1.9716115001121415E-002  0.22106705297264725        3.1306980022772235        438.98210466589057        94.166702347870483     
  0.40900000000000031        9.2283838792869798E-003  -1.9497541639338357E-002  0.22091253152816656        3.1097798252071334        439.84203742265498        93.946405169453854     
  0.41000000000000031        9.1106536110334875E-003  -1.9281861729640866E-002  0.22073813623956026        3.0895276024999250        441.51339370956072        93.899205514695538     
  0.41100000000000031        8.9948427711903228E-003  -1.9069031836768415E-002  0.22054407511324803        3.0699326569888279        442.72691849204455        93.774703675311699     
  0.41200000000000031        8.8809144088268545E-003  -1.8859009235171482E-002  0.22033053374908546        3.0509858397550835        443.94205214241492        93.644422407506667     
  0.41300000000000031        8.7688323821986554E-003  -1.8651751896984904E-002  0.22009767136708708        3.0326775609463787        445.13026192256808        93.508360562365198     
  0.41400000000000031        8.6585613390812964E-003  -1.8447218480198504E-002  0.21984561604806888        3.0149978204645014        446.33077129884492        93.377138629938273     
  0.41500000000000031        8.5500666976254334E-003  -1.8245368317020689E-002  0.21957445898664646        2.9979362384464334        447.52440545288130        93.243202069552297     
  0.41600000000000031        8.4433146277205738E-003  -1.8046161402435913E-002  0.21928424749511460        2.9814820854687931        448.70036093963193        93.103882129504882     
  0.41700000000000031        8.3382720328495034E-003  -1.7849558382948733E-002  0.21897497641467059        2.9656243124046004        449.87055621659511        92.969769104050130     
  0.41800000000000032        8.2349065324233556E-003  -1.7655520545517021E-002  0.21864657748195160        2.9503515798689626        451.03363411970201        92.830703933305969     
  0.41900000000000032        8.1331864445800088E-003  -1.7464009806667385E-002  0.21829890604365706        2.9356522871913815        452.19354724288422        92.692175603438344     
  0.42000000000000032        8.0330807694348316E-003  -1.7274988701792338E-002  0.21793172430344035        2.9215146008563084        453.34092551057245        92.552284630900473     
  0.42100000000000032        7.9345591727703838E-003  -1.7088420374626892E-002  0.21754467998322083        2.9079264823590867        454.48115971403058        92.411675003382115     
  0.42200000000000032        7.8375919701525534E-003  -1.6904268566900974E-002  0.21713727885158274        2.8948757154259499        455.62833969706475        92.269463938222387     
  0.42300000000000032        7.7421501114609652E-003  -1.6722497608165639E-002  0.21670884895003750        2.8823499325513264        456.72978491189332        92.128439157843957     
  0.42400000000000032        7.6482051658216038E-003  -1.6543072405789706E-002  0.21625849342324310        2.8703366408116158        457.83876802830105        91.981350477916592     
  0.42500000000000032        7.5557293069322363E-003  -1.6365958435127004E-002  0.21578502747079747        2.8588232469151551        458.93148603708039        91.835857139791727     
  0.42600000000000032        7.4646952987668753E-003  -1.6191121729847775E-002  0.21528689281060204        2.8477970814538756        460.03645778083296        91.690890539032765     
  0.42700000000000032        7.3750764816504430E-003  -1.6018528872434695E-002  0.21476203969829305        2.8372454223276065        461.11513479027678        91.543343570703982     
  0.42800000000000032        7.2868467586930013E-003  -1.5848146984840213E-002  0.21420776118559373        2.8271555173115543        462.18319906429434        91.396249405046163     
  0.42900000000000033        7.1999805825731745E-003  -1.5679943719302276E-002  0.21362045544206995        2.8175146057459481        463.27179628316014        91.249651128046096     
  0.43000000000000033        7.1144529426612835E-003  -1.5513887249316852E-002  0.21299527692091477        2.8083099393271520        464.32831968076033        91.098411300095307     
  0.43100000000000033        7.0302393524724659E-003  -1.5349946260763726E-002  0.21232561068528233        2.7995288019855651        465.38647759336737        90.949026239628139     
  0.43200000000000033        6.9473158374411667E-003  -1.5188089943184742E-002  0.21160225586592890        2.7911585288362617        466.42015928120611        90.798936187511032     
  0.43300000000000033        6.8656589230073643E-003  -1.5028287981210359E-002  0.21081211188608726        2.7831865241965681        467.47603338954008        90.649153499498382     
  0.43400000000000033        6.7852456230068333E-003  -1.4870510546133845E-002  0.20993597545999454        2.7756002786616341        468.51116557770769        90.497842496406236     
  0.43500000000000033        6.7060534283562021E-003  -1.4714728287629798E-002  0.20894465993311756        2.7683873852389826        469.53221800179938        90.343665691203455     
  0.43600000000000033        6.6280602960250880E-003  -1.4560912325614536E-002  0.20779173862058437        2.7615355545401705        470.55338023711880        90.191874228015422     
  0.43700000000000033        6.5512446382873504E-003  -1.4409034242246897E-002  0.20639893404703910        2.7550326290353673        471.54300338858883        90.035584444928247     
  0.43800000000000033        6.4755853122443040E-003  -1.4259066074066991E-002  0.20462380791100510        2.7488665963759051        472.55315865700624        89.883723222843514     
  0.43900000000000033        6.4010616096112126E-003  -1.4110980304269799E-002  0.20217900218606757        2.7430256017944452        473.52059347316811        89.720080453122748     
  0.44000000000000034        6.3276532467613899E-003  -1.3964749855112885E-002  0.19839433572056142        2.7374979595950850        474.52389523283392        89.571377679648847     
  0.44100000000000034        6.2553403550199031E-003  -1.3820348080454924E-002  0.19135003154926794        2.7322721637454528        475.47045783387341        89.411013776922402     
  0.44200000000000034        6.1841034712003355E-003  -1.3677748758423426E-002  0.17508276494187805        2.7273368975883909        476.46661703756644        89.256703516094376     
  0.44300000000000034        6.1139235283780447E-003  -1.3536926084209066E-002  0.25908718988127549        2.7226810426910264        477.43597307467786        89.100897298278227     
  0.44400000000000034        6.0447818468938059E-003  -1.3397854662985757E-002  0.23416928908522816        2.7182936868501222        478.38832316821708        88.947892654234707     
  0.44500000000000034        5.9766601255805546E-003  -1.3260509502951850E-002  0.22360321601702171        2.7141641312756715        479.40360968984174        88.789461601654608     
  0.44600000000000034        5.9095404332093551E-003  -1.3124866008494529E-002  0.21863307121327619        2.7102818969760447        480.27363222644715        88.626187793203897     
  0.44700000000000034        5.8434052001460476E-003  -1.2990899973470894E-002  0.21564395835855679        2.7066367303682330        481.18130961841001        88.464734234697445     
  0.44800000000000034        5.7782372102146169E-003  -1.2858587574606348E-002  0.21355496926480683        2.7032186081388891        482.11297324945281        88.305910262806179     
  0.44900000000000034        5.7140195927618499E-003  -1.2727905365008759E-002  0.21194589588082893        2.7000177413824269        483.03508787169272        88.146854358850561     
  0.45000000000000034        5.6507358149164985E-003  -1.2598830267794126E-002  0.21062148138802450        2.6970245790437644        483.94332814046822        87.986835454606677     
  0.45100000000000035        5.5883696740395301E-003  -1.2471339569824524E-002  0.20947918552648340        2.6942298106933626        484.84595258054304        87.825270075061837     
  0.45200000000000035        5.5269052903588536E-003  -1.2345410915554147E-002  0.20846019045145819        2.6916243686627785        485.76171237673276        87.667671596764762     
  0.45300000000000035        5.4663270997844342E-003  -1.2221022300983318E-002  0.20752844589122174        2.6891994295706789        486.54444765372114        87.496704394544707     
  0.45400000000000035        5.4066198468991694E-003  -1.2098152067717910E-002  0.20666069274332963        2.6869464152676317        487.52141312093022        87.341469574739094     
  0.45500000000000035        5.3477685781200927E-003  -1.1976778897132034E-002  0.20584130251579355        2.6848569932295416        488.36884940370624        87.177318633636801     
  0.45600000000000035        5.2897586350260564E-003  -1.1856881804633001E-002  0.20505942537713970        2.6829230764290934        489.22962089879189        87.014169392962344     
  0.45700000000000035        5.2325756478472825E-003  -1.1738440134026213E-002  0.20430732663060860        2.6811368227148793        490.07790067374304        86.849616611966084     
  0.45800000000000035        5.1762055291126310E-003  -1.1621433551978852E-002  0.20357937181638996        2.6794906337275144        490.93884385723152        86.689038224568876     
  0.45900000000000035        5.1206344674503647E-003  -1.1505842042580101E-002  0.20287138356964599        2.6779771533810313        491.92517207833595        86.537569663287911     
  0.46000000000000035        5.0658489215379939E-003  -1.1391645901996020E-002  0.20218022057716922        2.6765892659398238        492.61082610680251        86.360953545700355     
  0.46100000000000035        5.0118356141983910E-003  -1.1278825733218879E-002  0.20150349404639870        2.6753200937176231        493.43439241469702        86.197156403780369     
  0.46200000000000035        4.9585815266371316E-003  -1.1167362440907524E-002  0.20083937199460630        2.6741629944276322        494.26765404391875        86.033466078156820     
  0.46300000000000036        4.9060738928179241E-003  -1.1057237226318049E-002  0.20018644117343798        2.6731115582103735        495.07814045841366        85.867498807395165     
  0.46400000000000036        4.8543001939729260E-003  -1.0948431582323597E-002  0.19954360773907576        2.6721596043658558        495.90827552931006        85.704739765315836     
  0.46500000000000036        4.8032481532437575E-003  -1.0840927288521172E-002  0.19891002453461706        2.6713011778164586        496.67590918312072        85.537057903718903     
  0.46600000000000036        4.7529057304498560E-003  -1.0734706406423199E-002  0.19828503700696565        2.6705305453245565        497.47655635408375        85.373271180402838     
  0.46700000000000036        4.7032611169819365E-003  -1.0629751274734998E-002  0.19766814239859626        2.6698421914903845        498.25844639614235        85.206924761904517     
  0.46800000000000036        4.6543027308155313E-003  -1.0526044504712870E-002  0.19705895855006356        2.6692308145528663        499.06532943250863        85.043297917809952     
  0.46900000000000036        4.6060192116436655E-003  -1.0423568975605363E-002  0.19645719975657758        2.6686913220165143        499.82543941089125        84.877580325911936     
  0.47000000000000036        4.5583994161230469E-003  -1.0322307830172218E-002  0.19586265787344956        2.6682188261255164        500.57959198710620        84.710412608992783     
  0.47100000000000036        4.5114324132340877E-003  -1.0222244470284339E-002  0.19527518737702820        2.6678086392066294        501.34168701107529        84.544635239291466     
  0.47200000000000036        4.4651074797481165E-003  -1.0123362552597787E-002  0.19469469343278839        2.6674562689004837        502.08720774329868        84.378211397808727     
  0.47300000000000036        4.4194140958025247E-003  -1.0025645984306030E-002  0.19412112228370410        2.6671574132993832        502.83073822534766        84.213005077708075     
  0.47400000000000037        4.3743419405787029E-003  -9.9290789189650022E-003  0.19355445343706559        2.6669079560115194        503.56617455803070        84.046286418757163     
  0.47500000000000037        4.3298808880813267E-003  -9.8336457523918955E-003  0.19299469326415705        2.6667039611669350        504.28745192068544        83.878267238140424     
  0.47600000000000037        4.2860210030157275E-003  -9.7393311186349425E-003  0.19244186971814606        2.6665416683816603        504.98220604123946        83.710010418854409     
  0.47700000000000037        4.2427525367617139E-003  -9.6461198860145446E-003  0.19189602794267074        2.6664174876967257        505.71586841735547        83.542963360210351     
  0.47800000000000037        4.2000659234407833E-003  -9.5539971532334744E-003  0.19135722659756360        2.6663279945040133        506.44963699575408        83.377618653412569     
  0.47900000000000037        4.1579517760739603E-003  -9.4629482455540117E-003  0.19082553476571856        2.6662699244738968        507.16190071185241        83.214802186009365     
  0.48000000000000037        4.1164008828294754E-003  -9.3729587110436257E-003  0.19030102933547777        2.6662401684968615        507.83940591871163        83.043364583016839     
  0.48100000000000037        4.0754042033559913E-003  -9.2840143168843852E-003  0.18978379277150126        2.6662357676502637        508.51692762184285        82.874719631761579     
  0.48200000000000037        4.0349528652014700E-003  -9.1961010457487710E-003  0.18927391121134476        2.6662539082008618        509.21460463234928        82.709380680959725     
  0.48300000000000037        3.9950381603132386E-003  -9.1092050922368783E-003  0.18877147283083082        2.6662919166538614        509.89054568320012        82.542122669400683     
  0.48400000000000037        3.9556515416191368E-003  -9.0233128593771098E-003  0.18827656643754964        2.6663472548565994        510.54296279227850        82.373920233376523     
  0.48500000000000038        3.9167846196867208E-003  -8.9384109551875150E-003  0.18778928025607725        2.6664175151651723        511.25727490287522        82.209930550756042     
  0.48600000000000038        3.8784291594587579E-003  -8.8544861892971075E-003  0.18730970087856649        2.6665004156821497        511.87319332555086        82.038097866111144     
  0.48700000000000038        3.8405770770630603E-003  -8.7715255696258227E-003  0.18683791235668024        2.6665937955718131        512.52072202058969        81.871184850342004     
  0.48800000000000038        3.8032204366953409E-003  -8.6895162991230540E-003  0.18637399541417621        2.6666956104584330        513.16405937849868        81.702729184237214     
  0.48900000000000038        3.7663514475724086E-003  -8.6084457725623519E-003  0.18591802677041508        2.6668039279137945        513.81040296633148        81.536222558663496     
  0.49000000000000038        3.7299624609545834E-003  -8.5283015733921049E-003  0.18547007855359052        2.6669169230381140        514.42842135947717        81.366311774717147     
  0.49100000000000038        3.6940459672356414E-003  -8.4490714706413391E-003  0.18503021780127143        2.6670328741389171        514.95330786177203        81.208636781597761     
  0.49200000000000038        3.6585945930981759E-003  -8.3707434158789562E-003  0.18459850603238098        2.6671501585106188        516.35438902934243        81.140663417595576     
  0.49300000000000038        3.6236010987334010E-003  -8.2933055402264009E-003  0.18417499888872407        2.6672672483193121        516.21720875489052        80.842836681377406     
  0.49400000000000038        3.5890583751227280E-003  -8.2167461514211365E-003  0.18375974583451857        2.6673827065925741        516.93350537082540        80.707615333688466     
  0.49500000000000038        3.5549594413815618E-003  -8.1410537309329657E-003  0.18335278991388210        2.6674951833199505        517.49345428003937        80.531468890996038     
  0.49600000000000039        3.5212974421612426E-003  -8.0662169311285035E-003  0.18295416755586189        2.6676034116614602        518.07970537228675        80.362134411777987     
  0.49700000000000039        3.4880656451101583E-003  -7.9922245724863804E-003  0.18256390842780118        2.6677062042691677        518.66736009243016        80.195123285842385     
  0.49800000000000039        3.4552574383907514E-003  -7.9190656408598611E-003  0.18218203533074412        2.6678024497189918        519.22920544002784        80.025822486592730     
  0.49900000000000039        3.4228663282519379E-003  -7.8467292847869425E-003  0.18180856413468985        2.6678911090556405        519.81794997866712        79.859725147892377     
  0.50000000000000033        3.3908859366560029E-003  -7.7752048128481160E-003  0.18144350375093868        2.6679712124493533        520.36847754343137        79.690505057722163     
