   0.0000000000000000        0.0000000000000000        0.0000000000000000        0.0000000000000000        0.0000000000000000        0.0000000000000000        0.0000000000000000     
   1.0000000000000000E-003   0.0000000000000000        0.0000000000000000        0.0000000000000000        0.0000000000000000        0.0000000000000000        0.0000000000000000     
   2.0000000000000000E-003   0.0000000000000000        0.0000000000000000        0.0000000000000000        0.0000000000000000        0.0000000000000000        0.0000000000000000     
   3.0000000000000001E-003   0.0000000000000000        0.0000000000000000        0.0000000000000000        0.0000000000000000        0.0000000000000000        0.0000000000000000     
   4.0000000000000001E-003   0.0000000000000000        0.0000000000000000        0.0000000000000000        0.0000000000000000        0.0000000000000000        0.0000000000000000     
   5.0000000000000001E-003   0.0000000000000000        0.0000000000000000        0.0000000000000000        0.0000000000000000        0.0000000000000000        0.0000000000000000     
   6.0000000000000001E-003   0.0000000000000000        0.0000000000000000        0.0000000000000000        0.0000000000000000        0.0000000000000000        0.0000000000000000     
   7.0000000000000001E-003   0.0000000000000000        0.0000000000000000        0.0000000000000000        0.0000000000000000        0.0000000000000000        0.0000000000000000     
   8.0000000000000002E-003   1.1177217170344012        1.1990155305360803        0.0000000000000000        0.0000000000000000        0.0000000000000000        0.0000000000000000     
   9.0000000000000011E-003   3.4359588597861022        3.6872833421192719        0.0000000000000000        0.0000000000000000        0.0000000000000000        0.0000000000000000     
   1.0000000000000002E-002   6.9932605665371419        6.1737675717270770        0.0000000000000000        0.0000000000000000        0.0000000000000000        0.0000000000000000     
   1.1000000000000003E-002   10.879719984430613        8.6544880061569263        0.0000000000000000        0.0000000000000000        0.0000000000000000        0.0000000000000000     
   1.2000000000000004E-002   14.751622308165544        11.125493150916745        0.0000000000000000        0.0000000000000000        0.0000000000000000        0.0000000000000000     
   1.3000000000000005E-002   18.602297821521141        13.582873734800511        0.0000000000000000        0.0000000000000000        0.0000000000000000        0.0000000000000000     
   1.4000000000000005E-002   22.425189950424766        16.022776008949517        0.0000000000000000        0.0000000000000000        0.0000000000000000        0.0000000000000000     
   1.5000000000000006E-002   26.213883839959635        18.441414787581156        0.0000000000000000        0.0000000000000000        0.0000000000000000        0.0000000000000000     
   1.6000000000000007E-002   29.962133747367453        20.835086175216798        0.0000000000000000        0.0000000000000000        0.0000000000000000        0.0000000000000000     
   1.7000000000000008E-002   33.663889043383101        23.200179922642910        0.0000000000000000        0.0000000000000000        0.0000000000000000        0.0000000000000000     
   1.8000000000000009E-002   37.313318628623840        25.533191351258345        0.0000000000000000        0.0000000000000000        0.0000000000000000        0.0000000000000000     
   1.9000000000000010E-002   40.904833588104367        27.830732783171342        0.0000000000000000        0.0000000000000000        0.0000000000000000        0.0000000000000000     
   2.0000000000000011E-002   44.433107925099733        30.089544412684745        0.0000000000000000        0.0000000000000000        0.0000000000000000        0.0000000000000000     
   2.1000000000000012E-002   47.893097235354439        32.306504553905626        0.0000000000000000        0.0000000000000000        0.0000000000000000        0.0000000000000000     
   2.2000000000000013E-002   51.280055203826201        34.478639199351548        0.0000000000000000        0.0000000000000000        0.0000000000000000        0.0000000000000000     
   2.3000000000000013E-002   54.589547828537683        36.603130825782003        0.0000000000000000        0.0000000000000000        0.0000000000000000        0.0000000000000000     
   2.4000000000000014E-002   57.817465299444521        38.677326386188533        0.0000000000000000        0.0000000000000000        0.0000000000000000        0.0000000000000000     
   2.5000000000000015E-002   60.960031484248283        40.698744430987702        0.0000000000000000        0.0000000000000000        0.0000000000000000        0.0000000000000000     
   2.6000000000000016E-002   64.013810997514483        42.665081306993869        0.0000000000000000        0.0000000000000000        0.0000000000000000        0.0000000000000000     
   2.7000000000000017E-002   66.975713854007765        44.574216389637279        0.0000000000000000        0.0000000000000000        0.0000000000000000        0.0000000000000000     
   2.8000000000000018E-002   69.842997731525188        46.424216312028570        0.0000000000000000        0.0000000000000000        0.0000000000000000        0.0000000000000000     
   2.9000000000000019E-002   72.613267892395413        48.213338163688206        0.0000000000000000        0.0000000000000000        0.0000000000000000        0.0000000000000000     
   3.0000000000000020E-002   75.284474835902628        49.940031641844506        0.0000000000000000        0.0000000000000000        0.0000000000000000        0.0000000000000000     
   3.1000000000000021E-002   77.854909775891855        51.602940148921881        6.1980427004372751E-005   0.0000000000000000        0.0000000000000000        0.0000000000000000     
   3.2000000000000021E-002   80.323198058412103        53.200900840923225        1.2706325290693513E-004   0.0000000000000000        0.0000000000000000        0.0000000000000000     
   3.3000000000000022E-002   82.688290653189270        54.732943642584914        1.9288359848672175E-004   0.0000000000000000        0.0000000000000000        0.0000000000000000     
   3.4000000000000023E-002   84.949453869709529        56.198289256176260        2.5947443858730145E-004   0.0000000000000000        0.0000000000000000        0.0000000000000000     
   3.5000000000000024E-002   87.106257463516556        57.596346201367091        3.2686809124678954E-004   0.0000000000000000        0.0000000000000000        0.0000000000000000     
   3.6000000000000025E-002   89.158561310762465        58.926706933455073        3.9509620371992288E-004   0.0000000000000000        0.0000000000000000        0.0000000000000000     
   3.7000000000000026E-002   91.321118847254098        60.218570626648898        4.6418973812476714E-004   2.0196360070915981E-003   0.0000000000000000        0.0000000000000000     
   3.8000000000000027E-002   94.197346366902210        62.078537519970723        5.3417895671020797E-004   1.9702825915203833E-002   0.0000000000000000        0.0000000000000000     
   3.9000000000000028E-002   96.969427518626532        63.869320488051109        6.0509340674126850E-004   3.7383205883816280E-002   0.0000000000000000        0.0000000000000000     
   4.0000000000000029E-002   99.636546674436957        65.590052033218200        6.7696190500022289E-004   5.5062010774748274E-002   0.0000000000000000        0.0000000000000000     
   4.1000000000000029E-002   102.19810733892936        67.240027452163687        7.4981252190239704E-004   7.2740491996218098E-002   0.0000000000000000        0.0000000000000000     
   4.2000000000000030E-002   104.65371994379164        68.818700728571216        8.2367256522649962E-004   9.0419917301671440E-002   0.0000000000000000        0.0000000000000000     
   4.3000000000000031E-002   107.00318979574450        70.325680132860910        8.9856856346028048E-004  0.10810157058823863        0.0000000000000000        0.0000000000000000     
   4.4000000000000032E-002   109.24650536839377        71.760723618642487        9.7452624876329065E-004  0.12578675169521270        0.0000000000000000        0.0000000000000000     
   4.5000000000000033E-002   111.38382709743080        73.123734091687169        1.0515705395495068E-003  0.14347677620239158        0.0000000000000000        0.0000000000000000     
   4.6000000000000034E-002   113.41547680371542        74.414754611153484        1.1297255226935823E-003  0.16117297522846785        0.0000000000000000        0.0000000000000000     
   4.7000000000000035E-002   115.34192783141422        75.633963565288809        1.2090144353655084E-003  0.17887669522944050        0.0000000000000000        0.0000000000000000     
   4.8000000000000036E-002   117.16379595007086        76.781669845812289        1.2894596464994852E-003  0.19658929779705067        0.0000000000000000        0.0000000000000000     
   4.9000000000000037E-002   118.88183103183484        77.858308027618236        1.3710826379038671E-003  0.21431215945733811        0.0000000000000000        0.0000000000000000     
   5.0000000000000037E-002   120.49690947966985        78.864433544283628        1.4539039850200704E-003  0.23204667146943869        0.0000000000000000        0.0000000000000000     
   5.1000000000000038E-002   122.01002735067938        79.800717835982468        1.5379433373394274E-003  0.24979423962430994        0.0000000000000000        0.0000000000000000     
   5.2000000000000039E-002   123.42229409205267        80.667943435570166        1.6232193984880375E-003  0.26755628404399728        0.0000000000000000        0.0000000000000000     
   5.3000000000000040E-002   124.73492678660386        81.466998951381527        1.7097499059907336E-003  0.28533423898070309        0.0000000000000000        0.0000000000000000     
   5.4000000000000041E-002   125.94924479119533        82.198873902059702        1.7975516107264411E-003  0.30312955261649460        0.0000000000000000        0.0000000000000000     
   5.5000000000000042E-002   127.06666464485200        82.864653359626928        1.8866402560882367E-003  0.32094368686302582        0.0000000000000000        0.0000000000000000     
   5.6000000000000043E-002   128.08869512406494        83.465512361897964        1.9770305568626132E-003  0.33877811716144518        0.0000000000000000        0.0000000000000000     
   5.7000000000000044E-002   129.01693233019549        84.002710063847204        2.0687361778435197E-003  0.35663433228280844        0.0000000000000000        0.0000000000000000     
   5.8000000000000045E-002   129.85305470722884        84.477583609067196        2.1617697121979261E-003  0.37451383412851119        0.0000000000000000        0.0000000000000000     
   5.9000000000000045E-002   130.59881790627114        84.891541716218839        2.2561426596007959E-003  0.39241813753109023        0.0000000000000000        0.0000000000000000     
   6.0000000000000046E-002   131.25604943479487        85.246057990463655        2.3518654041584769E-003  0.41034877005531045        0.0000000000000000        0.0000000000000000     
   6.1000000000000047E-002   131.82664305224748        85.542663985311037        2.4489471921406969E-003  0.42830727179924588        0.0000000000000000        0.0000000000000000     
   6.2000000000000048E-002   132.31255289775726        85.782942055159268        2.5473961095425351E-003  0.44629519519580624        0.0000000000000000        0.0000000000000000     
   6.3000000000000042E-002   132.71578735888059        85.968518052161912        2.6472190594988435E-003  0.46431410481440832        0.0000000000000000        0.0000000000000000     
   6.4000000000000043E-002   133.03840271140615        86.101053932180832        2.7484217395748085E-003  0.48236557716244016        0.0000000000000000        0.0000000000000000     
   6.5000000000000044E-002   133.28249657815240        86.182240342911712        2.8510086189574924E-003  0.50045120048749736        0.0000000000000000        0.0000000000000000     
   6.6000000000000045E-002   133.45020126875767        86.213789272432734        2.9549829155743803E-003  0.51857257457898065        0.0000000000000000        0.0000000000000000     
   6.7000000000000046E-002   133.54367707226930        86.197426838298256        3.0603465731660878E-003  0.53673131057009360        0.0000000000000000        0.0000000000000000     
   6.8000000000000047E-002   133.56510557977589        86.134886295917724        3.1671002383416033E-003  0.55492903073974253        0.0000000000000000        0.0000000000000000     
   6.9000000000000047E-002   133.51668311557904        86.027901340606732        3.2752432376455371E-003  0.57316736831421999        0.0000000000000000        0.0000000000000000     
   7.0000000000000048E-002   133.40061435286563        85.878199770744288        3.3847735546681007E-003  0.59144796726880877        0.0000000000000000        0.0000000000000000     
   7.1000000000000049E-002   133.21910618408961        85.687497570444762        3.4956878072295713E-003  0.60977248212910307        0.0000000000000000        0.0000000000000000     
   7.2000000000000050E-002   132.97436190798493        85.457493459611982        3.6079812246722492E-003  0.62814257777197369        0.0000000000000000        0.0000000000000000     
   7.3000000000000051E-002   132.66857578504673        85.189863947786009        3.7216476252939857E-003  0.64655992922604755        0.0000000000000000        0.0000000000000000     
   7.4000000000000052E-002   132.30392800214202        84.886258916379632        3.8366793939585424E-003  0.66502622147202151        0.0000000000000000        0.0000000000000000     
   7.5000000000000053E-002   131.88258007533642        84.548297742256551        3.9530674599190440E-003  0.68354314924170778        0.0000000000000000        0.0000000000000000     
   7.6000000000000054E-002   131.40667070861588        84.177565964562504        4.0708012748920568E-003  0.70211241681702641        0.0000000000000000        0.0000000000000000     
   7.7000000000000055E-002   130.87831211543994        83.775612486644832        4.1898687914207408E-003  0.72073573782775524        0.0000000000000000        0.0000000000000000     
   7.8000000000000055E-002   130.29958680033437        83.343947296033463        4.3102564415666940E-003  0.73941483504853212        0.0000000000000000        0.0000000000000000     
   7.9000000000000056E-002   129.67254478927489        82.884039677983694        4.4319491159711157E-003  0.75815144019444236        0.0000000000000000        0.0000000000000000     
   8.0000000000000057E-002   128.99920129056383        82.397316892062904        4.5549301433269671E-003  0.77694729371574323        0.0000000000000000        0.0000000000000000     
   8.1000000000000058E-002   128.28153476230926        81.885163276716384        4.6791812703047683E-003  0.79580414459119286        0.0000000000000000        0.0000000000000000     
   8.2000000000000059E-002   127.52148535844297        81.348919743596468        4.8046826419756890E-003  0.81472375011942966        0.0000000000000000        0.0000000000000000     
   8.3000000000000060E-002   126.72095372237666        80.789883621595649        4.9314127827765428E-003  0.83370787570921467        0.0000000000000000        0.0000000000000000     
   8.4000000000000061E-002   125.88180009575791        80.209308809827675        5.0593485780621684E-003  0.85275829466743380        0.0000000000000000        0.0000000000000000     
   8.5000000000000062E-002   125.00584370918932        79.608406199110036        5.1884652562916578E-003  0.87187678798526591        0.0000000000000000        0.0000000000000000     
   8.6000000000000063E-002   124.09486242205546        78.988344322635513        5.3187363718956836E-003  0.89106514412212068        0.0000000000000000        0.0000000000000000     
   8.7000000000000063E-002   123.15059257957869        78.350250198316331        5.4501337888729932E-003  0.91032515878690634        0.0000000000000000        0.0000000000000000     
   8.8000000000000064E-002   122.17472905675206        77.695210327582444        5.5826276651650270E-003  0.92965863471731613        0.0000000000000000        0.0000000000000000     
   8.9000000000000065E-002   121.16892546071105        77.024271818066751        5.7161864378582053E-003  0.94906738145544223        0.0000000000000000        0.0000000000000000     
   9.0000000000000066E-002   120.13479446528815        76.338443600487324        5.8507768092643251E-003  0.96855321512122516        0.0000000000000000        0.0000000000000000     
   9.1000000000000067E-002   119.07390825382724        75.638697713025422        5.9863637339299695E-003  0.98811795818185999        0.0000000000000000        0.0000000000000000     
   9.2000000000000068E-002   117.98779904872907        74.925970629504548        6.1229104066266565E-003   1.0077634392184265        0.0000000000000000        0.0000000000000000     
   9.3000000000000069E-002   116.87795970858120        74.201164610629775        6.2603782513737825E-003   1.0274914926882277        0.0000000000000000        0.0000000000000000     
   9.4000000000000070E-002   115.74584437603698        73.465149060381862        6.3987269115472348E-003   1.0473039586835668        0.0000000000000000        0.0000000000000000     
   9.5000000000000070E-002   114.59286916181166        72.718761872340664        6.5379142411266930E-003   1.0672026826858003        0.0000000000000000        0.0000000000000000     
   9.6000000000000071E-002   113.42041285222652        71.962810753206554        6.6778962971353120E-003   1.0871895153154578        0.0000000000000000        0.0000000000000000     
   9.7000000000000072E-002   112.22981762963556        71.198074513073763        6.8186273333256464E-003   1.1072663120770683        0.0000000000000000        0.0000000000000000     
   9.8000000000000073E-002   111.02238979680962        70.425304314082936        6.9600597951660842E-003   1.1274349330991622        0.0000000000000000        0.0000000000000000     
   9.9000000000000074E-002   109.79940049791914        69.645224870937909        7.1021443161822552E-003   1.1476972428690311        0.0000000000000000        0.0000000000000000     
  0.10000000000000007        108.56208643015839        68.858535598413482        7.2448297157079941E-003   1.1680551099613918        0.0000000000000000        0.0000000000000000     
  0.10100000000000008        107.31165054129120        68.065911702425794        7.3880629981006472E-003   1.1885104067612124        0.0000000000000000        0.0000000000000000     
  0.10200000000000008        106.04926270948552        67.268005212484283        7.5317893534753927E-003   1.2090650091806034        0.0000000000000000        0.0000000000000000     
  0.10300000000000008        104.77606040274570        66.465445954417035        7.6759521600133643E-003   1.2297207963688044        0.0000000000000000        0.0000000000000000     
  0.10400000000000008        103.49314931606145        65.658842463169904        7.8204929878981314E-003   1.2504796504144224        0.0000000000000000        0.0000000000000000     
  0.10500000000000008        102.20160398508618        64.848782836239764        7.9653516049349588E-003   1.2713434560420345        0.0000000000000000        0.0000000000000000     
  0.10600000000000008        100.90246837573883        64.035835528930903        8.1104659839069601E-003   1.2923141002993930        0.0000000000000000        0.0000000000000000     
  0.10700000000000008        99.596756449610240        63.220550093131564        8.2557723117219917E-003   1.3133934722373231        0.0000000000000000        0.0000000000000000     
  0.10800000000000008        98.285452705456294        62.403457861714649        8.4012050004035940E-003   1.3345834625813047        0.0000000000000000        0.0000000000000000     
  0.10900000000000008        96.969512697384886        61.585072580978014        8.5466966999788088E-003   1.3558859633938840        0.0000000000000000        0.0000000000000000     
  0.11000000000000008        95.649863530604591        60.765890993777894        8.6921783133152193E-003   1.3773028677278967        0.0000000000000000        0.0000000000000000     
  0.11100000000000008        94.327404335802328        59.946393376172111        8.8375790129586740E-003   1.3988360692701476        0.0000000000000000        0.0000000000000000     
  0.11200000000000009        93.003006723373602        59.127044030500556        8.9828262600224681E-003   1.4204874619748067        0.0000000000000000        0.0000000000000000     
  0.11300000000000009        91.677515218835296        58.308291737887224        9.1278458251779996E-003   1.4422589396869385        0.0000000000000000        0.0000000000000000     
  0.11400000000000009        90.351747680829618        57.490570173166745        9.2725618117957299E-003   1.4641523957536646        0.0000000000000000        0.0000000000000000     
  0.11500000000000009        89.026495703167924        56.674298285219017        9.4168966812844170E-003   1.4861697226260955        0.0000000000000000        0.0000000000000000     
  0.11600000000000009        87.702525002385016        55.859880645651131        9.5607712806752322E-003   1.5083128114475490        0.0000000000000000        0.0000000000000000     
  0.11700000000000009        86.380575792269582        55.047707768692945        9.7041048724965315E-003   1.5305835516303707        0.0000000000000000        0.0000000000000000     
  0.11800000000000009        85.061363146818891        54.238156405088610        9.8468151669829692E-003   1.5529838304194377        0.0000000000000000        0.0000000000000000     
  0.11900000000000009        83.745577353029759        53.431589812657485        9.9888183566620402E-003   1.5755155324435892        0.0000000000000000        0.0000000000000000     
  0.12000000000000009        82.433884254893542        52.628358006087026        1.0130029153358996E-002   1.5981805392519646        0.0000000000000000        0.0000000000000000     
  0.12100000000000009        81.126925589910087        51.828797988395223        1.0270360827659569E-002   1.6209807288366387        0.0000000000000000        0.0000000000000000     
  0.12200000000000009        79.825319319371175        51.033233966369167        1.0409725250868199E-002   1.6439179751409838        0.0000000000000000        0.0000000000000000     
  0.12300000000000010        78.529659953600429        50.241977552154196        1.0548032939497869E-002   1.6669941475517596        0.0000000000000000        0.0000000000000000     
  0.12400000000000010        77.240518873266637        49.455327953031563        1.0685193102324946E-002   1.6902111103770450        0.0000000000000000        0.0000000000000000     
  0.12500000000000008        75.958444647811575        48.673572151284120        1.0821113690041323E-002   1.7135707223058445        0.0000000000000000        0.0000000000000000     
  0.12600000000000008        74.683963351963655        47.896985075914849        1.0955701447533009E-002   1.7370748358526467        0.0000000000000000        0.0000000000000000     
  0.12700000000000009        73.417578881230824        47.125829767847321        1.1088861968812902E-002   1.7607252967834408        0.0000000000000000        0.0000000000000000     
  0.12800000000000009        72.159773267192264        46.360357540103351        1.1220499754632371E-002   1.7845239435246236        0.0000000000000000        0.0000000000000000     
  0.12900000000000009        70.911006993333558        45.600808134324978        1.1350518272794157E-002   1.8084726065529462        0.0000000000000000        0.0000000000000000     
  0.13000000000000009        69.671719312098134        44.847409874880611        1.1478820021186505E-002   1.8325731077664464        0.0000000000000000        0.0000000000000000     
  0.13100000000000009        68.442328563753634        44.100379821673464        1.1605306593555473E-002   1.8568272598359745        0.0000000000000000        0.0000000000000000     
  0.13200000000000009        67.223232497603817        43.359923922652456        1.1729878748029722E-002   1.8812368655365388        0.0000000000000000        0.0000000000000000     
  0.13300000000000009        66.014808596006532        42.626237166913867        1.1852436478409244E-002   1.9058037170578239        0.0000000000000000        0.0000000000000000     
  0.13400000000000009        64.817414401593695        41.899503739171976        1.1972879088226264E-002   1.9305295952932970        0.0000000000000000        0.0000000000000000     
  0.13500000000000009        63.631387848024282        41.179897176277002        1.2091105267583330E-002   1.9554162691074604        0.0000000000000000        0.0000000000000000     
  0.13600000000000009        62.457047594539816        40.467580526357480        1.2207013172770937E-002   1.9804654945803275        0.0000000000000000        0.0000000000000000     
  0.13700000000000009        61.294693364533963        39.762706511075265        1.2320500508662860E-002   2.0056790142301111        0.0000000000000000        0.0000000000000000     
  0.13800000000000009        60.144606288291016        39.065417691392462        1.2431464613884747E-002   2.0310585562095964        0.0000000000000000        0.0000000000000000     
  0.13900000000000010        59.007049249993798        38.375846637167882        1.2539802548747101E-002   2.0566058334815525        0.0000000000000000        0.0000000000000000     
  0.14000000000000010        57.882267239051089        37.694116100825013        1.2645411185931370E-002   2.0823225429657901        0.0000000000000000        0.0000000000000000     
  0.14100000000000010        56.770487705746895        37.020339195262089        1.2748187303912712E-002   2.1082103646639956        0.0000000000000000        0.0000000000000000     
  0.14200000000000010        55.671920921167469        36.354619576108163        1.2848027683100345E-002   2.1342709607552552        0.0000000000000000        0.0000000000000000     
  0.14300000000000010        54.586760341319888        35.697051628369678        1.2944829204671916E-002   2.1605059746681778        0.0000000000000000        0.0000000000000000     
  0.14400000000000010        53.515182975315511        35.047720657454029        1.3038488952074418E-002   2.1869170301235012        0.0000000000000000        0.0000000000000000     
  0.14500000000000010        52.457349757455482        34.406703084507448        1.3128904315160242E-002   2.2135057301485106        0.0000000000000000        0.0000000000000000     
  0.14600000000000010        51.413405923019141        33.774066645956410        1.3215973096922582E-002   2.2402736560653436        0.0000000000000000        0.0000000000000000     
  0.14700000000000010        50.383481387526892        33.149870597101362        1.3299593622790491E-002   2.2672223664479811        0.0000000000000000        0.0000000000000000     
  0.14800000000000010        49.367691129216944        32.534165919572040        1.3379664852439311E-002   2.2943533960505023        0.0000000000000000        0.0000000000000000     
  0.14900000000000010        48.366135574452890        31.926995532422843        1.3456086494067777E-002   2.3216682547050409        0.0000000000000000        0.0000000000000000     
  0.15000000000000011        47.378900985751102        31.328394506615020        1.3528759121089069E-002   2.3491684261893813        0.0000000000000000        0.0000000000000000     
  0.15100000000000011        46.406059852099055        30.738390282607909        1.3597584291178201E-002   2.3768553670618671        0.0000000000000000        0.0000000000000000     
  0.15200000000000011        45.447671281215456        30.157002890760662        1.3662464667613667E-002   2.4047305054664139        0.0000000000000000        0.0000000000000000     
  0.15300000000000011        44.503781393387690        29.584245174226009        1.3723304142846646E-002   2.4327952399029353        0.0000000000000000        0.0000000000000000     
  0.15400000000000011        43.574423716506985        29.020123014002895        1.3780007964226626E-002   2.4610509379668861        0.0000000000000000        0.0000000000000000     
  0.15500000000000011        42.659619581912558        28.464635555804772        1.3832482861807239E-002   2.4894989350532621        0.0000000000000000        0.0000000000000000     
  0.15600000000000011        41.759378520645122        27.917775438388691        1.3880637178151896E-002   2.5181405330292477        0.0000000000000000        0.0000000000000000     
  0.15700000000000011        40.873698659703628        27.379529022986162        1.3924381000053099E-002   2.5469769988689124        0.0000000000000000        0.0000000000000000     
  0.15800000000000011        40.002567117895381        26.849876623473083        1.3963626292075875E-002   2.5760095632560125        0.0000000000000000        0.0000000000000000     
  0.15900000000000011        39.145960400865363        26.328792736913222        1.4465364134343097E-002   2.6052394191501924        5.7188731519927236E-005   8.7625903689290388E-004
  0.16000000000000011        38.303844794891411        25.816246274112959        1.5180706072438366E-002   2.6346677203173297        3.6526906410771506E-004   5.5600754319340539E-003
  0.16100000000000012        37.476176759032271        25.312200789826601        1.5912514908524602E-002   2.6642955798231331        7.5719517527605051E-004   1.1434515701138771E-002
  0.16200000000000012        36.662903315217790        24.816614712256744        1.6660674380469268E-002   2.6941240684921706        1.2447305491738677E-003   1.8639785015927054E-002
  0.16300000000000012        35.863962435877461        24.329441571501849        1.7425048102479652E-002   2.7241542133269103        1.8338522074791770E-003   2.7225266792919183E-002
  0.16400000000000012        35.079283428706070        23.850630226609240        1.8205479336382984E-002   2.7543869958919589        2.5355737298934037E-003   3.7311264848104271E-002
  0.16500000000000012        34.308787318176805        23.380125090904286        1.9001790795103293E-002   2.7848233506597730        3.3582640062607039E-003   4.8972494065915036E-002
  0.16600000000000012        33.552387223417888        22.917866355274100        1.9813784479329858E-002   2.8154641633173516        4.3123780049013540E-003   6.2312183921219358E-002
  0.16700000000000012        32.809988732081372        22.463790209098985        2.0641241548756385E-002   2.8463102690370055        5.4072166993405770E-003   7.7409031009139637E-002
  0.16800000000000012        32.081490269842867        22.017829058535632        2.1483922228704200E-002   2.8773624507066238        6.6430278585889319E-003   9.4221400484552575E-002
  0.16900000000000012        31.366783465183939        21.579911741870198        2.2341565753259043E-002   2.9086214371235100        8.0612131023309122E-003  0.11324764005352951     
  0.17000000000000012        30.665753509123196        21.149963741675524        2.3213890345751869E-002   2.9400879011471615        9.6410886996126013E-003  0.13415587877236207     
  0.17100000000000012        29.978279509574268        20.727907393518109        2.4100593237433621E-002   2.9717624578144970        1.1405084188706534E-002  0.15718678078780124     
  0.17200000000000013        29.304234840027334        20.313662090980234        2.5001350725078274E-002   3.0036456624171444        1.3363964245082191E-002  0.18241689281724391     
  0.17300000000000013        28.643487482263222        19.907144486774609        2.5915818268188354E-002   3.0357380085381922        1.5527787373316424E-002  0.20991011713661331     
  0.17400000000000013        27.995900362828010        19.508268689747407        2.6843630626263788E-002   3.0680399260504316        1.7910247607404159E-002  0.23977212231389583     
  0.17500000000000013        27.361331683011798        19.116946457580646        2.7784402036784447E-002   3.1005517790768069        2.0522173680366955E-002  0.27206673881760224     
  0.17600000000000013        26.739635242092842        18.733087385021260        2.8737726434093596E-002   3.1332738639105644        2.3381524219026829E-002  0.30695929904708297     
  0.17700000000000013        26.130660753625801        18.356599087480902        2.9703177709566340E-002   3.1662064068997147        2.6494408392788785E-002  0.34442963788865583     
  0.17800000000000013        25.534254154570430        17.987387379865933        3.0680310013131592E-002   3.1993495622904096        2.9880303624051557E-002  0.38464596701437165     
  0.17900000000000013        24.950257907075859        17.625356450513863        3.1668658096327476E-002   3.2327034100324363        3.3547485385594301E-002  0.42761392142290688     
  0.18000000000000013        24.378511292752254        17.270409030127684        3.2667737696761935E-002   3.2662679535501384        3.7512028628214511E-002  0.47345585903934789     
  0.18100000000000013        23.818850699280738        16.922446555615288        3.3677045963782279E-002   3.3000431174736189        4.1794977154291639E-002  0.52231539788394343     
  0.18200000000000013        23.271109899229771        16.581369328756118        3.4696061925235756E-002   3.3340287453328274        4.6400823713876313E-002  0.57416577291812820     
  0.18300000000000013        22.735120320964612        16.247076669632754        3.5724246994848545E-002   3.3682245972177918        5.1347826336183636E-002  0.62910991565201702     
  0.18400000000000014        22.210711311553180        15.919467064778143        3.6761045519640018E-002   3.4026303474015172        5.6670437769240592E-002  0.68748088109636862     
  0.18500000000000014        21.697710391589073        15.598438310003981        3.7805885367063294E-002   3.4372455819281416        6.2351520113939900E-002  0.74890729640593801     
  0.18600000000000014        21.195943501871103        15.283887647889919        3.8858178550914842E-002   3.4720697961691300        6.8436445513206878E-002  0.81385956455963027     
  0.18700000000000014        20.705235241892090        14.975711899923573        3.9917321895257991E-002   3.5071023923424023        7.4923826186294146E-002  0.88217744680828825     
  0.18800000000000014        20.225409100109413        14.673807593296956        4.0982697735533369E-002   3.5423426770027158        8.1683881157433177E-002  0.95252773647336020     
  0.18900000000000014        19.756287675983028        14.378071082374001        4.2053674655787569E-002   3.5777898584998669        8.9215884662709202E-002   1.0297076582991009     
  0.19000000000000014        19.297692893782880        14.088398664856552        4.3129608260802241E-002   3.6134430444046171        9.7049101907001542E-002   1.1089672995680020     
  0.19100000000000014        18.849446208182687        13.804686692686220        4.4209841982101317E-002   3.6493012389083952       0.10539675063910402        1.1923896107606722     
  0.19200000000000014        18.411368801670481        13.526831677729719        4.5293707916272123E-002   3.6853633401938439       0.11421796712309250        1.2793382760602261     
  0.19300000000000014        17.983281773820483        13.254730392304451        4.6380527694401583E-002   3.7216281377793718       0.12357942674971759        1.3704025879943058     
  0.19400000000000014        17.565006322483434        12.988279964609868        4.7469613380966023E-002   3.7580943098380062       0.13349725688390859        1.4656300674026883     
  0.19500000000000015        17.156363916965624        12.727377969138907        4.8560268400612124E-002   3.7947604204929792       0.14397781501698215        1.5649275637721292     
  0.19600000000000015        16.757176463277727        12.471922512150329        4.9651788491271602E-002   3.8316249170942989       0.15507346268668207        1.6687004629843800     
  0.19700000000000015        16.367266461546240        12.221812312290707        5.0743462681659891E-002   3.8686861274708040       0.16677278014057700        1.7766872671291447     
  0.19800000000000015        15.986457155690539        11.976946776460304        5.1834574291336893E-002   3.9059422571665143       0.17910972891156601        1.8890792218771872     
  0.19900000000000015        15.614572675478852        11.737226071024022        5.2924401951768389E-002   3.9433913866628938       0.19213663080564905        2.0061866469951930     
  0.20000000000000015        15.251438171084517        11.502551188472228        5.4012220645814867E-002   3.9810314685824282       0.20584641403695997        2.1277792057955045     
  0.20100000000000015        14.896879940273852        11.272824009642594        5.5097302764247201E-002   4.0188603248836756       0.22028203038138119        2.2541791123649730     
  0.20200000000000015        14.550725548363481        11.047947361616902        5.6178919176809450E-002   4.0568756440467189       0.23546455023763960        2.3853991032867263     
  0.20300000000000015        14.212803941092860        10.827825071410995        5.7256340315737599E-002   4.0950749782494569       0.25143586739416462        2.5216716480245838     
  0.20400000000000015        13.882945550564337        10.612362015579006        5.8328837269771713E-002   4.1334557405409109       0.26819471975904730        2.6627193938198785     
  0.20500000000000015        13.560982394408532        10.401464165855627        5.9395682886364549E-002   4.1720152020125676       0.28581070504781686        2.8091413537761025     
  0.20600000000000016        13.246748168338437        10.195038630962083        6.0456152879584835E-002   4.2107504889704721       0.30361024780171736        2.9554921109790646     
  0.20700000000000016        12.940078332260370        9.9929936947033671        6.1509526941953406E-002   4.2496585801082754       0.32363140931410356        3.1172303615797179     
  0.20800000000000016        12.640810190113781        9.7952388504854273        6.2555089857543586E-002   4.2887363036937041       0.34395130896504761        3.2796322533286153     
  0.20900000000000016        12.348782963615626        9.6016848323819932        6.3592132614169863E-002   4.3279803347559573       0.36523466433702878        3.4474765446646458     
  0.21000000000000016        12.063837860087883        9.4122436428807266        6.4619953512466508E-002   4.3673871922950278       0.38750069696852696        3.6207807688685327     
  0.21100000000000016        11.785818134549313        9.2268285774391270        6.5637859269406434E-002   4.4069532365011153       0.41081305859122513        3.7999441981943667     
  0.21200000000000016        11.514569146253935        9.0453542459794019        6.6645166114219487E-002   4.4466746659983523       0.43517673153800374        3.9847505816360904     
  0.21300000000000016        11.249938409861462        8.8677365914523261        6.7641200874038881E-002   4.4865475151078718       0.46067131539619155        4.1755569867694762     
  0.21400000000000016        10.991775641423704        8.6938929055973269        6.8625302047432987E-002   4.5265676511446156       0.48730757639392075        4.3723997376116843     
  0.21500000000000016        10.739932799373644        8.5237418420267925        6.9596820863482636E-002   4.5667307717384116       0.51513993385278589        4.5753971811111924     
  0.21600000000000016        10.494264120702335        8.3572034267595754        7.0555122324051534E-002   4.6070324021967721       0.54418848104317730        4.7845432049081236     
  0.21700000000000016        10.254626152508980        8.1941990663280873        7.1499586227160128E-002   4.6474678929018562       0.57449804591001608        4.9999709951646070     
  0.21800000000000017        10.020877779108895        8.0346515535807210        7.2429608169532977E-002   4.6880324167566245       0.60613994989506459        5.2219332310675908     
  0.21900000000000017        9.7928802448824008        7.8784850712996137        7.3344600526143278E-002   4.7287209666747989       0.63913903844281705        5.4505044217827372     
  0.22000000000000017        9.5704971730469257        7.7256251937514993        7.4243993404386255E-002   4.7695283531250707       0.67357544242357970        5.6859705695248879     
  0.22100000000000017        9.3535945805316967        7.5759988862864658        7.5127235571732481E-002   4.8104492017353273       0.70938351356337115        5.9275453617355778     
  0.22200000000000017        9.1420408891335700        7.4295345030976838        7.5993795354081725E-002   4.8514779509541732       0.74667007919379846        6.1759952472289967     
  0.22300000000000017        8.9357069331289338        7.2861617832513641        7.6843161503556620E-002   4.8926088497827394       0.78557787821468772        6.4319179780740656     
  0.22400000000000017        8.7344659635147259        7.1458118450943529        7.7674844033810933E-002   4.9338359555790481       0.82612081328134790        6.6950653312391255     
  0.22500000000000017        8.5381936490483668        7.0084171791431240        7.8488375021185400E-002   4.9751531319381819       0.86816051957339591        6.9645602850630555     
  0.22600000000000017        8.3467680742532764        6.8739116395552280        7.9283309369945348E-002   5.0165540466527672       0.91202190943252426        7.2421364140437623     
  0.22700000000000017        8.1600697345534261        6.7422304342810904        8.0059225540330500E-002   5.0580321697634396       0.95754629039770389        7.5266520523448461     
  0.22800000000000017        7.9779815286968576        6.6133101139909156        8.0815726238050750E-002   5.0995807717086459        1.0049156776153467        7.8187338349785334     
  0.22900000000000018        7.8003887486241981        6.4870885598680719        8.1552439063129090E-002   5.1411929215554366        1.0541365477847180        8.1185791373586298     
  0.23000000000000018        7.6271790669348647        6.3635049703575746        8.2269017118040189E-002   5.1828614853536372        1.1027517847246298        8.4119695917444375     
  0.23100000000000018        7.4582425220991206        6.2424998469543000        8.2965139572907007E-002   5.2245791245924096        1.1557183946685134        8.7265965302369128     
  0.23200000000000018        7.2934715015607576        6.1240149791132650        8.3640512186907545E-002   5.2663382947623036        1.2135987837278939        9.0650698106934708     
  0.23300000000000018        7.1327607228703078        6.0079934283599377        8.4294867785854835E-002   5.3081312440602106        1.2707900235095300        9.3957390958571754     
  0.23400000000000018        6.9760072129853885        5.8943795116765090        8.4927966693163992E-002   5.3499500121975689        1.3271678285263426        9.7194602505749916     
  0.23500000000000018        6.8231102858695989        5.7831187842357599        8.5539597115532412E-002   5.3917864293632825        1.3917393780357870        10.081998754849739     
  0.23600000000000018        6.6739715185178659        5.6741580215517438        8.6129575480853912E-002   5.4336321153072760        1.4556718463350509        10.438438073386379     
  0.23700000000000018        6.5284947255312504        5.5674452011129381        8.6697746729133579E-002   5.4754784785853197        1.5218464034964743        10.802355442942703     
  0.23800000000000018        6.3865859323601750        5.4629294835605036        8.7243984554671361E-002   5.5173167159415257        1.5905582856060032        11.175610461117556     
  0.23900000000000018        6.2481533473307209        5.3605611934714137        8.7768191600224726E-002   5.5591378118558588        1.6617061200215755        11.557276800928523     
  0.24000000000000019        6.1131073325640042        5.2602917998028937        8.8270299602261987E-002   5.6009325382565560        1.7352568019291554        11.946829543445084     
  0.24100000000000019        5.9813603738945771        5.1620738960518633        8.8750269486607747E-002   5.6426914543930184        1.8114823888598619        12.345184685585732     
  0.24200000000000019        5.8528270498894956        5.0658611801803000        8.9208091415656623E-002   5.6844049068930689        1.8902990308061960        12.752635135743098     
  0.24300000000000019        5.7274240000652155        4.9716084343542732        8.9643784785852651E-002   5.7260630300003514        1.9721889614247290        13.170405818881420     
  0.24400000000000019        5.6050698923955107        4.8792715045420714        9.0057398176081008E-002   5.7687576049107623        2.0565766549034747        13.595463638282988     
  0.24500000000000019        5.4856853901992624        4.7888072800138506        9.0449009247099019E-002   5.8115438073872276        2.1440666112411702        14.030881292979162     
  0.24600000000000019        5.3691931184929409        4.7001736727827632        9.0818724592005406E-002   5.8542846283166385        2.2342120669059740        14.473886152095337     
  0.24700000000000019        5.2555176298885868        4.6133295970251451        9.1166679538486395E-002   5.8969699073602735        2.3276585516067954        14.927480116986374     
  0.24800000000000019        5.1445853701140454        4.5282349485146174        9.1493037902474858E-002   5.9395892758809303        2.4239614253289989        15.389304242933580     
  0.24900000000000019        5.0363246432284283        4.4448505841029036        9.1797991694701583E-002   5.9821321583472571        2.5235165955924868        15.860743821036349     
  0.25000000000000017        4.9306655766017506        4.3631383012775853        9.2081760779651592E-002   6.0245877739560623        2.6202519691640274        16.315807949300506     
  0.25100000000000017        4.8275400857244097        4.2830608178252287        9.2344592488423180E-002   6.0669451384881015        2.7323432207628655        16.831693173671443     
  0.25200000000000017        4.7268818389079552        4.2045817516257573        9.2586761185573019E-002   6.1091930663978689        2.8417146041071613        17.330878815593323     
  0.25300000000000017        4.6286262219355887        4.1276656006023016        9.2808567790902449E-002   6.1513201731324534        2.9546072281113305        17.840083806176740     
  0.25400000000000017        4.5327103027170637        4.0522777228485847        9.3010339257062591E-002   6.1933148777112432        3.0711505469918214        18.359157409061385     
  0.25500000000000017        4.4390727959994845        3.9783843169541950        9.3192428003993993E-002   6.2351654055419452        3.1905021369165274        18.884626183522094     
  0.25600000000000017        4.3476540281822285        3.9059524025461769        9.3355211310492403E-002   6.2768597914940356        3.3141083253528003        19.422081307726160     
  0.25700000000000017        4.2583959022809212        3.8349498010638090        9.3499090664777310E-002   6.3183858832388857        3.4412916662577397        19.968550124961833     
  0.25800000000000017        4.1712418630827122        3.7653451167817535        9.3624491074200150E-002   6.3597313448329835        3.5722549450855485        20.524970057688332     
  0.25900000000000017        4.0861368625318271        3.6971077180952543        9.3731931816959213E-002   6.4008836605955963        3.7064143237673357        21.087042925421020     
  0.26000000000000018        4.0030273253816251        3.6302077190795132        9.3825534719067058E-002   6.4418301392259698        3.8451095118861778        21.661990485251422     
  0.26100000000000018        3.9218611151469460        3.5646159613341801        9.3907702594395528E-002   6.4825579182233630        3.9875467880057984        22.245537889885540     
  0.26200000000000018        3.8425875003874173        3.5003039961223514        9.3978741710368824E-002   6.5230539685612259        4.1339881617831828        22.838953711516240     
  0.26300000000000018        3.7651571213504238        3.4372440668124029        9.4038961260740461E-002   6.5633050996573781        4.2844312283085291        23.441570585650926     
  0.26400000000000018        3.6895219569994646        3.3754090916297033        9.4088673242072207E-002   6.6032979646190739        4.4381988966427590        24.048459248347573     
  0.26500000000000018        3.6156352924520059        3.3147726467242449        9.4128192334904770E-002   6.6430190657684642        4.5967111668551004        24.667626337621655     
  0.26600000000000018        3.5434516868479879        3.2553089495591343        9.4157835790044858E-002   6.6824547604724778        4.7587716695068005        25.292342387029706     
  0.26700000000000018        3.4729269416684945        3.1969928426237941        9.4177923319455070E-002   6.7215912672375628        4.9258207638116227        25.931494477684396     
  0.26800000000000018        3.4040180695221700        3.1397997774752158        9.4188776991895207E-002   6.7604146721111285        5.0963435530831163        26.574782414453551     
  0.26900000000000018        3.3366832634146024        3.0837057991091732        9.4190721132740879E-002   6.7989109353698209        5.2709262589051713        27.225435034228099     
  0.27000000000000018        3.2708818665144324        3.0286875306629812        9.4184082228279994E-002   6.8370658984864772        5.4522069684192500        27.901155750268625     
  0.27100000000000019        3.2065743424281949        2.9747221584504175        9.4169188833937906E-002   6.8748652914052846        5.6337238914729060        28.556534848324176     
  0.27200000000000019        3.1437222459941072        2.9217874173288578        9.4146371485592892E-002   6.9122947400888055        5.8210952477644620        29.231759940568381     
  0.27300000000000019        3.0822881946035294        2.8698615763978519        9.4115962614690046E-002   6.9493397743796432        6.0127561306317112        29.914659083755900     
  0.27400000000000019        3.0222358400574589        2.8189234250280064        9.4078296465515909E-002   6.9859858361088829        6.2088544877192833        30.606019293484042     
  0.27500000000000019        2.9635298409638624        2.7689522592183424        9.4033709014830824E-002   7.0222182875266848        6.4088101638535884        31.302572148283005     
  0.27600000000000019        2.9061358356805149        2.7199278682798469        9.3982537893159496E-002   7.0580224200035451        6.6132835507415608        32.007497769347381     
  0.27700000000000019        2.8500204158066662        2.6718305218424914        9.3925122306492803E-002   7.0933834630008503        6.8088878594116524        32.678454700315626     
  0.27800000000000019        2.7951511002257767        2.6246409571825686        9.3861802958664614E-002   7.1282865933290331        7.0214021576119876        33.395446450783808     
  0.27900000000000019        2.7414963097004179        2.5783403668667599        9.3792921972316173E-002   7.1627169446785146        7.2379877753726403        34.117587598172975     
  0.28000000000000019        2.6890253420195824        2.5329103867092009        9.3718822808416383E-002   7.1966596174039630        7.4725956973085097        34.886753467656796     
  0.28100000000000019        2.6377083476974481        2.4883330840371634        9.3639850183050641E-002   7.2300996885944349        7.6972461583874470        35.619499480284894     
  0.28200000000000019        2.5875163062220805        2.4445909462610804        9.3556349979614525E-002   7.2630222223758558        7.9265967890109277        36.359777860514249     
  0.28300000000000020        2.5384210028514929        2.4016668697441754        9.3468669156297340E-002   7.2954122804786810        8.1595024675687604        37.102511944708837     
  0.28400000000000020        2.4903950059538071        2.3595441489666746        9.3377155646124824E-002   7.3272549330422114        8.3970645525656860        37.855252087882143     
  0.28500000000000020        2.4434116448876848        2.3182064659796451        9.3282158248953181E-002   7.3585352696562492        8.6376116402601717        38.604132537658202     
  0.28600000000000020        2.3974449884184188        2.2776378801432009        9.3184026513258342E-002   7.3892384106395177        8.8822932622216033        39.360071794008860     
  0.28700000000000020        2.3524698236644892        2.2378228181435298        9.3083110605361008E-002   7.4193495185153155        9.1156463621912387        40.078720425843258     
  0.28800000000000020        2.3084616355689569        2.1987460642834060        9.2979761165128794E-002   7.4488538097278383        9.3829659507961640        40.882485636225688     
  0.28900000000000020        2.2653965868895556        2.1603927510404937        9.2874329144419801E-002   7.4777365665287387        9.6390254540378795        41.649449095047245     
  0.29000000000000020        2.2232514987007592        2.1227483498877731        9.2767165626996564E-002   7.5059831490745230        9.8986659241788324        42.419439777088911     
  0.29100000000000020        2.1820038314009516        2.0857986623704088        9.2658621626619156E-002   7.5335790076987976        10.161355692907595        43.188599345534165     
  0.29200000000000020        2.1416316662172550        2.0495298114332163        9.2549047860149378E-002   7.5605096953425388        10.427627177780442        43.961501629535455     
  0.29300000000000020        2.1021136872003483        2.0139282329929844        9.2438794493187440E-002   7.5867608801490674        10.697316081420000        44.735999333930344     
  0.29400000000000021        2.0634291637013447        1.9789806677498227        9.2328210854368348E-002   7.6123183582060845        10.954043458824284        45.469626597516445     
  0.29500000000000021        2.0255579333225198        1.9446741532317924        9.2217645114548996E-002   7.6371680664092114        11.246879534667023        46.290787128397895     
  0.29600000000000021        1.9884803853334341        1.9109960160669486        9.2107443927090013E-002   7.6612960954379323        11.526120104600750        47.068461171022491     
  0.29700000000000021        1.9521774445439306        1.8779338644771315        9.1997952025401897E-002   7.6846887028486899        11.808217657698824        47.845687093428651     
  0.29800000000000021        1.9166305556251966        1.8454755809877845        9.1889511772736868E-002   7.7073323262496043        12.093671956871642        48.625451909826609     
  0.29900000000000021        1.8818216678700312        1.8136093153480355        9.1782462659350292E-002   7.7292135965289983        12.381673087877687        49.403528366928498     
  0.30000000000000021        1.8477332203834036        1.7823234776556123        9.1677140743329874E-002   7.7503193511757802        12.672834966101567        50.182921933525584     
  0.30100000000000021        1.8143481276941471        1.7516067316808650        9.1573878028072792E-002   7.7706366476055440        12.966130462928451        50.959643413600936     
  0.30200000000000021        1.7816497657788475        1.7214479883845948        9.1473001772434573E-002   7.7901527765333674        13.245914107405607        51.700130255399309     
  0.30300000000000021        1.7496219584886645        1.6918363996241588        9.1374833727587021E-002   7.8088552753434666        13.544950986791843        52.475876076648156     
  0.30400000000000021        1.7182489643700003        1.6627613520426405        9.1279689294465324E-002   7.8267319414480756        13.861337077326702        53.283604758111061     
  0.30500000000000022        1.6875154638699166        1.6342124611357860        9.1187876596858244E-002   7.8437708456212931        14.165521898600563        54.059610584012646     
  0.30600000000000022        1.6574065469171506        1.6061795654916649        9.1099695464165645E-002   7.8599603452855513        14.470703290276690        54.828018629260185     
  0.30700000000000022        1.6279077008696936        1.5786527211979688        9.1015436318258591E-002   7.8752890977297101        14.776189266019939        55.584692024699763     
  0.30800000000000022        1.5990047988198459        1.5516221964119605        9.0935378959798613E-002   7.8897460732455755        15.088149271034476        56.362285015023282     
  0.30900000000000022        1.5706840882479582        1.5250784660884273        9.0859791249166447E-002   7.9033205681689047        15.399823659821546        57.125016536212257     
  0.31000000000000022        1.5429321800157871        1.4990122068606637        9.0788927678375278E-002   7.9160022177796021        15.698519352448651        57.855632360957451     
  0.31100000000000022        1.5157360376908331        1.4734142920700415        9.0723027831442010E-002   7.9277810090790988        16.028537716770302        58.640934324388958     
  0.31200000000000022        1.4890829671929340        1.4482757869396026        9.0662314731511442E-002   7.9386472934045038        16.345976537935389        59.396762184932783     
  0.31300000000000022        1.4629606067545380        1.4235879438872483        9.0606993075879896E-002   7.9485917988419938        16.664763496586360        60.147972212638066     
  0.31400000000000022        1.4373569171861589        1.3993421979741967        9.0557247361267912E-002   7.9576056424637640        16.984766286053439        60.893136107016275     
  0.31500000000000022        1.4122601724387669        1.3755301624846095        9.0513239905817444E-002   7.9656803423387572        17.306705962086145        61.637412556840928     
  0.31600000000000023        1.3876589504548351        1.3521436246322045        9.0475108776208971E-002   7.9728078292976727        17.630028266462659        62.375719784378248     
  0.31700000000000023        1.3635421242999812        1.3291745413899279        9.0442965634399103E-002   7.9789804584296151        17.954830809673439        63.112520283737169     
  0.31800000000000023        1.3398988535673342        1.3066150354388386        9.0416893522819869E-002   7.9841910203251665        18.266186850859228        63.815184406658759     
  0.31900000000000023        1.3167185760467208        1.2844573912323567        9.0396944612853691E-002   7.9884327519857532        18.607923448002651        64.571206791973893     
  0.32000000000000023        1.2939909996511829        1.2626940511723463        9.0383137949464773E-002   7.9916993474483489        18.936042038577614        65.292376266326571     
  0.32100000000000023        1.2717060945932039        1.2413176118933529        9.0375457232786061E-002   7.9939849680426782        19.264698968509222        66.006914555451957     
  0.32200000000000023        1.2498540858033835        1.2203208206516540        9.0373848687442498E-002   7.9952842523130041        19.595880268666313        66.723521132860796     
  0.32300000000000023        1.2284254455843657        1.1996965718156929        9.0378219081104147E-002   7.9955923255388033        19.927205707932494        67.431729994832395     
  0.32400000000000023        1.2074108864930071        1.1794379034547255        9.0388433966374929E-002   7.9949048088951580        20.259401268722691        68.134561529101006     
  0.32500000000000023        1.1868013544438749        1.1595379940224739        9.0404316232118476E-002   7.9932178281611757        20.592243567055910        68.830033110628506     
  0.32600000000000023        1.1665880220274445        1.1399901591327823        9.0425645065133703E-002   7.9905280220297374        20.911614015804627        69.498754114995137     
  0.32700000000000023        1.1467622820363743        1.1207878484242733        9.0452155435544621E-002   7.9868325499518003        21.259639359313837        70.207568342034989     
  0.32800000000000024        1.1273157411935106        1.1019246425111899        9.0483538232580707E-002   7.9821290995174055        21.594604848953022        70.889283423500189     
  0.32900000000000024        1.1082402140754171        1.0833942500176648        9.0519441187818184E-002   7.9764158933627209        21.930287236316985        71.564485738497780     
  0.33000000000000024        1.0895277172252504        1.0651905046926347        9.0559470728890881E-002   7.9696916955767829        22.266574935289068        72.235836737476916     
  0.33100000000000024        1.0711704634492210        1.0473073626029619        9.0603194907739257E-002   7.9619558175892182        22.603082305254002        72.899524734063320     
  0.33200000000000024        1.0531608562907298        1.0297388994021281        9.0650147538081302E-002   7.9532081235408958        22.939958137286290        73.556749304632248     
  0.33300000000000024        1.0354914846766805        1.0124793076721414        9.0699833655582790E-002   7.9434490351176814        23.277411063675633        74.209991688617308     
  0.33400000000000024        1.0181551177304433       0.99552289433628427        9.0751736375103254E-002   7.9326795358150015        23.615006920304737        74.855349166415721     
  0.33500000000000024        1.0011446997462092       0.97886407814045839        9.0805325160989894E-002   7.9209011746559277        23.952872527850420        75.495505679173718     
  0.33600000000000024       0.98445334531956008       0.96249738720093347        9.0860065440719229E-002   7.9081160693220758        24.291097694973502        76.129342057736622     
  0.33700000000000024       0.96807433462924208       0.94641745661637133        9.0915429380155580E-002   7.8943269086924239        24.629343240966168        76.756765708724998     
  0.33800000000000024       0.95200110886529310       0.93061902614210812        9.0970907498373818E-002   7.8795369547983940        24.967718820763178        77.377504624925635     
  0.33900000000000025       0.93622726579876847       0.91509693792469049        9.1026020636194957E-002   7.8637500441711490        25.306957060808557        77.994500596259314     
  0.34000000000000025       0.92074655548851980       0.89984613429481430        9.1080331619795007E-002   7.8469705885598087        25.645263464456001        78.602394106187262     
  0.34100000000000025       0.90555287612055679       0.88486165561677521        9.1133455799630309E-002   7.8292035750492133        25.974230498772922        79.189381682720395     
  0.34200000000000025       0.89064026997566237       0.87013863819269810        9.1185069532994809E-002   7.8104545655378947        26.312407845463365        79.783737784115459     
  0.34300000000000025       0.87600291952111420       0.85567231221980367        9.1234915663914368E-002   7.7907296955852816        26.661243835307967        80.389345160920485     
  0.34400000000000025       0.86163514362241289       0.84145799979909042        9.1282805190995714E-002   7.7700356726426074        27.001962008526615        80.978917125805168     
  0.34500000000000025       0.84753139387115140       0.82749111299384104        9.1328614648416212E-002   7.7483797736126085        27.337819327742295        81.545438019764802     
  0.34600000000000025       0.83368625102511362       0.81376715193635119        9.1372279273429086E-002   7.7257698417929408        27.676476546362341        82.116547389643884     
  0.34700000000000025       0.82009442155704870       0.80028170298151724        9.1413782735696780E-002   7.7022142831780922        28.014595762402735        82.678441978216242     
  0.34800000000000025       0.80675073430843336       0.78703043690574048        9.1453144906337422E-002   7.6777220621141185        28.352993689736621        83.236720579578815     
  0.34900000000000025       0.79365013724482170       0.77400910714983451        9.1490409600819181E-002   7.6523026963096772        28.689359173037346        83.780621869893608     
  0.35000000000000026       0.78078769430944994       0.76121354810458397        9.1525634172570050E-002   7.6259662512236996        29.027101813431543        84.325123226525463     
  0.35100000000000026       0.76815858237181722       0.74863967343767068        9.1558882158414637E-002   7.5987233338160900        29.363484599346545        84.857846147790355     
  0.35200000000000026       0.75575808826813096       0.73628347446074149        9.1590219104118367E-002   7.5705850856605341        29.700410781389980        85.387968380051831     
  0.35300000000000026       0.74358160593059974       0.72414101853540880        9.1619710761065148E-002   7.5415631754613317        30.036318052389625        85.907757969542843     
  0.35400000000000026       0.73162463360263896       0.71220844751706258        9.1647422534616468E-002   7.5116697909130856        30.372807674012304        86.427183075736778     
  0.35500000000000026       0.71988277113712662       0.70048197623532338        9.1673419373830320E-002   7.4809176300042122        30.707466763552471        86.929373088646770     
  0.35600000000000026       0.70835171737502589       0.68895789101014582        9.1697765754193916E-002   7.4493198916802674        31.042451134096279        87.431521040261998     
  0.35700000000000026       0.69702726760168410       0.67763254820247343        9.1720525671585243E-002   7.4168902659474556        31.376426886254663        87.924037483714315     
  0.35800000000000026       0.68590531107827202       0.66650237279848523        9.1741762636551163E-002   7.3836429233889564        31.710436692668562        88.409121528781498     
  0.35900000000000026       0.67498182864588985       0.65556385702645725        9.1761539669222902E-002   7.3495925041162504        32.051283445206629        88.907825530493369     
  0.36000000000000026       0.66425289039992974       0.64481355900530379       0.60716322287627689        7.3147541061757675        32.376768370542166        89.363349878214152     
  0.36100000000000027       0.65371465343245116       0.63424810142394539       0.60454817131724881        7.2791432734219912        32.709372769340874        89.830723511495748     
  0.36200000000000027       0.64336335964024260       0.62386417025055629       0.60194562446979683        7.2427759828615264        33.041114555473555        90.290837728089670     
  0.36300000000000027       0.63319533359653224       0.61365851347097444       0.59935550060405518        7.2056686315034515        33.371187589178533        90.738150638673517     
  0.36400000000000027       0.62320698048416279       0.60362793985534136       0.59677770252741447        7.1678380227194340        33.702210282025753        91.188814198057315     
  0.36500000000000027       0.61339478408831360       0.59376931775230968       0.59421211782036387        7.1293013521272455        34.026346175106298        91.615919633077624     
  0.36600000000000027       0.60375530484676143       0.58407957390997900       0.59165861906963702        7.0900761930433358        34.361581585243748        92.054645797972825     
  0.36700000000000027       0.59428517795585623       0.57455569232288661       0.58911706393592411        7.0501804814932321        34.689355503331910        92.476679424971749     
  0.36800000000000027       0.58498111153038868       0.56519471310433900       0.58658729354721673        7.0096325008108273        35.017851754226946        92.896271164152353     
  0.36900000000000027       0.57583988481561410       0.55599373138341457       0.58406912230525887        6.9684508658602722        35.345018746972634        93.306781605042815     
  0.37000000000000027       0.56685834644972266       0.54694989622595391       0.58156230183591007        6.9266545068848178        35.671163600015610        93.708881178507127     
  0.37100000000000027       0.55803341277517926       0.53806040957895973       0.57906643420003734        6.8842626530247957        35.997266496454358        94.106646779235206     
  0.37200000000000027       0.54936206619732175       0.52932252523774237       0.57658081610818812        6.8412948154948481        36.321204138639693        94.494884525736268     
  0.37300000000000028       0.54084135358872665       0.52073354783525705       0.57410421795505329        6.7977707704914074        36.645375668900471        94.880720936127418     
  0.37400000000000028       0.53246838473786684       0.51229083185303625       0.57163462725876124        6.7537105418064298        36.969509039049811        95.255253758391206     
  0.37500000000000028       0.52424033084068367       0.50399178065320505       0.56916900197666986        6.7091343832179726        37.292535086938877        95.625317843526048     
  0.37600000000000028       0.51615442303365411       0.49583384553098120       0.56670307945731735        6.6640627606302969        37.613895402125479        95.986066699949461     
  0.37700000000000028       0.50820795096711313       0.48781452478722509       0.56423127443622145        6.6185163340561681        37.934794423845652        96.341576158702011     
  0.37800000000000028       0.50039826141748445       0.47993136282044674       0.56174668141545347        6.5725159393909331        38.255347875671085        96.691209625678795     
  0.37900000000000028       0.49272275693727635       0.47218194923788498       0.55924117938522933        6.5260825700780698        38.574526441683325        97.033927794795702     
  0.38000000000000028       0.48517889454158836       0.46456391798509644       0.55670562391313716        6.4792373586307050        38.893405783559253        97.369566230172609     
  0.38100000000000028       0.47776418443004404       0.45707494649367819       0.55413010426839826        6.4320015580769923        39.204028993014802        97.682657580225495     
  0.38200000000000028       0.47047618874300973       0.44971275484661938       0.55150424085311778        6.3843965233428595        39.528358171520409        98.021996631406296     
  0.38300000000000028       0.46331252035107556       0.44247510496091957       0.54881749939858582        6.3364436925892962        39.844974081346912        98.338456720654989     
  0.38400000000000029       0.45627084167673088       0.43535979978699701       0.54605950170903883        6.2881645685404708        40.159547623680368        98.646243246308288     
  0.38500000000000029       0.44934886354726916       0.42836468252452731       0.54322031699308104        6.2395806998371333        40.474877976243597        98.952025269683759     
  0.38600000000000029       0.44254434407798271       0.42148763585433147       0.54029072220236329        6.1907136624192765        40.787831037754977        99.247598802692167     
  0.38700000000000029       0.43585508758467739       0.41472658118588940       0.53726242381300415        6.1415850409871604        41.101777950075423        99.539909380811849     
  0.38800000000000029       0.42927894352464691       0.40807947792015586       0.53412823690030764        6.0922164105455749        41.412281356605511        99.820431607122700     
  0.38900000000000029       0.42281380546527031       0.40154432272732876       0.53088222011494701        6.0426293180828790        41.724092417951709        100.09864317032167     
  0.39000000000000029       0.41645761007933513       0.39511914883917776       0.52751976729667394        5.9928452643758998        42.032046666496498        100.36782102582362     
  0.39100000000000029       0.41020833616633923       0.38880202535563824       0.52403765803589708        5.9428856859882693        42.343545364642175        100.63404424640527     
  0.39200000000000029       0.40406400369899165       0.38259105656536124       0.52043407060188407        5.8927719374401706        42.649990539715830        100.89142803872110     
  0.39300000000000029       0.39802267289412646       0.37648438127984635       0.51670856138905552        5.8425252736066611        42.960883505239465        101.14917173942182     
  0.39400000000000029       0.39208244330734732       0.37048017218089929       0.51286201545972598        5.7921668323619429        43.266611936095508        101.39451998593518     
  0.39500000000000030       0.38624145295067441       0.36457663518109806       0.50889657294852775        5.7417176174772138        43.574383108250302        101.63602290170763     
  0.39600000000000030       0.38049787743255581       0.35877200879699855       0.50481553609213559        5.6911984818153902        43.879096673728398        101.87032841759394     
  0.39700000000000030       0.37484992911953113       0.35306456353474625       0.50062326149646508        5.6406301108274235        44.184010005834331        102.10228579671563     
  0.39800000000000030       0.36929585631898054       0.34745260128788474       0.49632504199033922        5.5900330063779791        44.486615424204139        102.31923291995545     
  0.39900000000000030       0.36383394248230788       0.34193445474705536       0.49192698206678670        5.5394274709228597        44.788316352408863        102.54029423652121     
  0.40000000000000030       0.35846250542797731       0.33650848682132461       0.48743587050445292        5.4888335920530755        45.091758170062526        102.75100991471801     
  0.40100000000000030       0.35317989658385901       0.33117309007092721       0.48285905331942153        5.4382712274249698        45.390759758471575        102.95121284685386     
  0.40200000000000030       0.34798450024828226       0.32592668615112091       0.47820430973163564        5.3877599900923840        45.692373392340343        103.15449428485312     
  0.40300000000000030       0.34287473286931786       0.32076772526696878       0.47347973336818810        5.3373192342700229        45.991931033236845        103.34946048689473     
  0.40400000000000030       0.33784904234173907       0.31569468563877734       0.46869362047067187        5.2869680415192795        46.291152984196174        103.53898081620407     
  0.40500000000000030       0.33290590732117137       0.31070607297798442       0.46385436644825662        5.2367252073973845        46.588640106902126        103.72217489517763     
  0.40600000000000031       0.32804383655495939       0.30580041997326191       0.45897037171688310        5.1866092285634986        46.883931654451636        103.89776592658555     
  0.40700000000000031       0.32326136822926671       0.30097628578662594       0.45404995741243231        5.1366382903790528        47.180598739969163        104.06869377597504     
  0.40800000000000031       0.31855706933198419       0.29623225555936128       0.44910129124828635        5.0868302549774880        47.475533874633634        104.24291798393476     
  0.40900000000000031       0.31392953503096549       0.29156693992749366       0.44413232351883775        5.0372026498540015        47.724867136812456        104.29111986958381     
  0.41000000000000031       0.30937738806721993       0.28697897454669535       0.43915073302714708        4.9877726569620187        48.064407706259203        104.55055222474174     
  0.41100000000000031       0.30489927816261886       0.28246701962636556       0.43416388253234034        4.9385571023313144        48.358342730533224        104.70636940236398     
  0.41200000000000031       0.30049388144171812       0.27802975947270597       0.42917878317621239        4.8895724462093906        48.650449963102666        104.85252070945330     
  0.41300000000000031       0.29615989986734337       0.27366590204064134       0.42420206724394577        4.8408347737552848        48.938753174452138        104.98741311667106     
  0.41400000000000031       0.29189606068952612       0.26937417849435125       0.41923996854695833        4.7923597862635230        49.231052574854672        105.12661543668749     
  0.41500000000000031       0.28770111590746444       0.26515334277627567       0.41429830967748749        4.7441627929366907        49.520363266492929        105.25708894571895     
  0.41600000000000031       0.28357384174413958       0.26100217118440755       0.40938249537062377        4.6962587032187910        49.808908279840232        105.37871818907109     
  0.41700000000000031       0.27951303813326067       0.25691946195770188       0.40449751121499983        4.6486620196737176        50.097432030658297        105.50216600341417     
  0.41800000000000032       0.27551752821820158       0.25290403486943314       0.39964792697771290        4.6013868314319604        50.385632814599909        105.61797455593363     
  0.41900000000000032       0.27158615786261830       0.24895473082834937       0.39483790384286610        4.5544468081855456        50.672568990892245        105.72922717447187     
  0.42000000000000032       0.26771779517244382       0.24507041148746914       0.39007120490753300        4.5078551947507499        50.959089741219515        105.83634440603942     
  0.42100000000000032       0.26391133002894995       0.24124995886034026       0.38535120833206121        4.4616248061782455        51.244509353025691        105.93840370277323     
  0.42200000000000032       0.26016567363259147       0.23749227494464681       0.38068092259127062        4.4157680234335270        51.529965223406791        106.03541708261514     
  0.42300000000000032       0.25647975805737377       0.23379628135300137       0.37606300333298676        4.3702967896209746        51.812889776183987        106.12914993962404     
  0.42400000000000032       0.25285253581541511       0.23016091895075103       0.37149977140362267        4.3252226067568662        52.095811265396115        106.21455988414927     
  0.42500000000000032       0.24928297943152167       0.22658514750072314       0.36699323165452669        4.2805565330994124        52.377304128749579        106.29686645096211     
  0.42600000000000032       0.24577008102743292       0.22306794531469076       0.36254509219541986        4.2363091810031070        52.659806837738593        106.37708027217333     
  0.42700000000000032       0.24231285191556631       0.21960830891150948       0.35815678380946359        4.1924907153241371        52.940301069093820        106.45061550376704     
  0.42800000000000032       0.23891032220195424       0.21620525268170815       0.35382947928907249        4.1491108523443128        53.220256059619004        106.52140240664551     
  0.42900000000000033       0.23556154039819044       0.21285780855847861       0.34956411249076452        4.1061788592120987        53.500422940553769        106.58879824070726     
  0.43000000000000033       0.23226557304213041       0.20956502569489779       0.34536139694869789        4.0637035539040820        53.779317479002287        106.64918945065062     
  0.43100000000000033       0.22902150432712692       0.20632597014726051       0.34122184391432320        4.0216933056824438        54.057311016298925        106.70679762409051     
  0.43200000000000033       0.22582843573960423       0.20313972456442800       0.33714577972282289        3.9801560360479149        54.335611713004418        106.76225374236650     
  0.43300000000000033       0.22268548570473071       0.20000538788303190       0.33313336240948344        3.9390992201754842        54.612843210584046        106.81259852109255     
  0.43400000000000033       0.21959178924003489       0.19692207502847661       0.32918459752211038        3.8985298888170772        54.889916051599144        106.85934505127324     
  0.43500000000000033       0.21654649761671618       0.19388891662156613       0.32529935309611580        3.8584546306715821        55.165546136908688        106.90013894161707     
  0.43600000000000033       0.21354877802849936       0.19090505869068691       0.32147737377164370        3.8188795951952645        55.441597161284292        106.94015778085571     
  0.43700000000000033       0.21059781326782109       0.18796966238941479       0.31771829404670587        3.7798104958509140        55.714781816173293        106.97148276516145     
  0.43800000000000033       0.20769280140919694       0.18508190371946787       0.31402165067382631        3.7412526137807651        55.989894783044065        107.00511750280559     
  0.43900000000000033       0.20483295549955471       0.18224097325885633       0.31038689421006777        3.7032108018800254        56.260626630881106        107.02309139361941     
  0.44000000000000034       0.20201750325540313       0.17944607589518002       0.30681339974642141        3.6656894892745808        56.535167428386920        107.05309195032829     
  0.44100000000000034       0.19924568676664553       0.17669643056393419       0.30330047683894440        3.6286926861718207        56.804229758268953        107.06688096733468     
  0.44200000000000034       0.19651676220688286       0.17399126999174203       0.29984737867410005        3.5922239890800198        57.078359144070355        107.08691115428849     
  0.44300000000000034       0.19382999955005942       0.17132984044442942       0.29645331050251045        3.5562865863752782        57.350696551966195        107.10152276565174     
  0.44400000000000034       0.19118468229327640       0.16871140147980901       0.29311743737606460        3.5208832642104575        57.621537991465864        107.11380097308573     
  0.44500000000000034       0.18858010718565565       0.16613522570514239       0.28983889122407758        3.4860164127341147        57.896813241818563        107.12421434095748     
  0.44600000000000034       0.18601558396308412       0.16360059853913364       0.28661677730885848        3.4516880326222674        58.160489502590657        107.11901045604131     
  0.44700000000000034       0.18349043508870702       0.16110681797839685       0.28345018009560885        3.4178997418955572        58.426803073051673        107.11419439879465     
  0.44800000000000034       0.18100399549904164       0.15865319436830722       0.28033816857464028        3.3846527830077329        58.696218207097836        107.11158321101877     
  0.44900000000000034       0.17855561235556089       0.15623905017814443       0.27727980107127126        3.3519480301938045        58.965017127751722        107.10592082870873     
  0.45000000000000034       0.17614464480163675       0.15386371978045471       0.27427412958010799        3.3197859970548844        59.232464007991815        107.09590571253545     
  0.45100000000000035       0.17377046372470223       0.15152654923453637       0.27132020365522308        3.2881668443760930        59.498438863179182        107.08102789662244     
  0.45200000000000035       0.17143245152352310       0.14922689607399434       0.26841707389061537        3.2570903881405662        59.768131450837807        107.07030747302656     
  0.45300000000000035       0.16913000188044006       0.14696412909825057       0.26556379502025096        3.2265561077480491        60.021711464345195        107.03371637047590     
  0.45400000000000035       0.16686251953849099       0.14473762816796862       0.26275942866855651        3.1965631544067206        60.296772352586537        107.02384142006447     
  0.45500000000000035       0.16462942008327830       0.14254678400429716       0.26000304577617167        3.1671103596815646        60.560174780005092        106.99607296589161     
  0.45600000000000035       0.16243012972948032       0.14039099799186436       0.25729372872994466        3.1381962441950395        60.824362267408617        106.96719785522463     
  0.45700000000000035       0.16026408511190179       0.13826968198545128       0.25463057322105925        3.1098190264546570        61.087227878860809        106.93408472889392     
  0.45800000000000035       0.15813073308094894       0.13618225812027185       0.25201268985030933        3.0819766317978656        61.352020895445762        106.90332985249630     
  0.45900000000000035       0.15602953050244142       0.13412815862580246       0.24943920550801382        3.0546667014312203        61.626852197591958        106.88599687962909     
  0.46000000000000035       0.15395994406164634       0.13210682564306922       0.24690926454310239        3.0278866015603967        61.876996223324120        106.82658527038053     
  0.46100000000000035       0.15192145007144653       0.13011771104534822       0.24442202974231056        3.0016334325884024        62.138476358077781        106.78449373975816     
  0.46200000000000035       0.14991353428455309       0.12816027626221455       0.24197668313632786        2.9759040383702637        62.402494864240772        106.74243180467646     
  0.46300000000000036       0.14793569170965162       0.12623399210684558       0.23957242664762640        2.9506950155074820        62.662530106993941        106.69353102778767     
  0.46400000000000036       0.14598742643141857       0.12433833860656762       0.23720848259556868        2.9260027226741352        62.925578083011153        106.64734708179671     
  0.46500000000000036       0.14406825143429644       0.12247280483653056       0.23488409407257177        2.9018232899573690        63.181715938038032        106.58984020238141     
  0.46600000000000036       0.14217768842995496       0.12063688875649017       0.23259852520230834        2.8781526281962377        63.443091038140153        106.53780341690124     
  0.46700000000000036       0.14031526768835562       0.11883009705062060       0.23035106129203850        2.8549864383147092        63.702086456934396        106.48014638658488     
  0.46800000000000036       0.13848052787233106       0.11705194497029935       0.22814100889239933        2.8323202206295770        63.964518723415956        106.42514962695847     
  0.46900000000000036       0.13667301587560768       0.11530195617981989       0.22596769576690029        2.8101492841207327        64.222308588445500        106.36304893968227     
  0.47000000000000036       0.13489228666418793       0.11357966260495728       0.22383047079030585        2.7884687556614454        64.480797295919487        106.29883928257532     
  0.47100000000000036       0.13313790312102702       0.11188460428436089       0.22172870377477216        2.7672735891839206        64.737704337889724        106.23226539355970     
  0.47200000000000036       0.13140943589391108       0.11021632922367929       0.21966178523721733        2.7465585747817651        64.994477008015551        106.16343642867673     
  0.47300000000000036       0.12970646324649515       0.10857439325241407       0.21762912611141552        2.7263183477314739        65.252218563241456        106.09454307478886     
  0.47400000000000037       0.12802857091239633       0.10695835988340784       0.21563015741349328        2.7065473974267626        65.509233917886704        106.02247128378822     
  0.47500000000000037       0.12637535195230232       0.10536780017494020       0.21366432986602316        2.6872400762147337        65.765397209820520        105.94703486547168     
  0.47600000000000037       0.12474640661401774       0.10380229259538637       0.21173111348276091        2.6683906081232558        66.017161645708356        105.86584263471264     
  0.47700000000000037       0.12314134219537594       0.10226142289035939       0.20982999712494982        2.6499930974802139        66.274260926295725        105.78856674184000     
  0.47800000000000037       0.12155977290996861       0.10074478395233184       0.20796048802947184        2.6320415373993749        66.532662180704619        105.71262124080565     
  0.47900000000000037       0.12000131975561808        9.9251975692651484E-002  0.20612211131238020        2.6145298181432892        66.787237851333231        105.63260563824035     
  0.48000000000000037       0.11846561038553691        9.7782604915929314E-002  0.20431440945510979        2.5974517353459010        67.042121749538538        105.54605884967229     
  0.48100000000000037       0.11695227898212125        9.6336285196747598E-002  0.20253694177264189        2.5808009980881712        67.296065156151528        105.45892858839871     
  0.48200000000000037       0.11546096613330575        9.4912636758639923E-002  0.20078928387115419        2.5645712368267732        67.551236645719612        105.37380745571373     
  0.48300000000000037       0.11399131871144261        9.3511286355307671E-002  0.19907102709221433        2.5487560111613976        67.805174988310313        105.28475818833473     
  0.48400000000000037       0.11254298975463364        9.2131867154027061E-002  0.19738177795482845        2.5333488174443533        68.057539876359144        105.19200108364952     
  0.48500000000000038       0.11111563835047258        9.0774018621205307E-002  0.19572115758633277        2.5183430962181421        68.316057823737083        105.10688972325366     
  0.48600000000000038       0.10970892952213800        8.9437386410041508E-002  0.19408880115537724        2.5037322394859558        68.564764646119229        105.00582924512463     
  0.48700000000000038       0.10832253411679187        8.8121622250265541E-002  0.19248435730177596        2.4895095978017663        68.817240552028807        104.91018440481325     
  0.48800000000000038       0.10695612869622922        8.6826383839895285E-002  0.19090748756870574        2.4756684871842727        69.069467666609171        104.81233563687921     
  0.48900000000000038       0.10560939542973152        8.5551334738992901E-002  0.18935786583561215        2.4622021958458520        69.322276185894481        104.71483679934316     
  0.49000000000000038       0.10428202198908137        8.4296144265377890E-002  0.18783517775785535        2.4491039907365120        69.572274103098223        104.61140924767857     
  0.49100000000000038       0.10297370144567866        8.3060487392244170E-002  0.18633912021060661        2.4363671238981626        69.823258903966419        104.51151661402211     
  0.49200000000000038       0.10168413216973063        8.1844044647672656E-002  0.18486940074022343        2.4239848386300098        70.162417761668650        104.55429618276861     
  0.49300000000000038       0.10041301773145746        8.0646502015982460E-002  0.18342573702261064        2.4119503754608518        70.335547308727229        104.29645226693145     
  0.49400000000000038        9.9160066804272376E-002   7.9467550840888662E-002  0.18200785633285943        2.4002569779269676        70.581129734529256        104.20512468933924     
  0.49500000000000038        9.7924993069904889E-002   7.8306887730446528E-002  0.18061549502316748        2.3888978981565527        70.829944401620040        104.09189026703193     
  0.49600000000000039        9.6707515125408816E-002   7.7164214463730479E-002  0.17924839801227044        2.3778664022564056        71.078721113823846        103.98086340505918     
  0.49700000000000039        9.5507356392027704E-002   7.6039237899225232E-002  0.17790631828578604        2.3671557755066446        71.329293248047307        103.87174921400555     
  0.49800000000000039        9.4324245025871944E-002   7.4931669884899021E-002  0.17658901641161884        2.3567593273536738        71.576824384388402        103.75714844540084     
  0.49900000000000039        9.3157913830374278E-002   7.3841227169918061E-002  0.17529626006502136        2.3466703962135438        71.827835360788043        103.64703548687287     
  0.50000000000000033        9.2008100170478058E-002   7.2767631317979337E-002  0.17402782356934798        2.3368823540755321        72.075470235628345        103.53053224357217     
