   0.0000000000000000        0.0000000000000000        0.0000000000000000        0.0000000000000000        0.0000000000000000        0.0000000000000000        0.0000000000000000     
   1.0000000000000000E-003   0.0000000000000000        0.0000000000000000        0.0000000000000000        0.0000000000000000        0.0000000000000000        0.0000000000000000     
   2.0000000000000000E-003   0.0000000000000000        0.0000000000000000        0.0000000000000000        0.0000000000000000        0.0000000000000000        0.0000000000000000     
   3.0000000000000001E-003   0.0000000000000000        0.0000000000000000        0.0000000000000000        0.0000000000000000        0.0000000000000000        0.0000000000000000     
   4.0000000000000001E-003   0.0000000000000000        0.0000000000000000        0.0000000000000000        0.0000000000000000        0.0000000000000000        0.0000000000000000     
   5.0000000000000001E-003   0.0000000000000000        0.0000000000000000        0.0000000000000000        0.0000000000000000        0.0000000000000000        0.0000000000000000     
   6.0000000000000001E-003   0.0000000000000000        0.0000000000000000        0.0000000000000000        0.0000000000000000        0.0000000000000000        0.0000000000000000     
   7.0000000000000001E-003   0.0000000000000000        0.0000000000000000        0.0000000000000000        0.0000000000000000        0.0000000000000000        0.0000000000000000     
   8.0000000000000002E-003   0.0000000000000000        0.0000000000000000        0.0000000000000000        0.0000000000000000        0.0000000000000000        0.0000000000000000     
   9.0000000000000011E-003   0.0000000000000000        0.0000000000000000        0.0000000000000000        0.0000000000000000        0.0000000000000000        0.0000000000000000     
   1.0000000000000002E-002   0.0000000000000000        0.0000000000000000        0.0000000000000000        0.0000000000000000        0.0000000000000000        0.0000000000000000     
   1.1000000000000003E-002   0.0000000000000000        0.0000000000000000        0.0000000000000000        0.0000000000000000        0.0000000000000000        0.0000000000000000     
   1.2000000000000004E-002  0.21360769971738597       0.34942962728459198        0.0000000000000000        0.0000000000000000        0.0000000000000000        0.0000000000000000     
   1.3000000000000005E-002   1.0521348650584308        1.7210958209907428        0.0000000000000000        0.0000000000000000        0.0000000000000000        0.0000000000000000     
   1.4000000000000005E-002   2.2622511845172961        3.0946266908475701        0.0000000000000000        0.0000000000000000        0.0000000000000000        0.0000000000000000     
   1.5000000000000006E-002   3.6468699338118458        4.4696295139431346        0.0000000000000000        0.0000000000000000        0.0000000000000000        0.0000000000000000     
   1.6000000000000007E-002   5.0327797933575935        5.8457037961547975        0.0000000000000000        0.0000000000000000        0.0000000000000000        0.0000000000000000     
   1.7000000000000008E-002   6.4193126053637535        7.2224384861689419        0.0000000000000000        0.0000000000000000        0.0000000000000000        0.0000000000000000     
   1.8000000000000009E-002   7.8057997461553246        8.5994092732094494        0.0000000000000000        0.0000000000000000        0.0000000000000000        0.0000000000000000     
   1.9000000000000010E-002   9.1915727206550564        9.9761759977978794        0.0000000000000000        0.0000000000000000        0.0000000000000000        0.0000000000000000     
   2.0000000000000011E-002   10.575963732188997        11.352280203995409        0.0000000000000000        0.0000000000000000        0.0000000000000000        0.0000000000000000     
   2.1000000000000012E-002   11.958306222975107        12.727242860452591        0.0000000000000000        0.0000000000000000        0.0000000000000000        0.0000000000000000     
   2.2000000000000013E-002   13.337935381210356        14.100562276217000        0.0000000000000000        0.0000000000000000        0.0000000000000000        0.0000000000000000     
   2.3000000000000013E-002   14.714188611307611        15.471712235627420        0.0000000000000000        0.0000000000000000        0.0000000000000000        0.0000000000000000     
   2.4000000000000014E-002   16.086405964535892        16.840140374761233        0.0000000000000000        0.0000000000000000        0.0000000000000000        0.0000000000000000     
   2.5000000000000015E-002   17.453930528077453        18.205266819809850        0.0000000000000000        0.0000000000000000        0.0000000000000000        0.0000000000000000     
   2.6000000000000016E-002   18.816108771315626        19.566483105442295        0.0000000000000000        0.0000000000000000        0.0000000000000000        0.0000000000000000     
   2.7000000000000017E-002   20.172290849000198        20.923151388699058        0.0000000000000000        0.0000000000000000        0.0000000000000000        0.0000000000000000     
   2.8000000000000018E-002   21.521830861781751        22.274603971248094        0.0000000000000000        0.0000000000000000        0.0000000000000000        0.0000000000000000     
   2.9000000000000019E-002   22.864087075454741        23.620143139958525        0.0000000000000000        0.0000000000000000        0.0000000000000000        0.0000000000000000     
   3.0000000000000020E-002   24.198422101079341        24.959041332722911        0.0000000000000000        0.0000000000000000        0.0000000000000000        0.0000000000000000     
   3.1000000000000021E-002   25.524203038957140        26.290541633319588        5.9813257839206205E-006   0.0000000000000000        0.0000000000000000        0.0000000000000000     
   3.2000000000000021E-002   26.840801590192587        27.613858595875726        1.2266151285857201E-005   0.0000000000000000        0.0000000000000000        0.0000000000000000     
   3.3000000000000022E-002   28.147594140276581        28.928179396209355        1.8626706152989928E-005   0.0000000000000000        0.0000000000000000        0.0000000000000000     
   3.4000000000000023E-002   29.443961819757877        30.232665304025982        2.5066571756496251E-005   0.0000000000000000        0.0000000000000000        0.0000000000000000     
   3.5000000000000024E-002   30.729290547618884        31.526453466664467        3.1589291813784297E-005   0.0000000000000000        0.0000000000000000        0.0000000000000000     
   3.6000000000000025E-002   32.002971063427957        32.808658991863361        3.8198372388492942E-005   0.0000000000000000        0.0000000000000000        0.0000000000000000     
   3.7000000000000026E-002   33.278879160211851        34.104113516442645        4.4897281890491581E-005   0.0000000000000000        0.0000000000000000        0.0000000000000000     
   3.8000000000000027E-002   35.011716611476821        35.942815920563220        5.1689451075880491E-005   0.0000000000000000        0.0000000000000000        0.0000000000000000     
   3.9000000000000028E-002   36.845258234881570        37.766966893124710        5.8578273046990495E-005   0.0000000000000000        0.0000000000000000        0.0000000000000000     
   4.0000000000000029E-002   38.665313323495859        39.574986643129542        6.5567103252383210E-005   0.0000000000000000        0.0000000000000000        0.0000000000000000     
   4.1000000000000029E-002   40.470701887625602        41.365293624059035        7.2659259486850867E-005   0.0000000000000000        0.0000000000000000        0.0000000000000000     
   4.2000000000000030E-002   42.260255390535868        43.136311356048346        7.9858021891416394E-005   0.0000000000000000        0.0000000000000000        0.0000000000000000     
   4.3000000000000031E-002   44.032820120069438        44.886475238685357        8.7166632953333435E-005   0.0000000000000000        0.0000000000000000        0.0000000000000000     
   4.4000000000000032E-002   45.787260440730087        46.614239277984431        9.4588297506086332E-005   0.0000000000000000        0.0000000000000000        0.0000000000000000     
   4.5000000000000033E-002   47.522461888626005        48.318082654367792        1.0212618272939001E-004   0.0000000000000000        0.0000000000000000        0.0000000000000000     
   4.6000000000000034E-002   49.237334075551018        49.996516063010354        1.0978341814919019E-004   0.0000000000000000        0.0000000000000000        0.0000000000000000     
   4.7000000000000035E-002   50.930813373038404        51.648087763513715        1.1756309563766329E-004   0.0000000000000000        0.0000000000000000        0.0000000000000000     
   4.8000000000000036E-002   52.601865352317240        53.271389282417225        1.2546826941321624E-004   0.0000000000000000        0.0000000000000000        0.0000000000000000     
   4.9000000000000037E-002   54.249486961570987        54.865060719329804        1.3350195604048688E-004   0.0000000000000000        0.0000000000000000        0.0000000000000000     
   5.0000000000000037E-002   55.872708427578779        56.427795615282683        1.4166713443034364E-004   4.8873509058765807E-003   0.0000000000000000        0.0000000000000000     
   5.1000000000000038E-002   57.470594874544503        57.958345350058245        1.4996674583988559E-004   1.8480606285155094E-002   0.0000000000000000        0.0000000000000000     
   5.2000000000000039E-002   59.042247658522776        59.455523043532587        1.5840369387244262E-004   3.2150648791706676E-002   0.0000000000000000        0.0000000000000000     
   5.3000000000000040E-002   60.586805421182724        60.918206944292123        1.6698084447757511E-004   4.5898762474719086E-002   0.0000000000000000        0.0000000000000000     
   5.4000000000000041E-002   62.103444871573608        62.345343296760468        1.7570102595107427E-004   5.9726242994617186E-002   0.0000000000000000        0.0000000000000000     
   5.5000000000000042E-002   63.591381308952997        63.735948685643280        1.8456702893496202E-004   7.3634397689683773E-002   0.0000000000000000        0.0000000000000000     
   5.6000000000000043E-002   65.049868903514550        65.089111863523797        1.9358160641749084E-004   8.7624545640594007E-002   0.0000000000000000        0.0000000000000000     
   5.7000000000000044E-002   66.478200754947565        66.403995073810506        2.0274747373314402E-004  0.10169801773276681        0.0000000000000000        0.0000000000000000     
   5.8000000000000045E-002   67.875708751121522        67.679834886862281        2.1206730856263540E-004  0.11585615671645101        0.0000000000000000        0.0000000000000000     
   5.9000000000000045E-002   69.241763250819602        68.915942571948150        2.2154375093290962E-004  0.13010031726445104        0.0000000000000000        0.0000000000000000     
   6.0000000000000046E-002   70.575772615343297        70.111704031698082        2.3117940321714208E-004  0.14443186602738400        0.0000000000000000        0.0000000000000000     
   6.1000000000000047E-002   71.877182614020015        71.266579328877754        2.4097683013473860E-004  0.15885218168638293        0.0000000000000000        0.0000000000000000     
   6.2000000000000048E-002   73.145475728220688        72.380101837685075        2.5093855875133597E-004  0.17336265500313183        0.0000000000000000        0.0000000000000000     
   6.3000000000000042E-002   74.380170377506190        73.451877053370254        2.6106707847880139E-004  0.18796468886712839        0.0000000000000000        0.0000000000000000     
   6.4000000000000043E-002   75.580820090056491        74.481581094869270        2.7136484107523307E-004  0.20265969834006842        0.0000000000000000        0.0000000000000000     
   6.5000000000000044E-002   76.747012637682346        75.468958935392365        2.8183426064495973E-004  0.21744911069723233        0.0000000000000000        0.0000000000000000     
   6.6000000000000045E-002   77.878369153578163        76.413822395599027        2.9247771363854065E-004  0.23233436546576378        0.0000000000000000        0.0000000000000000     
   6.7000000000000046E-002   78.974543248632585        77.316047933191939        3.0329753885276596E-004  0.24731691445971679        0.0000000000000000        0.0000000000000000     
   6.8000000000000047E-002   80.035220139672177        78.175574261573857        3.1429603743065654E-004  0.26239822181174616        0.0000000000000000        0.0000000000000000     
   6.9000000000000047E-002   81.060115800542874        78.992399828693920        3.2547547286146384E-004  0.27757976400131956        0.0000000000000000        0.0000000000000000     
   7.0000000000000048E-002   82.048976144525611        79.766580185457499        3.3683807098066997E-004  0.29286302987931601        0.0000000000000000        0.0000000000000000     
   7.1000000000000049E-002   83.001576244280102        80.498225271142744        3.4838601996998775E-004  0.30824952068887679        0.0000000000000000        0.0000000000000000     
   7.2000000000000050E-002   83.917719593385655        81.187496641228137        3.6012147035736089E-004  0.32374075008237185        0.0000000000000000        0.0000000000000000     
   7.3000000000000051E-002   84.797237411625147        81.834604660941210        3.7204653501696325E-004  0.33933824413434027        0.0000000000000000        0.0000000000000000     
   7.4000000000000052E-002   85.639987994468299        82.439805685728132        3.8416328916920006E-004  0.35504354135025046        0.0000000000000000        0.0000000000000000     
   7.5000000000000053E-002   86.445856105778617        83.003399247770744        3.9647377038070687E-004  0.37085819267094039        0.0000000000000000        0.0000000000000000     
   7.6000000000000054E-002   87.214752411582168        83.525725265647765        4.0897997856434974E-004  0.38678376147257587        0.0000000000000000        0.0000000000000000     
   7.7000000000000055E-002   87.946612951812426        84.007161292301731        4.2168387597922574E-004  0.40282182356196639        0.0000000000000000        0.0000000000000000     
   7.8000000000000055E-002   88.641398646257585        84.448119814616973        4.3458738723066274E-004  0.41897396716708024        0.0000000000000000        0.0000000000000000     
   7.9000000000000056E-002   89.299094830473692        84.849045616178444        4.4769239927021880E-004  0.43524179292258486        0.0000000000000000        0.0000000000000000     
   8.0000000000000057E-002   89.919710817170895        85.210413213146680        4.6100076139568303E-004  0.45162691385024073        0.0000000000000000        0.0000000000000000     
   8.1000000000000058E-002   90.503279478497689        85.532724371668593        4.7451428525107514E-004  0.46813095533397314        0.0000000000000000        0.0000000000000000     
   8.2000000000000059E-002   91.049856844722242        85.816505713842943        4.8823474482664550E-004  0.48475555508943247        0.0000000000000000        0.0000000000000000     
   8.3000000000000060E-002   91.559521715002205        86.062306417961409        5.0216387645887523E-004  0.50150236312786345        0.0000000000000000        0.0000000000000000     
   8.4000000000000061E-002   92.032375276238156        86.270696017569534        5.1630337883047607E-004  0.51837304171407916        0.0000000000000000        0.0000000000000000     
   8.5000000000000062E-002   92.468540726367038        86.442262302795811        5.3065491297039067E-004  0.53536926531835294        0.0000000000000000        0.0000000000000000     
   8.6000000000000063E-002   92.868162898877088        86.577609326418553        5.4522010225379182E-004  0.55249272056201260        0.0000000000000000        0.0000000000000000     
   8.7000000000000063E-002   93.231407885772796        86.677355516232822        5.6000053240208363E-004  0.56974510615653506        0.0000000000000000        0.0000000000000000     
   8.8000000000000064E-002   93.558462656679197        86.742131894469338        5.7499775148290070E-004  0.58712813283592302        0.0000000000000000        0.0000000000000000     
   8.9000000000000065E-002   93.849534672230419        86.772580404275132        5.9021326991010774E-004  0.60464352328213966        0.0000000000000000        0.0000000000000000     
   9.0000000000000066E-002   94.104851490326169        86.769352342604847        6.0564856044380093E-004  0.62229301204337872        0.0000000000000000        0.0000000000000000     
   9.1000000000000067E-002   94.324660364252466        86.733106898271856        6.2130505819030680E-004  0.64007834544493414        0.0000000000000000        0.0000000000000000     
   9.2000000000000068E-002   94.509227832039358        86.664509793375132        6.3718416060218276E-004  0.65800128149242809        0.0000000000000000        0.0000000000000000     
   9.3000000000000069E-002   94.658839296767042        86.564232025846422        6.5328722747821672E-004  0.67606358976715364        0.0000000000000000        0.0000000000000000     
   9.4000000000000070E-002   94.773798597825774        86.432948710437813        6.6961558096342703E-004  0.69426705131327526        0.0000000000000000        0.0000000000000000     
   9.5000000000000070E-002   94.854427573389657        86.271338015110672        6.8617050554906328E-004  0.71261345851663560        0.0000000000000000        0.0000000000000000     
   9.6000000000000071E-002   94.901065614569092        86.080080189462763        7.0295324807260540E-004  0.73110461497488988        0.0000000000000000        0.0000000000000000     
   9.7000000000000072E-002   94.914069211875201        85.859856681563912        7.1996501771776425E-004  0.74974233535870849        0.0000000000000000        0.0000000000000000     
   9.8000000000000073E-002   94.893811494757145        85.611349339340720        7.3720698601448102E-004  0.76852844526375552        0.0000000000000000        0.0000000000000000     
   9.9000000000000074E-002   94.840681765059770        85.335239692463588        7.5468028683892770E-004  0.78746478105316020        0.0000000000000000        0.0000000000000000     
  0.10000000000000007        94.755085025310876        85.032208310541961        7.7238601641350707E-004  0.80655318969018475        0.0000000000000000        0.0000000000000000     
  0.10100000000000008        94.637441502773612        84.702934233321628        7.9032523330685271E-004  0.82579552856079064        0.0000000000000000        0.0000000000000000     
  0.10200000000000008        94.488186170200620        84.348094468497280        8.0849895843382877E-004  0.84519366528578055        0.0000000000000000        0.0000000000000000     
  0.10300000000000008        94.307768264212726        83.968363552708595        8.2690817505552997E-004  0.86474947752220710        0.0000000000000000        0.0000000000000000     
  0.10400000000000008        94.096650802183461        83.564413171268271        8.4555382877928194E-004  0.88446485275371955        0.0000000000000000        0.0000000000000000     
  0.10500000000000008        93.855310098464528        83.136911832181397        8.6443682755864043E-004  0.90434168806950743        0.0000000000000000        0.0000000000000000     
  0.10600000000000008        93.584235280723306        82.686524590048222        8.8355804169339266E-004  0.92438188993150006        0.0000000000000000        0.0000000000000000     
  0.10700000000000008        93.283927807094415        82.213912815497764        1.0234692236384911E-003  0.94458737392947323        0.0000000000000000        0.0000000000000000     
  0.10800000000000008        92.954900984773104        81.719734005882600        1.3632377869802279E-003  0.96496006452369176        0.0000000000000000        0.0000000000000000     
  0.10900000000000008        92.597679490596448        81.204641633052105        1.7072537322159879E-003  0.98550189477472305        0.0000000000000000        0.0000000000000000     
  0.11000000000000008        92.212798894082965        80.669285024143676        2.0555373919027803E-003   1.0062148060600440        0.0000000000000000        0.0000000000000000     
  0.11100000000000008        91.800805183315930        80.114309271452086        2.4081094461401989E-003   1.0271007477770389        0.0000000000000000        0.0000000000000000     
  0.11200000000000009        91.362254293981508        79.540355167580586        2.7649909238560816E-003   1.0481616770320021        0.0000000000000000        0.0000000000000000     
  0.11300000000000009        90.897711641793876        78.948059162227608        3.1262032040260609E-003   1.0693995583147289        0.0000000000000000        0.0000000000000000     
  0.11400000000000009        90.407751658469110        78.338053337124322        3.4917680168221397E-003   1.0908163631582761        0.0000000000000000        0.0000000000000000     
  0.11500000000000009        89.892957331340980        77.710965395807463        3.8617074446850651E-003   1.1124140697834584        0.0000000000000000        0.0000000000000000     
  0.11600000000000009        89.353919746647762        77.067418665086109        4.2360439233153349E-003   1.1341946627276451        0.0000000000000000        0.0000000000000000     
  0.11700000000000009        88.791237636461673        76.408032105241290        4.6148002425771620E-003   1.1561601324574062        0.0000000000000000        0.0000000000000000     
  0.11800000000000009        88.205516929179922        75.733420326182497        4.9979995473097456E-003   1.1783124749645353        0.0000000000000000        0.0000000000000000     
  0.11900000000000009        87.597370303449622        75.044193606969827        5.3856653380398509E-003   1.2006536913449863        0.0000000000000000        0.0000000000000000     
  0.12000000000000009        86.967416745354654        74.340957916297810        5.7778214715894921E-003   1.2231857873602334        0.0000000000000000        0.0000000000000000     
  0.12100000000000009        86.316281108662238        73.624314931728094        6.1744921615724405E-003   1.2459107729805592        0.0000000000000000        0.0000000000000000     
  0.12200000000000009        85.644593677891478        72.894862055640161        6.5757019787725879E-003   1.2688306619097574        0.0000000000000000        0.0000000000000000     
  0.12300000000000010        84.952989733946538        72.153192426060812        6.9814758513976243E-003   1.2919474710907346        0.0000000000000000        0.0000000000000000     
  0.12400000000000010        84.242109122034051        71.399894920711446        7.3918390652005922E-003   1.3152632201914778        0.0000000000000000        0.0000000000000000     
  0.12500000000000008        83.512595821576426        70.635554152797738        7.8068172634618961E-003   1.3387799310708304        0.0000000000000000        0.0000000000000000     
  0.12600000000000008        82.765097517819569        69.860750457239178        8.2264364468242132E-003   1.3624996272235352        0.0000000000000000        0.0000000000000000     
  0.12700000000000009        82.000265174834198        69.076059866211494        8.6507229729721347E-003   1.3864243332039607        0.0000000000000000        0.0000000000000000     
  0.12800000000000009        81.218752609610178        68.282054073043838        9.0797035561482452E-003   1.4105560740279239        0.0000000000000000        0.0000000000000000     
  0.12900000000000009        80.421216066951303        67.479300383672964        9.5134052664971169E-003   1.4348968745520172        0.0000000000000000        0.0000000000000000     
  0.13000000000000009        79.608313794887565        66.668361655019481        9.9518555292282315E-003   1.4594487588298266        0.0000000000000000        0.0000000000000000     
  0.13100000000000009        78.780705620338267        65.849796219798790        1.0395082123588625E-002   1.4842137494444094        0.0000000000000000        0.0000000000000000     
  0.13200000000000009        77.939052524778944        65.024157797430405        1.0843113181635550E-002   1.5091938668163871        0.0000000000000000        0.0000000000000000     
  0.13300000000000009        77.084016219686646        64.191995390846458        1.1295977186799340E-002   1.5343911284870182        0.0000000000000000        0.0000000000000000     
  0.13400000000000009        76.216258721565424        63.353853169135121        1.1753702972226245E-002   1.5598075483755496        0.0000000000000000        0.0000000000000000     
  0.13500000000000009        75.336441926383955        62.510270336083771        1.2216319718890258E-002   1.5854451360101878        0.0000000000000000        0.0000000000000000     
  0.13600000000000009        74.445227183287741        61.661780984804906        1.2683856953463310E-002   1.6113058957319748        0.0000000000000000        0.0000000000000000     
  0.13700000000000009        73.543274867485607        60.808913938744517        1.3156344545932048E-002   1.6373918258708615        0.0000000000000000        0.0000000000000000     
  0.13800000000000009        72.631243952245043        59.952192579477810        1.3633812706949572E-002   1.6637049178932355        0.0000000000000000        0.0000000000000000     
  0.13900000000000010        71.709791579972588        59.092134661799378        1.4116291984909695E-002   1.6902471555201670        0.0000000000000000        0.0000000000000000     
  0.14000000000000010        70.779572632394036        58.229252116706803        1.4603813262731214E-002   1.7170205138156049        0.0000000000000000        0.0000000000000000     
  0.14100000000000010        69.841239299894426        57.364050842965760        1.5096407754338927E-002   1.7440269582437395        0.0000000000000000        0.0000000000000000     
  0.14200000000000010        68.895440650117138        56.497030488020989        1.5594107000827726E-002   1.7712684436947455        0.0000000000000000        0.0000000000000000     
  0.14300000000000010        67.942822195971047        55.628684219093927        1.6096942866296014E-002   1.7987469134780654        0.0000000000000000        0.0000000000000000     
  0.14400000000000010        66.984025463234317        54.759498485371232        1.6604947533333497E-002   1.8264642982824475        0.0000000000000000        0.0000000000000000     
  0.14500000000000010        66.019687557992086        53.889952772249231        1.7118153498148568E-002   1.8544225151018403        0.0000000000000000        0.0000000000000000     
  0.14600000000000010        65.050440734188172        53.020519348650438        1.7636593565319676E-002   1.8826234661263181        0.0000000000000000        0.0000000000000000     
  0.14700000000000010        64.076911961617355        52.151663008475545        1.8160300842154382E-002   1.9110690375971244        0.0000000000000000        0.0000000000000000     
  0.14800000000000010        63.099722494726706        51.283840807292329        1.8689308732639940E-002   1.9397610986249636        0.0000000000000000        0.0000000000000000     
  0.14900000000000010        62.119487442639524        50.417501795396205        1.9223650930967503E-002   1.9687014999705807        0.0000000000000000        0.0000000000000000     
  0.15000000000000011        61.136815340856174        49.553086748403061        1.9763361414612868E-002   1.9978920727867369        0.0000000000000000        0.0000000000000000     
  0.15100000000000011        60.152307725127329        48.691027896555305        2.0308474436955045E-002   2.0273346273205908        0.0000000000000000        0.0000000000000000     
  0.15200000000000011        59.166558708033236        47.831748653935826        2.0859024519413554E-002   2.0570309515755274        0.0000000000000000        0.0000000000000000     
  0.15300000000000011        58.180154558841139        46.975663348792459        2.1415046443085374E-002   2.0869828099314445        0.0000000000000000        0.0000000000000000     
  0.15400000000000011        57.193673287245367        46.123176956176671        2.1976575239860657E-002   2.1171919417224663        0.0000000000000000        0.0000000000000000     
  0.15500000000000011        56.207684231629941        45.274684834097776        2.2543646182996750E-002   2.1476600597710744        0.0000000000000000        0.0000000000000000     
  0.15600000000000011        55.222747652521143        44.430572464382692        2.3116294777128982E-002   2.1783888488776020        0.0000000000000000        0.0000000000000000     
  0.15700000000000011        54.239414331925921        43.591215199418365        2.3694556747695650E-002   2.2093799642640151        0.0000000000000000        0.0000000000000000     
  0.15800000000000011        53.258225179275648        42.756978015931381        2.4278468029754339E-002   2.2406350299708864        0.0000000000000000        0.0000000000000000     
  0.15900000000000011        52.279710844717144        41.928215276937742        2.4868064756166337E-002   2.2721556372064913        2.9457343394468069E-005   5.4019066974908439E-004
  0.16000000000000011        51.304391340508197        41.105270502960238        2.5463383245123924E-002   2.3039433426468490        1.9051382645765783E-004   3.4644484689158399E-003
  0.16100000000000012        50.332775671293007        40.288476153583360        2.6064459986995928E-002   2.3359996666856029        3.9964481193808274E-004   7.1965261932743123E-003
  0.16200000000000012        49.365361474040505        39.478153420368741        2.6671331630465474E-002   2.3683260916325550        6.6454945485299680E-004   1.1845755801950885E-002
  0.16300000000000012        48.402634668438147        38.674612032117018        2.7284034967932833E-002   2.4009240598596797        9.9010446746201669E-004   1.7466600970971757E-002
  0.16400000000000012        47.445069118537440        37.878150073411703        2.7902606920156354E-002   2.4337949718934193        1.3840832485465348E-003   2.4160818991747067E-002
  0.16500000000000012        46.493126306446420        37.089053817329493        2.8527084520102393E-002   2.4669401844520165        1.8530202448357326E-003   3.2002239339674471E-002
  0.16600000000000012        45.547255018861499        36.307597573147916        2.9157504895975430E-002   2.5003610084266645        2.4048895561675845E-003   4.1086417806052551E-002
  0.16700000000000012        44.607891047223390        35.534043549822698        2.9793905253398281E-002   2.5340587068052307        3.0471894448470187E-003   5.1493653215351848E-002
  0.16800000000000012        43.675456902270390        34.768641735947256        3.0436322856710905E-002   2.5680344925372207        3.7827945774108087E-003   6.3228776244138557E-002
  0.16900000000000012        42.750361543747033        34.011629796841881        3.1084795009356250E-002   2.6022895263387484        4.6373963824102426E-003   7.6651802480785167E-002
  0.17000000000000012        41.833000126007150        33.263232989356062        3.1739359033320397E-002   2.6368249144361742        5.6028400790245998E-003   9.1580222661535954E-002
  0.17100000000000012        40.923753760227385        32.523664094897704        3.2400052247592750E-002   2.6716417062470654        6.6950725244445146E-003  0.10821069098927613     
  0.17200000000000013        40.022989293921910        31.793123371134875        3.3066911945611878E-002   2.7067408919971530        7.9238098333387613E-003  0.12663231205483785     
  0.17300000000000013        39.131059108416473        31.071798522742892        3.3739975371661395E-002   2.7421234002719128        9.2986786298139123E-003  0.14692759731179678     
  0.17400000000000013        38.248300934909501        30.359864691498249        3.4419279696178744E-002   2.7777900955013983        1.0831699059093225E-002  0.16920926388666407     
  0.17500000000000013        37.375037689707888        29.657484465946126        3.5104861989939520E-002   2.8137417753769007        1.2533575566491784E-002  0.19356310486382572     
  0.17600000000000013        36.511577329187105        28.964807910795962        3.5796759197078712E-002   2.8499791681980695        1.4419997976088263E-002  0.22015330033467567     
  0.17700000000000013        35.658212724979727        28.281972616123163        3.6495008106908720E-002   2.8865029301490281        1.6499212501709708E-002  0.24900569639116549     
  0.17800000000000013        34.815221559851906        27.609103766382169        3.7199645324493741E-002   2.9233136425020696        1.8788485222929880E-002  0.28028871416812395     
  0.17900000000000013        33.982866244676551        26.946314229161278        3.7910707239938689E-002   2.9604118087474740        2.1298244112290678E-002  0.31405216180760953     
  0.18000000000000013        33.161393856860244        26.293704663536520        3.8628229996349260E-002   2.9977978516479666        2.4044717305555626E-002  0.35043748128511004     
  0.18100000000000013        32.351036100527317        25.651363647809283        3.9352249456420144E-002   3.0354721102163960        2.7046913975558782E-002  0.38959517226977458     
  0.18200000000000013        31.552009288707303        25.019367826341114        4.0082801167605334E-002   3.0734348366150774        3.0314773292904461E-002  0.43156332865377273     
  0.18300000000000013        30.764514347713259        24.397782075129477        4.0819920325824981E-002   3.1116861929753483        3.3866538919729329E-002  0.47646610170961340     
  0.18400000000000014        29.988736843838517        23.786659685699579        4.1563641737661632E-002   3.1502262481358625        3.7732651014682331E-002  0.52461696691948778     
  0.18500000000000014        29.224847032438042        23.186042566823328        4.2313999780997327E-002   3.1890549742980467        4.1908499978288369E-002  0.57577600948226448     
  0.18600000000000014        28.472999929396483        22.595961463510591        4.3071028364042287E-002   3.2281722435972791        4.6433306616916234E-002  0.63037046558494125     
  0.18700000000000014        27.733335404921984        22.016436192658823        4.3834760882704861E-002   3.2675778245882410        5.1314377908615580E-002  0.68833014574764428     
  0.18800000000000014        27.005978299540210        21.447475894688687        4.4605230176250892E-002   3.3072713786429322        5.6477957610889834E-002  0.74872252557106100     
  0.18900000000000014        26.291038562097459        20.889079300437906        4.5382468481200103E-002   3.3472524562598469        6.2257265352038647E-002  0.81520537953859318     
  0.19000000000000014        25.588611409516602        20.341235012534437        4.6166507383405955E-002   3.3875204932828029        6.8358347118906676E-002  0.88427539146720135     
  0.19100000000000014        24.898777507986079        19.803921800422351        4.6957377768264003E-002   3.4280748070278988        7.4933351487156491E-002  0.95759561070540011     
  0.19200000000000014        24.221603175195163        19.277108908168611        4.7755109768992922E-002   3.4689145923171347        8.1964893549772905E-002   1.0347104817405248     
  0.19300000000000014        23.557140603167962        18.760756374139504        4.8559732712931888E-002   3.5100389174171740        8.9511309245339371E-002   1.1161559422375626     
  0.19400000000000014        22.905428101182981        18.254815361598219        4.9371275065796048E-002   3.5514467198818145        9.7597699236224897E-002   1.2020435732810599     
  0.19500000000000015        22.266490358206635        17.759228499244355        5.0189764373831595E-002   3.5931368022966588       0.10624207993308897        1.2923625249185520     
  0.19600000000000015        21.640338724207240        17.273930230686428        5.1015227203810812E-002   3.6351078279245974       0.11549657203584465        1.3875164447451871     
  0.19700000000000015        21.026971509658996        16.798847171816710        5.1847689080806572E-002   3.6773583162506429       0.12536874233280532        1.4873645945437448     
  0.19800000000000015        20.426374302490370        16.333898475038332        5.2687174423684612E-002   3.7198866384247533       0.13589900119688922        1.5921358692804297     
  0.19900000000000015        19.838520301677217        15.878996199279580        5.3533706478252029E-002   3.7626910126012643       0.14714250424349534        1.7021478761100288     
  0.20000000000000015        19.263370666631108        15.434045684722063        5.4387307247998090E-002   3.8057694991735884       0.15911194800762926        1.8172870859200945     
  0.20100000000000015        18.700874881485156        14.998945931162559        5.5247997422365108E-002   3.8491199959029392       0.17185996050492894        1.9379131017158147     
  0.20200000000000015        18.150971133336050        14.573589978929284        5.6115796302483777E-002   3.8927402329397531       0.18542231663950356        2.0641098147593731     
  0.20300000000000015        17.613586703459326        14.157865291276460        5.6990721724309017E-002   3.9366277677366597       0.19985223193760898        2.1961567868032339     
  0.20400000000000015        17.088638370477046        13.751654137189862        5.7872789979091198E-002   3.9807799798518460       0.21516982052398448        2.3338771518975947     
  0.20500000000000015        16.576032824424814        13.354833973549148        5.8762015731116779E-002   4.0251940656416743       0.23145550931276218        2.4778912107572246     
  0.20600000000000016        16.075667090633452        12.967277825609608        5.9658411932652602E-002   4.0698670328415698       0.24821019466609501        2.6236175152843324     
  0.20700000000000016        15.587428962316043        12.588854664787887        6.0561989736028186E-002   4.1147956950341751       0.26704026561276140        2.7843236032962388     
  0.20800000000000016        15.111197440729375        12.219429782761361        6.1472758402789783E-002   4.1599766660039164       0.28648750393819999        2.9475621046623308     
  0.20900000000000016        14.646843181761003        11.858865160920972        6.2390725209860297E-002   4.2054063539771365       0.30709451492418843        3.1174746555893149     
  0.21000000000000016        14.194228947781145        11.507019834249441        6.3315895352639540E-002   4.2510809557471152       0.32890906776611967        3.2941676110650393     
  0.21100000000000016        13.753210063589435        11.163750248734404        6.4248271844979721E-002   4.2969964506833200       0.35201731375688533        3.4780923127648578     
  0.21200000000000016        13.323634875283179        10.828910611465744        6.5187855415970955E-002   4.3431485946243988       0.37645708751513257        3.6691358855644731     
  0.21300000000000016        12.905345210874380        10.502353232609201        6.6134644403473719E-002   4.3895329136545076       0.40233081021965944        3.8676971727389122     
  0.21400000000000016        12.498176841487487        10.183928858494298        6.7088634644334566E-002   4.4361446977626713       0.42968901420660177        4.0739225517098268     
  0.21500000000000016        12.101959941980265        9.8734869951038480        6.8049819361223465E-002   4.4829789943850633       0.45861736622851595        4.2880021155656571     
  0.21600000000000016        11.716519549843538        9.5708762213016456        6.9018189046033268E-002   4.5300306018302070       0.48917798545197799        4.5100263924285233     
  0.21700000000000016        11.341676021254623        9.2759444911892750        6.9993731339780457E-002   4.5772940625871836       0.52145506048166890        4.7402139654854993     
  0.21800000000000017        10.977245483181703        8.9885394250363486        7.0976430908953003E-002   4.6247636565172590       0.55555968661984334        4.9788886264943413     
  0.21900000000000017        10.623040280463668        8.7085085882851487        7.1966269318248149E-002   4.6724333939293548       0.59156625918279160        5.2262301445873351     
  0.22000000000000017        10.278869416820681        8.4356997581872477        7.2963224899649459E-002   4.7202970085400597       0.62960118308790647        5.4826020098831671     
  0.22100000000000017        9.9445389887858227        8.1699611776880570        7.3967272617793164E-002   4.7683479503190886       0.66966015538515800        5.7473470804730580     
  0.22200000000000017        9.6198526115866958        7.9111417962332728        7.4978383931577700E-002   4.8165793782213031       0.71190194085613157        6.0213073725311785     
  0.22300000000000017        9.3046118360481405        7.6590914972301141        7.5996526651973040E-002   4.8649841528065458       0.75652387961376411        6.3051528518203153     
  0.22400000000000017        8.9986165556322320        7.4136613119547876        7.7021664795991984E-002   4.9135548287490209       0.80360797394486505        6.5987510380673795     
  0.22500000000000017        8.7016654027807778        7.1747036197554843        7.8053758436787732E-002   4.9622836472379364       0.85309110979773506        6.9013514684276007     
  0.22600000000000017        8.4135561337761988        6.9420723344583504        7.9092763549848746E-002   5.0111625282716101       0.90536303463074896        7.2147552883860442     
  0.22700000000000017        8.1340860013912071        6.7156230769395941        8.0138631855265888E-002   5.0601830628475009       0.96034715085072608        7.5379412268546595     
  0.22800000000000017        7.8630521146530059        6.4952133338828544        8.1191310656052521E-002   5.1093365050508108        1.0183075005630213        7.8716372054928678     
  0.22900000000000018        7.6002517851066083        6.2807026027944319        8.2250742672505678E-002   5.1586137640449099        1.0793389483315312        8.2161470133476548     
  0.23000000000000018        7.3454828590212173        6.0719525234009382        8.3316865872602092E-002   5.2080053959669135        1.1409600505753088        8.5569876314818938     
  0.23100000000000018        7.0985440350447231        5.8688269956041257        8.4389613298429811E-002   5.2575015957323474        1.2084192015388648        8.9225723833839314     
  0.23200000000000018        6.8592351668740985        5.6711922842153601        8.5468912888666079E-002   5.3070921887530842        1.2825304912709159        9.3160549960013714     
  0.23300000000000018        6.6273575505719098        5.4789171107375712        8.6554687297118321E-002   5.3567666225733346        1.3574163434064308        9.7046976411382850     
  0.23400000000000018        6.4027141962230347        5.2918727325051833        8.7646853707356712E-002   5.4065139584287429        1.4329091782122172        10.089030571949726     
  0.23500000000000018        6.1851100836890236        5.1099330095327007        8.8745323643474594E-002   5.4563228627343232        1.5191509048106586        10.517861097946577     
  0.23600000000000018        5.9743524022811192        4.9329744594594862        8.9850002777026233E-002   5.5061815985073475        1.6064393906480945        10.943472791380527     
  0.23700000000000018        5.7702507742354925        4.7608763010121278        9.0960790730200428E-002   5.5560780167318971        1.6981250468498266        11.380493981855416     
  0.23800000000000018        5.5726174619367832        4.5935204864369990        9.2077580875303225E-002   5.6059995476723952        1.7946827722972143        11.830996981317208     
  0.23900000000000018        5.3812675588965488        4.4307917233825549        9.3200260130634774E-002   5.6559331921440235        1.8961506555222560        12.294096611875512     
  0.24000000000000019        5.1960191645529976        4.2725774867356590        9.4328708752859911E-002   5.7058655127485522        2.0026467365063465        12.769329199741049     
  0.24100000000000019        5.0166935430161850        4.1187680209367636        9.5462800125987693E-002   5.7557826250848914        2.1146721838768854        13.257869169787176     
  0.24200000000000019        4.8431152659387173        3.9692563333162920        9.6602400547091141E-002   5.8056701889442657        2.2322782852002243        13.759959838678112     
  0.24300000000000019        4.6751123397457528        3.8239381790086893        9.7747369008914300E-002   5.8555133995008433        2.3562787740175724        14.277313569224749     
  0.24400000000000019        4.5125163175092773        3.6827120380114060        9.8897556979534340E-002   5.9052969785092886        2.4861473797877225        14.806543978158187     
  0.24500000000000019        4.3551623958002166        3.5454790849631972       0.10005280817926404        5.9550051655217056        2.6228507578098874        15.351220887315597     
  0.24600000000000019        4.2028894968977122        3.4121431522206409       0.10121295835500055        6.0046217091373055        2.7660442724871155        15.908294651231330     
  0.24700000000000019        4.0555403367775362        3.2826106868125455       0.10237783505224916        6.0541298582989818        2.9168024903302765        16.481362606216187     
  0.24800000000000019        3.9129614793409258        3.1567907018498329       0.10354725738507284        6.1035123536521603        3.0747727856025397        17.067718148790501     
  0.24900000000000019        3.7750033773815677        3.0345947229636923       0.10472103580424254        6.1527514189822226        3.2407628149037770        17.669183597228869     
  0.25000000000000017        3.6415204008206912        2.9159367303366195       0.10589897186388916        6.2018287527479172        3.4062423540955797        18.254060241134127     
  0.25100000000000017        3.5123708527696271        2.8007330968808843       0.10708085798698487        6.2507255197294187        3.5978394299840981        18.916749163274499     
  0.25200000000000017        3.3874169740045703        2.6889025231056212       0.10826647723000940        6.2994223428108924        3.7896781882072523        19.562723529909853     
  0.25300000000000017        3.2665249364599718        2.5803659691987892       0.10945560304718631        6.3478992949186575        3.9910908822389746        20.224614734745003     
  0.25400000000000017        3.1495648263652298        2.4750465848325240       0.11064799905470689        6.3961358911375505        4.2026365143189457        20.902516438457628     
  0.25500000000000017        3.0364106176636971        2.3728696371812847       0.11184341879538923        6.4441110810293791        4.4234221741542878        21.591861615792222     
  0.25600000000000017        2.9269401363637151        2.2737624376210297       0.11304160550425635        6.4918032411789515        4.6559691312896918        22.300083504311544     
  0.25700000000000017        2.8210350164786422        2.1776542675550354       0.11424229187555050        6.5391901679947013        4.8996751363908455        23.023340077219739     
  0.25800000000000017        2.7185806482162898        2.0844763037880174       0.11544519983174101        6.5862490707926549        5.1552258470252053        23.762761206057998     
  0.25900000000000017        2.6194661190783504        1.9941615438452942       0.11665004029511639        6.6329565651941396        5.4222690041313504        24.513574145422421     
  0.26000000000000018        2.5235841485272608        1.9066447316076878       0.11785651296259624        6.6792886668695166        5.7032190321605345        25.284333156025756     
  0.26100000000000018        2.4308310168712848        1.8218622836062961       0.11906430608443687        6.7252207856621373        5.9974062334530380        26.069881089785966     
  0.26200000000000018        2.3411064890094302        1.7397522162942582       0.12027309624754765        6.7707277201286900        6.3056946201948367        26.871678315336421     
  0.26300000000000018        2.2543137336651022        1.6602540745851633       0.12148254816418048        6.8157836525342601        6.6286741982619191        27.689084637734940     
  0.26400000000000018        2.1703592387224497        1.5833088619204103       0.12269231446679821        6.8603621443425178        6.9658636034098613        28.516619149220052     
  0.26500000000000018        2.0891527232616998        1.5088589721004677       0.12390203550997664        6.9044361322439096        7.3202219195603302        29.363660098272149     
  0.26600000000000018        2.0106070468697386        1.4368481230880070       0.12511133918024084        6.9479779247669295        7.6903538943785383        30.222047781764779     
  0.26700000000000018        1.9346381167802043        1.3672212929642329       0.12631984071478658        6.9909591995202236        8.0790123417356643        31.101980179413868     
  0.26800000000000018        1.8611647933733748        1.2999246581938859       0.12752714253008796        7.0333510011158076        8.4847629789397612        31.991690697846856     
  0.26900000000000018        1.7901087945404812        1.2349055343290891       0.12873283406144187        7.0751237398263909        8.9091885563571154        32.894951702913069     
  0.27000000000000018        1.7213945993900914        1.1721123192580412       0.12993649161455306        7.1162471910327367        9.3571269161809383        33.831341299678833     
  0.27100000000000019        1.6549493517459897        1.1114944390811754       0.13113767823031505        7.1566904955198103        9.8196299238911013        34.750824927672397     
  0.27200000000000019        1.5907027638567035        1.0530022966753163       0.13233594356399458        7.1964221606837047        10.305811169417996        35.697048886221879     
  0.27300000000000019        1.5285870207070535       0.99658722298537139       0.13353082378008121        7.2354100627143785        10.814342743316526        36.656875217799382     
  0.27400000000000019        1.4685366852916226       0.94220143106350673       0.13472184146411414        7.2736214498227119        11.346405095214905        37.631090958529086     
  0.27500000000000019        1.4104886051793608       0.88979797285730444       0.13590850555285361        7.3110229465837415        11.901899658916356        38.615520251312866     
  0.27600000000000019        1.3543818206678790       0.83933069873165811       0.13709031128421439        7.3475805594715506        12.483023775592750        39.614008979883344     
  0.27700000000000019        1.3001574747953901       0.79075421969353488       0.13826674016842819        7.3832596836650106        13.056526062147398        40.560619592802972     
  0.27800000000000019        1.2477587254480069       0.74402387227475664       0.13943725998195547        7.4180251112074087        13.689311367091443        41.580239753555389     
  0.27900000000000019        1.1971306597704887       0.69909568601535566       0.14060132478571080        7.4518410406069204        14.350245823173861        42.609683735066341     
  0.28000000000000019        1.1482202110595459       0.65592635347890527       0.14175837496921362        7.4846710879690450        15.079362691321530        43.716168070034094     
  0.28100000000000019        1.1009760782907096       0.61447320272154116       0.14290783732231921        7.5164782997562938        15.800911805571070        44.764463188973984     
  0.28200000000000019        1.0553486484027397       0.57469417212801510       0.14404912513622409        7.5472251672747594        16.555825099114337        45.825151557735900     
  0.28300000000000020        1.0112899214375870       0.53654778752124055       0.14518163833547676        7.5768736429917132        17.343036352950406        46.891180358794458     
  0.28400000000000020       0.96875343860934038       0.49999314144608631       0.14630476364275616        7.6053851587928536        18.165352760079038        47.970452642719849     
  0.28500000000000020       0.92769421335226898       0.46498987452377394       0.14741787477820731        7.6327206462926007        19.023275561085512        49.048462177583531     
  0.28600000000000020       0.88806866537623563       0.43149815877003478       0.14852033269514586        7.6588405593155500        19.918392736874335        50.135593680398145     
  0.28700000000000020       0.84983455773745853       0.39947868276806642       0.14961148585395639        7.6837048986721275        20.801143600840255        51.156545315719818     
  0.28800000000000020       0.81295093691387632       0.36889263858625582       0.15069067053601981        7.7072732393563568        21.827019969174703        52.325450418075611     
  0.28900000000000020       0.77737807585711549       0.33970171033051533       0.15175721119950128        7.7295047602987363        22.844191218161924        53.427920037844814     
  0.29000000000000020       0.74307741997769738       0.31186806422187280       0.15281042087882502        7.7503582768122712        23.905139902446543        54.533704133183114     
  0.29100000000000020       0.71001153600603195       0.28535434009142485       0.15384960162963945        7.7697922758747495        25.011245415534166        55.638463831661284     
  0.29200000000000020       0.67814406365957669       0.26012364418709583       0.15487404502104929        7.7877649543955458        26.165097291119274        56.746142842844009     
  0.29300000000000020       0.64743967003575997       0.23613954318943214       0.15588303267684681        7.8042342606202597        27.368873535492924        57.854600316724088     
  0.29400000000000021       0.61786400664113816       0.21336605933709596       0.15687583686742015        7.8191579388315340        28.557776878387724        58.885964701024832     
  0.29500000000000021       0.58938366895955552       0.19176766656654032       0.15785172115394827        7.8324935775094566        29.935506899773813        60.072663930046609     
  0.29600000000000021       0.56196615845593068       0.17130928757455338       0.15880994108640453        7.8441986611197283        31.301942742607388        61.177884721972013     
  0.29700000000000021       0.53557984690738258       0.15195629171686315       0.15974974495679206        7.8542306257024919        32.727008740891684        62.279282360425981     
  0.29800000000000021       0.51019394294992437       0.13367449366069536       0.16067037460891093        7.8625469184393264        34.214785246697872        63.379641683661582     
  0.29900000000000021       0.48577846072661313       0.11643015271404251       0.16157106630582121        7.8691050613799947        35.766503280045200        64.473662089183421     
  0.30000000000000021       0.46230419052187260       0.10018997275935577       0.16245105165600160        7.8738627195147108        37.386713620311831        65.564575401808426     
  0.30100000000000021       0.43974267126656968        8.4921102724337116E-002  0.16330955859902280        7.8767777733809856        39.076231505984353        66.646282836053430     
  0.30200000000000021       0.41806616479921055        7.0591137527452302E-002  0.16414581245134682        7.8778083963974996        40.751117799936729        67.647262751642273     
  0.30300000000000021       0.39724763177032535        5.7168119440682105E-002  0.16495903701263068        7.8769131371198267        42.593671586590041        68.716856384883727     
  0.30400000000000021       0.37726070907945808        4.4620539816764691E-002  0.16574845573265362        7.8740510066148994        44.605918256966056        69.846091022018783     
  0.30500000000000022       0.35807968873733503        3.2917341132799399E-002  0.16651329293869743        7.8691815711522395        46.617691533211840        70.900220381945431     
  0.30600000000000022       0.33967949804933262        2.2027919306522870E-002  0.16725277512289022        7.8622650504104694        48.716665275800359        71.936769028330389     
  0.30700000000000022       0.32203568102056290        1.1922126245770350E-002  0.16796613228867474        7.8532624213968392        50.906001425318742        72.951671892518007     
  0.30800000000000022       0.30512438088732730        2.5702725956350211E-003  0.16865259935517432        7.8421355282759597        53.206306614019290        73.979331874698516     
  0.30900000000000022       0.28892232368451409       -6.0568693484034427E-003  0.16931141761781024        7.8288471983008181        55.606998421943160        74.981097044921214     
  0.31000000000000022       0.27340680276353685       -1.3988062589624723E-002  0.16994183626306780        7.8133613640347308        58.007415289613391        75.902462208218793     
  0.31100000000000022       0.25855566418056014       -2.1251602266482171E-002  0.17054311393480820        7.7956431920468541        60.745895604939101        76.941181637375564     
  0.31200000000000022       0.24434729288001289       -2.7875312398310193E-002  0.17111452034898969        7.7756592182558846        63.500227508174596        77.901003729720586     
  0.31300000000000022       0.23076059960364440       -3.3886542559636031E-002  0.17165533795307805        7.7533774900865975        66.384107469156589        78.843135096154938     
  0.31400000000000022       0.21777500846060782       -3.9312164499946428E-002  0.17216486362580585        7.7287677155915260        69.407771576766407        79.766065867855673     
  0.31500000000000022       0.20537044509916760       -4.4178568723564765E-002  0.17264241041226749        7.7018014196751565        72.579780454919614        80.674045487210876     
  0.31600000000000023       0.19352732542564102       -4.8511661042334224E-002  0.17308730928862212        7.6724521075400620        75.910114439089483        81.562876964436015     
  0.31700000000000023       0.18222654482100142       -5.2336859112068021E-002  0.17349891094991074        7.6406954354533880        79.407148154268000        82.433634620719914     
  0.31800000000000023       0.17144946781019985       -5.5679088962242371E-002  0.17387658761367367        7.6065093889072735        82.938426232532919        83.219818398767757     
  0.31900000000000023       0.16117791814366775       -5.8562781527108816E-002  0.17421973483119074        7.5698744682181065        86.945526645374656        84.113273459974053     
  0.32000000000000023       0.15139416925460336       -6.1011869185308196E-002  0.17452777329723979        7.5307738815762715        91.012854480892173        84.920461415446198     
  0.32100000000000023       0.14208093505956304       -6.3049782314169328E-002  0.17480015064829002        7.4891937455200068        95.295259038452855        85.703001865716146     
  0.32200000000000023       0.13322136107349122       -6.4699445864128666E-002  0.17503634323801465        7.4451232927634443        99.811899655830473        86.470888864169012     
  0.32300000000000023       0.12479901581368491       -6.5983275958142157E-002  0.17523585787790483        7.3985550872594104        104.57521465543961        87.211256815662821     
  0.32400000000000023       0.11679788247028254       -6.6923176520517616E-002  0.17539823352961681        7.3494852463215858        109.60663062445546        87.927434401174182     
  0.32500000000000023       0.10920235082367015       -6.7540535939312321E-002  0.17552304293445789        7.2979136695673619        114.92887194635928        88.617744628997187     
  0.32600000000000023       0.10199720939175602       -6.7856223766255386E-002  0.17560989416413553        7.2438442743716331        120.34766512452322        89.225361790153613     
  0.32700000000000023        9.5167637792367976E-002  -6.7890587458107554E-002  0.17565843207553547        7.1872852374420830        126.49992970305533        89.920686251954422     
  0.32800000000000024        8.8699199308073268E-002  -6.7663449163407968E-002  0.17566833965087272        7.1282492420374801        132.81355029131046        90.533618285746712     
  0.32900000000000024        8.2577833642551973E-002  -6.7194102558705227E-002  0.17563933920305577        7.0667537302511603        139.51929079023984        91.119458534452306     
  0.33000000000000024        7.6789849859263362E-002  -6.6501309738605088E-002  0.17557119342453056        7.0028211596715648        146.64161846115070        91.677844514951289     
  0.33100000000000024        7.1321919494545069E-002  -6.5603298164281315E-002  0.17546370625620594        6.9364792636093942        154.21867351507586        92.206038207089975     
  0.33200000000000024        6.6161069838509168E-002  -6.4517757675501219E-002  0.17531672355131842        6.8677613139456151        162.29347552870638        92.704196843654941     
  0.33300000000000024        6.1294677378149490E-002  -6.3261837571695595E-002  0.17513013350724763        6.7967063855053134        170.90405977934390        93.173053329288194     
  0.33400000000000024        5.6710461397955901E-002  -6.1852143768151298E-002  0.17490386683635717        6.7233596206983073        180.10361438464366        93.609777767102756     
  0.33500000000000024        5.2396477734105114E-002  -6.0304736034052925E-002  0.17463789664487969        6.6477724929870874        189.94118470238064        94.014466478536121     
  0.33600000000000024        4.8341112678903474E-002  -5.8635125319792189E-002  0.17433223798669875        6.5700030675454943        200.48441477886911        94.386636659441550     
  0.33700000000000024        4.4533077032688155E-002  -5.6858271181770899E-002  0.17398694705657927        6.4901162572560889        211.79405903453562        94.724115522012752     
  0.33800000000000024        4.0961400300801837E-002  -5.4988579313786652E-002  0.17360211998495764        6.4081840719596004        223.95159611360543        95.026350046170407     
  0.33900000000000025        3.7615425033592796E-002  -5.3039899195064688E-002  0.17317789119379792        6.3242858586152524        237.04325942340370        95.295661245704053     
  0.34000000000000025        3.4484801307642012E-002  -5.1025521866048473E-002  0.17271443127024683        6.2385085297549532        251.15104443349648        95.523489859003405     
  0.34100000000000025        3.1559481346615070E-002  -4.8958177844236207E-002  0.17221194431183806        6.1509467773168689        266.13620488723984        95.684281992882504     
  0.34200000000000025        2.8829714280266788E-002  -4.6850035193616212E-002  0.17167066469379827        6.0617032686238561        282.62782845138963        95.833375643919240     
  0.34300000000000025        2.6286041040214619E-002  -4.4712697762657572E-002  0.17109085320555145        5.9708888209294475        300.80090708329595        95.971936795381382     
  0.34400000000000025        2.3919289391142039E-002  -4.2557203607346404E-002  0.17047279249977551        5.8786225505879415        320.28353721524223        96.043962827594314     
  0.34500000000000025        2.1720569096100054E-002  -4.0394023617436367E-002  0.16981678179329757        5.7850319925167275        341.44499440650668        96.051977550104155     
  0.34600000000000025        1.9681267214559137E-002  -3.8233060365937002E-002  0.16912313075466867        5.6902531852075446        364.57468696053763        96.023010299068190     
  0.34700000000000025        1.7793043531813636E-002  -3.6083647203891657E-002  0.16839215250839196        5.5944307161115310        389.88153951971265        95.941332237959983     
  0.34800000000000025        1.6047826118272927E-002  -3.3954547624731324E-002  0.16762415568041547        5.4977177217713225        417.63238321158008        95.807701767116058     
  0.34900000000000025        1.4437807017084719E-002  -3.1853954924955470E-002  0.16681943540358207        5.4002758366052790        448.13230280487250        95.608939401124928     
  0.35000000000000026        1.2955438058429511E-002  -2.9789492190602167E-002  0.16597826319515940        5.3022750837673929        481.76162408310353        95.355320552119423     
  0.35100000000000026        1.1593426798701118E-002  -2.7768212641964149E-002  0.16510087561126632        5.2038937010163595        518.93162198058531        95.030901601878213     
  0.35200000000000026        1.0344732582653072E-002  -2.5796600372313062E-002  0.16418746157484138        5.1053178940341981        560.13625682863153        94.638314202603851     
  0.35300000000000026        9.2025627264392101E-003  -2.3880571520047130E-002  0.16323814826465230        5.0067415091465426        605.95186759789442        94.165258105444252     
  0.35400000000000026        8.1603688193154136E-003  -2.2025475917710539E-002  0.16225298544255265        4.9083656169220635        657.03907003632969        93.611620059345256     
  0.35500000000000026        7.2118431416012289E-003  -2.0236099265799841E-002  0.16123192808458703        4.8103979976784279        714.23577248976642        92.957460981677286     
  0.35600000000000026        6.3509151963258613E-003  -1.8516665884201530E-002  0.16017481716842566        4.7130525195105504        778.43037698658361        92.205155274733627     
  0.35700000000000026        5.5717483518144045E-003  -1.6870842099553827E-002  0.15908135845472834        4.6165483990985567        850.78243524059405        91.335432438405007     
  0.35800000000000026        4.8687365923180872E-003  -1.5301740332832705E-002  0.15795109908312766        4.5211093352668881        932.69181092908866        90.336876857309051     
  0.35900000000000026        4.2365013736781303E-003  -1.3811923958069825E-002  0.15678340178425346        4.4269625050729768        1025.9216842480266        89.208918817066731     
  0.36000000000000026        3.6698885809717504E-003  -1.2403413010341145E-002  0.15557741648723342        4.3343374121282894        1131.6613754348309        87.888372974584115     
  0.36100000000000027        3.1639655851824892E-003  -1.1077690829032462E-002  0.15433204907694195        4.2434645769223298        1253.0541470986136        86.393299218773166     
  0.36200000000000027        2.7140183962599158E-003  -9.8357117308350266E-003  0.15304592702645514        4.1545740591615301        1392.5399839611505        84.679582225410314     
  0.36300000000000027        2.3155489106602644E-003  -8.6779098158401239E-003  0.15171736159708496        4.0678938025797704        1553.3483284544886        82.706598497446649     
  0.36400000000000027        1.9642722528711311E-003  -7.6042090191874379E-003  0.15034430626035949        3.9836477933582670        1739.2213736871538        80.444559927316547     
  0.36500000000000027        1.6561142130320789E-003  -6.6140345294432535E-003  0.14892431095257552        3.9020540242398236        1954.2357138514606        77.819089017820360     
  0.36600000000000027        1.3872087874688499E-003  -5.7063257021650821E-003  0.14745447172219214        3.8233222576637624        2202.2964526353794        74.776775535415169     
  0.36700000000000027        1.1538958374315315E-003  -4.8795506009590159E-003  0.14593137527230704        3.7476515828026984        2486.5129627026413        71.227816090940223     
  0.36800000000000027        9.5271889673699756E-004  -4.1317222949338170E-003  0.14435103783360445        3.6752277632580466        2807.7834526544043        67.079294831976895     
  0.36900000000000027        7.8042318763627005E-004  -3.4604170233874239E-003  0.14270883772616350        3.6062203743537418        3161.0362592582660        62.211135366829083     
  0.37000000000000027        6.3395395903057656E-004  -2.8627942909250225E-003  0.14099944087996177        3.5407797314125182        3530.6411591519286        56.502572176007902     
  0.37100000000000027        5.1045537044426396E-004  -2.3356188478028009E-003  0.13921671848227771        3.4790336130139847        3882.1497604205028        49.849351997915122     
  0.37200000000000027        4.0727037464230649E-004  -1.8752842721703295E-003  0.13735365580400605        3.4210837858605792        4152.6662066548242        42.201272015907257     
  0.37300000000000028        3.2194256602526244E-004  -1.4778373403263156E-003  0.13540225112481405        3.3670023402619766        4244.2746768813577        33.658523978208031     
  0.37400000000000028        2.5222221286399642E-004  -1.1390011312704018E-003  0.13335340352819011        3.3168278470028314        4034.9172396920503        24.566834044933806     
  0.37500000000000028        1.9608207209008906E-004  -8.5419167927750384E-004  0.13119678817179745        3.2705613469096750        3432.1322270458586        15.662279553154722     
  0.37600000000000028        1.5175908559537522E-004  -6.1851412461249732E-004  0.12892071745782591        3.2281621829485627        2432.0236704283425        7.9449562383085564     
  0.37700000000000028        1.1787763827427636E-004  -4.2669480564197732E-004  0.12651198633694832        3.1895436799803529        1136.4737932159055        2.4301575083202094     
  0.37800000000000028        9.3910376579341156E-005  -2.7278002745549483E-004  0.12395569978776552        3.1545686677000160        66.075022213953162        8.0467140911084895E-002
  0.37900000000000028        8.2974441384443774E-005  -1.4860373143624084E-004  0.12123508033962509        3.1230448254418341        5.2283479680726217E-033   1.8314346786401163E-036
