   0.0000000000000000        0.0000000000000000        0.0000000000000000        0.0000000000000000       0.23196929954478437        0.0000000000000000        0.0000000000000000     
   5.0000000000000001E-003   0.0000000000000000        0.0000000000000000        0.0000000000000000       0.22987540763041608        0.0000000000000000        0.0000000000000000     
   1.0000000000000000E-002   0.0000000000000000        0.0000000000000000        0.0000000000000000       0.22778523387370680        0.0000000000000000        0.0000000000000000     
   1.4999999999999999E-002   0.0000000000000000        0.0000000000000000        0.0000000000000000       0.22569878244392208        0.0000000000000000        0.0000000000000000     
   2.0000000000000000E-002   0.0000000000000000        0.0000000000000000        0.0000000000000000       0.22361605814666974        0.0000000000000000        0.0000000000000000     
   2.5000000000000001E-002   0.0000000000000000        0.0000000000000000        0.0000000000000000       0.22153706644746896        0.0000000000000000        0.0000000000000000     
   3.0000000000000002E-002   0.0000000000000000        0.0000000000000000        0.0000000000000000       0.21946181349663643        0.0000000000000000        0.0000000000000000     
   3.5000000000000003E-002   0.0000000000000000        0.0000000000000000        0.0000000000000000       0.21739030615554292        0.0000000000000000        0.0000000000000000     
   4.0000000000000001E-002   6.1739581573896004E-019   3.6419895970041963E-017   0.0000000000000000       0.21532255202427203        0.0000000000000000        0.0000000000000000     
   4.4999999999999998E-002   1.6635235351106228E-018   9.7706701243133598E-017   0.0000000000000000       0.21325855947072958        0.0000000000000000        0.0000000000000000     
   4.9999999999999996E-002   2.7298626579658909E-018   1.6270637749146662E-016   0.0000000000000000       0.21119833766123988        0.0000000000000000        0.0000000000000000     
   5.4999999999999993E-002  -3.3202650033633552E-018   2.3372018724843309E-016   0.0000000000000000       0.20914189659266280        0.0000000000000000        0.0000000000000000     
   5.9999999999999991E-002  -9.3976753458594982E-018   3.1326877009374038E-016   0.0000000000000000       0.20708924712607069        0.0000000000000000        0.0000000000000000     
   6.4999999999999988E-002  -1.5709443771756142E-017   4.0418056457168239E-016   0.0000000000000000       0.20504040102200838        0.0000000000000000        0.0000000000000000     
   6.9999999999999993E-002  -2.2467329083748315E-017   5.0969119779416149E-016   0.0000000000000000       0.20299537097736600        0.0000000000000000        0.0000000000000000     
   7.4999999999999997E-002  -2.9894758568817531E-017   6.3355729588976359E-016   0.0000000000000000       0.20095417066388338        0.0000000000000000        0.0000000000000000     
   8.0000000000000002E-002  -3.8234077111845965E-017   7.8018867338334820E-016   0.0000000000000000       0.19891681476830253        0.0000000000000000        0.0000000000000000     
   8.5000000000000006E-002  -4.7754290910448675E-017   9.5480350065747259E-016   0.0000000000000000       0.19688331903417589        0.0000000000000000        0.0000000000000000     
   9.0000000000000011E-002  -5.8759547671914423E-017   1.1636118479741506E-015   0.0000000000000000       0.19485370030533394        0.0000000000000000        0.0000000000000000     
   9.5000000000000015E-002  -7.1598613847288439E-017   1.4140339896200364E-015   0.0000000000000000       0.19282797657100698        0.0000000000000000        0.0000000000000000     
  0.10000000000000002       -8.6675635901439585E-017   1.7149610564065455E-015   0.0000000000000000       0.19080616701258671        0.0000000000000000        0.0000000000000000     
  0.10500000000000002       -1.0446250745954326E-016   2.0770670902983860E-015   0.0000000000000000       0.18878829205200692        0.0000000000000000        0.0000000000000000     
  0.11000000000000003       -1.2551320827328826E-016   2.5131833315312691E-015   0.0000000000000000       0.18677437340171060        0.0000000000000000        0.0000000000000000     
  0.11500000000000003       -1.5048053543076485E-016   3.0387477169374045E-015   0.0000000000000000       0.18476443411616048        0.0000000000000000        0.0000000000000000     
  0.12000000000000004       -1.8013571348647183E-016   3.6723451616934026E-015   0.0000000000000000       0.18275849864484131        0.0000000000000000        0.0000000000000000     
  0.12500000000000003       -2.1539144991549512E-016   4.4363573237902399E-015   0.0000000000000000       0.18075659288668774        0.0000000000000000        0.0000000000000000     
  0.13000000000000003       -2.5732909754826423E-016   5.3577443177431740E-015   0.0000000000000000       0.17875874424585991        0.0000000000000000        0.0000000000000000     
  0.13500000000000004       -3.0723069886434049E-016   6.4689853796299204E-015   0.0000000000000000       0.17676498168877944        0.0000000000000000        0.0000000000000000     
  0.14000000000000004       -3.6661682110743958E-016   7.8092109436738408E-015   0.0000000000000000       0.17477533580231799        0.0000000000000000        0.0000000000000000     
  0.14500000000000005       -4.3729124953672741E-016   9.4255651566562197E-015   0.0000000000000000       0.17278983885302598        0.0000000000000000        0.0000000000000000     
  0.15000000000000005       -5.2139379274662690E-016   1.1374845753240454E-014   0.0000000000000000       0.17080852484726622        0.0000000000000000        0.0000000000000000     
  0.15500000000000005       -6.2146267354176612E-016   1.3725477710470404E-014   0.0000000000000000       0.16883142959211267        0.0000000000000000        0.0000000000000000     
  0.16000000000000006       -7.4050823679435021E-016   1.6559888514802800E-014   0.0000000000000000       0.16685859075685047        3.1827317262266398E-021   1.9829287237564100E-020
  0.16500000000000006       -8.8210000838034488E-016   1.9977366596145848E-014   0.0000000000000000       0.16489004793490825        3.1491242149708844E-020   1.9539582445745223E-019
  0.17000000000000007       -1.0504694940538465E-015   2.4097500974196689E-014   0.0000000000000000       0.16292584270603649        9.6169465563695273E-020   5.9507204917972162E-019
  0.17500000000000007       -1.2506315225153738E-015   2.9064319979551390E-014   0.0000000000000000       0.16096601869853239        2.1687379418669554E-019   1.3387640475827732E-018
  0.18000000000000008       -1.4885274228391929E-015   3.5051270723921539E-014   0.0000000000000000       0.15901062165130395        4.1953832442148733E-019   2.5836581070354746E-018
  0.18500000000000008       -1.7711938942613737E-015   4.2267209602478699E-014   0.0000000000000000       0.15705969947554801        7.3816256226414747E-019   4.5343973432908922E-018
  0.19000000000000009       -2.1069620892503394E-015   5.0963608479666071E-014   0.0000000000000000       0.15511330231581963        1.2171437783462942E-018   7.4563312419694868E-018
  0.19500000000000009       -2.5056922039268824E-015   6.1443222493192886E-014   0.0000000000000000       0.15317148261024571        1.9152145667979869E-018   1.1698247069979074E-017
  0.20000000000000009       -2.9790497706507296E-015   7.4070514995777280E-014   0.0000000000000000       0.15123429514964712        2.9077525079637127E-018   1.7704526859407448E-017
  0.20500000000000010       -3.5408308958666483E-015   8.9284194704192339E-014   0.0000000000000000       0.14930179713531794        4.2926898696688992E-018   2.6048926971285307E-017
  0.21000000000000010       -4.2073449048604925E-015   1.0761229163590646E-013   0.0000000000000000       0.14737404823521191        6.1956065596189128E-018   3.7462489542884606E-017
  0.21500000000000011       -4.9978642698635282E-015   1.2969028427940870E-013   0.0000000000000000       0.14545111063829183        8.7784183395985830E-018   5.2882619058630840E-017
  0.22000000000000011       -5.9351533384492490E-015   1.5628289353688616E-013   0.0000000000000000       0.14353304910679376        1.2247234269790397E-017   7.3495940574188830E-017
  0.22500000000000012       -7.0460892787916956E-015   1.8831028274141083E-013   0.0000000000000000       0.14161993102617251        1.6860890478998035E-017   1.0078501903811204E-016
  0.23000000000000012       -8.3623908548188504E-015   2.2687955161596014E-013   0.0000000000000000       0.13971182645249930        2.2918377679496964E-017   1.3645598486137844E-016
  0.23500000000000013       -9.9214731799723884E-015   2.7332259036128072E-013   0.0000000000000000       0.13780880815709931        3.0935219805262470E-017   1.8344367157119003E-016
  0.24000000000000013       -1.1767449520651273E-014   3.2924157407265139E-013   0.0000000000000000       0.13591095166823294        4.1332396791442070E-017   2.4413342040152513E-016
  0.24500000000000013       -1.3952304582234584E-014   3.9656363451171412E-013   0.0000000000000000       0.13401833530964505        5.4785613032885482E-017   3.2235237382054696E-016
  0.25000000000000011       -1.6537267570328027E-014   4.7760655443435931E-013   0.0000000000000000       0.13213104023583080        7.1987057170435928E-017   4.2203188545736354E-016
  0.25500000000000012       -1.9594417741708349E-014   5.7515769942868631E-013   0.0000000000000000       0.13024915046389338        9.4206651523959762E-017   5.5034430774403944E-016
  0.26000000000000012       -2.3208560213240024E-014   6.9256884581189620E-013   0.0000000000000000       0.12837275290190189        1.2232917791388057E-016   7.1234798508786332E-016
  0.26500000000000012       -2.7479415558217283E-014   8.3387009526466122E-013   0.0000000000000000       0.12650193737368728        1.5788631970841875E-016   9.1677770271876858E-016
  0.27000000000000013       -3.2524173268235707E-014   1.0039067051564020E-012   0.0000000000000000       0.12463679664005814        2.0268623459504928E-016   1.1740177476828654E-015
  0.27500000000000013       -3.8480466578859640E-014   1.2085034290342088E-012   0.0000000000000000       0.12277742641644926        2.5841526621235440E-016   1.4937595199516240E-015
  0.28000000000000014       -4.5509834535018376E-014   1.4546618797904061E-012   0.0000000000000000       0.12092392538706519        3.2786644628593443E-016   1.8922519453172116E-015
  0.28500000000000014       -5.3801746592920014E-014   1.7507975288745412E-012   0.0000000000000000       0.11907639521561859        4.1341284676069753E-016   2.3834331875474050E-015
  0.29000000000000015       -6.3578275600993094E-014   2.1070242748549761E-012   0.0000000000000000       0.11723494055281092        5.1959608815467815E-016   2.9936972644437661E-015
  0.29500000000000015       -7.5099516745787107E-014   2.5354960971175187E-012   0.0000000000000000       0.11539966904074715        6.4948950634034195E-016   3.7414913427575072E-015
  0.30000000000000016       -8.8669863046936727E-014   3.0508172075714133E-012   0.0000000000000000       0.11357069131452129        8.0840482465948661E-016   4.6580891886177383E-015
  0.30500000000000016       -1.0464526227069705E-013   3.6705343872619697E-012   0.0000000000000000       0.11174812100125488        1.0024708579151453E-015   5.7798140302386498E-015
  0.31000000000000016       -1.2344159569984321E-013   4.4157279204418820E-012   0.0000000000000000       0.10993207471691119        1.2384956781652183E-015   7.1469110616796496E-015
  0.31500000000000017       -1.4554433599169907E-013   5.3117208053822457E-012   0.0000000000000000       0.10812267206125306        1.5268898807354906E-015   8.8214367860220022E-015
  0.32000000000000017       -1.7151965924580659E-013   6.3889298361567142E-012   0.0000000000000000       0.10632003561134794        1.8772671333928986E-015   1.0860057407243197E-014
  0.32500000000000018       -2.0202720515774766E-013   7.6838868411609201E-012   0.0000000000000000       0.10452429091405716        2.3028414541839608E-015   1.3340731596457668E-014
  0.33000000000000018       -2.3783469839145844E-013   9.2404639860379908E-012   0.0000000000000000       0.10273556647798476        2.8212348703895109E-015   1.6369293959370957E-014
  0.33500000000000019       -2.7983466351609025E-013   1.1111343785254707E-011   0.0000000000000000       0.10095399376537581        3.4509000191440221E-015   2.0053836036293203E-014
  0.34000000000000019       -3.2906348424710563E-013   1.3359782538736600E-011   0.0000000000000000        9.9179707184489083E-002   4.2161553235287416E-015   2.4538911906826527E-014
  0.34500000000000020       -3.8672307422173028E-013   1.6061725582605424E-011   0.0000000000000000        9.7412844082973057E-002   5.1460971372432604E-015   2.9997195621373901E-014
  0.35000000000000020       -4.5420543964599785E-013   1.9308344333917720E-011   0.0000000000000000        9.5653544742790461E-002   6.2769489377765787E-015   3.6643312457002987E-014
  0.35500000000000020       -5.3312042188480651E-013   2.3209078999717190E-011   0.0000000000000000        9.3901952377239209E-002   7.6511328805405800E-015   4.4726470605613812E-014
  0.36000000000000021       -6.2532690778402437E-013   2.7895287468611984E-011   0.0000000000000000        9.2158213130612052E-002   9.3222454982766809E-015   5.4563424309437744E-014
  0.36500000000000021       -7.3296778373943447E-013   3.3524620858719764E-011   0.0000000000000000        9.0422476081030406E-002   1.1353083713413615E-014   6.6523913552056018E-014
  0.37000000000000022       -8.5850888172525263E-013   4.0286270120962798E-011   0.0000000000000000        8.8694893246972259E-002   1.3822081971545466E-014   8.1079352304968271E-014
  0.37500000000000022       -1.0047821157932242E-012   4.8407256787803898E-011   0.0000000000000000        8.6975619597989079E-002   1.6823354853750969E-014   9.8780641108590302E-014
  0.38000000000000023       -1.1750329283884957E-012   5.8159975374313420E-011   0.0000000000000000        8.5264813070081810E-002   2.0469739197937334E-014   1.2029923658458972E-013
  0.38500000000000023       -1.3729720475113014E-012   6.9871236238409120E-011   0.0000000000000000        8.3562634586170623E-002   2.4901084136753232E-014   1.4646439696416383E-013
  0.39000000000000024       -1.6028313859321924E-012   8.3933107287936018E-011   0.0000000000000000        8.1869248082054105E-002   3.0282769298736934E-014   1.7825381161449084E-013
  0.39500000000000024       -1.8694236766436612E-012   1.0081591247388503E-010   0.0000000000000000        8.0184820538210647E-002   3.6823390615196701E-014   2.1691685463639269E-013
  0.40000000000000024       -2.1782051146505426E-012   1.2108381657723627E-010   0.0000000000000000        7.8509522017748481E-002   4.4769375456303067E-014   2.6390506786172986E-013
  0.40500000000000025       -2.5353398389881350E-012   1.4541351186148145E-010   0.0000000000000000        7.6843525710756311E-002   5.4416143396541195E-014   3.2097725819512909E-013
  0.41000000000000025       -2.9477645090005649E-012   1.7461662573370706E-010   0.0000000000000000        7.5187007985257362E-002   6.6131034675580676E-014   3.9031646151343937E-013
  0.41500000000000026       -3.4232504658271610E-012   2.0966659329263606E-010   0.0000000000000000        7.3540148444912135E-002   8.0358619629384432E-014   4.7455706313112313E-013
  0.42000000000000026       -3.9704599742246814E-012   2.5173088899302222E-010   0.0000000000000000        7.1903129993558579E-002   9.7630999268845891E-014   5.7688705704537596E-013
  0.42500000000000027       -4.5989917494055772E-012   3.0220969304574550E-010   0.0000000000000000        7.0276138906624347E-002   1.1859934060466066E-013   7.0115741573272718E-013
  0.43000000000000027       -5.3194093113884416E-012   3.6278228721464427E-010   0.0000000000000000        6.8659364909385151E-002   1.4404854916766778E-013   8.5204597313947228E-013
  0.43500000000000028       -6.1432435794393273E-012   4.3546273943676674E-010   0.0000000000000000        6.7053001261992581E-002   1.7493524453462134E-013   1.0352498150259096E-012
  0.44000000000000028       -7.0829584023276828E-012   5.2266675704184730E-010   0.0000000000000000        6.5457244851139462E-002   2.1241235570243758E-013   1.2576328656066087E-012
  0.44500000000000028       -8.1518642684360181E-012   6.2729197632961376E-010   0.0000000000000000        6.3872296288178199E-002   2.5790818383514522E-013   1.5277447364599448E-012
  0.45000000000000029       -9.3639610701478347E-012   7.5281442660995070E-010   0.0000000000000000        6.2298360013462950E-002   3.1308709651251059E-013   1.8554127200557622E-012
  0.45500000000000029       -1.0733685282945015E-011   9.0340447753174496E-010   0.0000000000000000        6.0735644406637784E-002   3.8002936921487423E-013   2.2531295332500989E-012
  0.46000000000000030       -1.2275529981551853E-011   1.0840662716370362E-009   0.0000000000000000        5.9184361902555604E-002   4.6119610681803515E-013   2.7355505491456027E-012
  0.46500000000000030       -1.4003497408366712E-011   1.3008054864805216E-009   0.0000000000000000        5.7644729112469761E-002   5.5972752620861807E-013   3.3214400094084626E-012
  0.47000000000000031       -1.5930332908189387E-011   1.5608312952067564E-009   0.0000000000000000        5.6116966950115144E-002   6.7913510639635985E-013   4.0317129406074721E-012
  0.47500000000000031       -1.8066475424881111E-011   1.8727996412654821E-009   0.0000000000000000        5.4601300762257575E-002   8.2392638687803575E-013   4.8933823542907866E-012
  0.48000000000000032       -2.0418642776999413E-011   2.2471064608373426E-009   0.0000000000000000        5.3097960463272982E-002   9.9955720916296907E-013   5.9390073128995390E-012
  0.48500000000000032       -2.2987948800784572E-011   2.6962413350217342E-009   0.0000000000000000        5.1607180673292306E-002   1.2125602527254656E-012   7.2076883086244712E-012
  0.49000000000000032       -2.5767423201272738E-011   3.2352143052162466E-009   0.0000000000000000        5.0129200859434835E-002   1.4704684684823037E-012   8.7444075599659222E-012
  0.49500000000000033       -2.8738772397713451E-011   3.8820713271483150E-009   0.0000000000000000        4.8664265479639431E-002   1.7830818595487373E-012   1.0607904316707886E-011
  0.50000000000000033       -3.1868179333262737E-011   4.6585171780049661E-009   0.0000000000000000        4.7212624128591750E-002   2.1621490175362438E-012   1.2868551047301406E-011
  0.50500000000000034       -3.5100890360710728E-011   5.5906686955744287E-009   0.0000000000000000        4.5774531685245000E-002   2.6214548779553728E-012   1.5608959356901220E-011
  0.51000000000000034       -3.8354275738979612E-011   6.7099661733346387E-009   0.0000000000000000        4.4350248461424199E-002   3.1782321163065679E-012   1.8932203372388677E-011
  0.51500000000000035       -4.1508974320114027E-011   8.0542767476967406E-009   0.0000000000000000        4.2940040351009866E-002   3.8520283340271726E-012   2.2955801887302904E-011
  0.52000000000000035       -4.4397639426552340E-011   9.6692309173949445E-009   0.0000000000000000        4.1544178979193248E-002   4.6691299370463325E-012   2.7837286672415402E-011
  0.52500000000000036       -4.6790687753100562E-011   1.1609842199094196E-008   0.0000000000000000        4.0162941851307574E-002   5.6580105554968397E-012   3.3747721560085430E-011
  0.53000000000000036       -4.8378311549394447E-011   1.3942470669003049E-008   0.0000000000000000        3.8796612500739375E-002   6.8566705256589099E-012   4.0915342105663061E-011
  0.53500000000000036       -4.8747840464570042E-011   1.6747204150957854E-008   0.0000000000000000        3.7445480635437164E-002   8.3071430678302418E-012   4.9592607339150048E-011
  0.54000000000000037       -4.7355326107574963E-011   2.0120746543208447E-008   0.0000000000000000        3.6109842282539030E-002   1.0064313908446229E-011   6.0109741476715224E-011
  0.54500000000000037       -4.3489960882817588E-011   2.4179921770468514E-008   0.0000000000000000        3.4789999930653896E-002   1.2192143397993575E-011   7.2850920577348829E-011
  0.55000000000000038       -3.6229622412987804E-011   2.9065924746024625E-008   0.0000000000000000        3.3486262669337963E-002   1.4766261355908005E-011   8.8272125495937081E-011
  0.55500000000000038       -2.4385442993159393E-011   3.4949478288622881E-008   0.0000000000000000        3.2198946325316766E-002   1.7884760439230138E-011   1.0696337329717061E-010
  0.56000000000000039       -6.4328244101910689E-012   4.2037088053917892E-008   0.0000000000000000        3.0928373595016670E-002   2.1657967548245043E-011   1.2958906161846659E-010
  0.56500000000000039        1.9574266845312561E-011   5.0578627261579176E-008   0.0000000000000000        2.9674874172971207E-002   2.6222489075795248E-011   1.5697463141504991E-010
  0.57000000000000040        5.6109603441531677E-011   6.0876530560691592E-008   0.0000000000000000        2.8438784875682705E-002   3.1749575565102472E-011   1.9015110567051252E-010
  0.57500000000000040        1.0630635115033966E-010   7.3296933223695902E-008   0.0000000000000000        2.7220449760519138E-002   3.8432866236049879E-011   2.3028715691456467E-010
  0.58000000000000040        1.7411988621816712E-010   8.8283159683710362E-008   0.0000000000000000        2.6020220239237571E-002   4.6530265600132483E-011   2.7893945089089425E-010
  0.58500000000000041        2.6452888348937326E-010   1.0637204620579615E-007   0.0000000000000000        2.4838455185725371E-002   5.6300550299511479E-011   3.3767572496407280E-010
  0.59000000000000041        3.8378335766157987E-010   1.2821367851057003E-007   0.0000000000000000        2.3675521037554742E-002   6.8142113950453241E-011   4.0889917251166670E-010
  0.59500000000000042        5.3971025593088558E-010   1.5459523912662434E-007   0.0000000000000000        2.2531791890947690E-002   8.2450316327335943E-011   4.9500399410664748E-010
  0.60000000000000042        7.4208952920438165E-010   1.8646979424953961E-007   0.0000000000000000        2.1407649588745945E-002   9.9756800860863201E-011   5.9920640191221072E-010
  0.60500000000000043        1.0031164382115015E-009   2.2499100954393948E-007   0.0000000000000000        2.0303483800981140E-002   1.2068575773608471E-010   7.2528714099278813E-010
  0.61000000000000043        1.3379692854974217E-009   2.7155497283285489E-007   0.0000000000000000        1.9219692097633793E-002   1.4597892872513715E-010   8.7773993831971395E-010
  0.61500000000000044        1.7655059313668753E-009   3.2785052383322573E-007   0.0000000000000000        1.8156680013166851E-002   1.7655821537554428E-010   1.0621526025232711E-009
  0.62000000000000044        2.3091175044157681E-009   3.9591975264290930E-007   0.0000000000000000        1.7114861102410336E-002   2.1354885185631238E-010   1.2853529351922116E-009
  0.62500000000000044        2.9977738396878942E-009   4.7823063607322049E-007   0.0000000000000000        1.6094656987367284E-002   2.5821239056841482E-010   1.5550060652386781E-009
  0.63000000000000045        3.8673025916946919E-009   5.7776414168373182E-007   0.0000000000000000        1.5096497394499427E-002   3.1219938856530955E-010   1.8811137615636804E-009
  0.63500000000000045        4.9619529425843125E-009   6.9811855222317730E-007   0.0000000000000000        1.4120820182039317E-002   3.7741987632715777E-010   2.2753146335399461E-009
  0.64000000000000046        6.3363056787373963E-009   8.4363425818453114E-007   0.0000000000000000        1.3168071356865112E-002   4.5625674598755817E-010   2.7520734367923818E-009
  0.64500000000000046        8.0576045277895559E-009   1.0195428449893895E-006   0.0000000000000000        1.2238705080457209E-002   5.5145546871321474E-010   3.3281051070579489E-009
  0.65000000000000047        1.0208599495778640E-008   1.2321449773934744E-006   0.0000000000000000        1.1333183663441763E-002   6.6646751237991737E-010   4.0244347518745234E-009
  0.65500000000000047        1.2891012076517130E-008   1.4890223726216924E-006   0.0000000000000000        1.0451977548209547E-002   8.0537920690854425E-010   4.8658884248156934E-009
  0.66000000000000048        1.6229755288739997E-008   1.7992900735068115E-006   0.0000000000000000        9.5955652790813886E-003   9.7446586583002563E-010   5.8904919858020997E-009
  0.66500000000000048        2.0378069329174871E-008   2.1738963043484645E-006   0.0000000000000000        8.7644334594708037E-003   1.1758209427895099E-009   7.1121312969433235E-009
  0.67000000000000048        2.5523767166819241E-008   2.6259784394246775E-006   0.0000000000000000        7.9590766954783735E-003   1.4202619184551814E-009   8.5955501823125229E-009
  0.67500000000000049        3.1896824787696722E-008   3.1712850649515780E-006   0.0000000000000000        7.1799975253291504E-003   1.7155544897966048E-009   1.0388634752728809E-008
  0.68000000000000049        3.9778599395176680E-008   3.8286758020535812E-006   0.0000000000000000        6.4277063340446366E-003   2.0718112237483472E-009   1.2553218905087778E-008
  0.68500000000000050        4.9513017307408483E-008   4.6207125182899279E-006   0.0000000000000000        5.7027212527211565E-003   2.5019107061295997E-009   1.5168023605197733E-008
  0.69000000000000050        6.1520143512786679E-008   5.5743578316576546E-006   0.0000000000000000        5.0055680417607617E-003   3.0207729531233875E-009   1.8324464240708249E-008
  0.69500000000000051        7.6312629159347379E-008   6.7217994536829900E-006   0.0000000000000000        4.3367799573834354E-003   3.6470016298668139E-009   2.2136409726994312E-008
  0.70000000000000051        9.4515634415498043E-008   8.1014219849506676E-006   0.0000000000000000        3.6968976007224681E-003   4.4023085831924752E-009   2.6736922377485121E-008
  0.70500000000000052        1.1689094541489704E-007   9.7589513339037812E-006   0.0000000000000000        3.0864687487856136E-003   5.3138648650238949E-009   3.2292822247212435E-008
  0.71000000000000052        1.4436614926307204E-007   1.1748801054988535E-005   0.0000000000000000        2.5060481665404371E-003   6.4135622919644671E-009   3.8999144929044911E-008
  0.71500000000000052        1.7806990492699257E-007   1.4135654684049373E-005   0.0000000000000000        1.9561973993599529E-003   7.7403271556750060E-009   4.7095819724322105E-008
  0.72000000000000053        2.1937455567653836E-007   1.6996323689626065E-005   0.0000000000000000        1.4374845450427273E-003   9.3356225936277104E-009   5.6837319455950550E-008
  0.72500000000000053        2.6994757700093825E-007   2.0421927076167536E-005   0.0000000000000000        9.5048400459909078E-004   1.1263762999616153E-008   6.8618767522219028E-008
  0.73000000000000054        3.3181365012324685E-007   2.4520446104277026E-005   0.0000000000000000        4.9577621097391539E-004   1.3582123171168410E-008   8.2793522228426078E-008
  0.73500000000000054        4.0742950424040562E-007   2.9419716188686499E-005   0.0000000000000000        7.3947334855130808E-005   1.6388919849052826E-008   9.9966601658314344E-008
  0.74000000000000055        4.9977409081254663E-007   3.5270927973538756E-005   0.0000000000000000        0.0000000000000000        1.9763970448670551E-008   1.2062925071845448E-007
  0.74500000000000055        6.1245715275666974E-007   4.2252721067963342E-005   0.0000000000000000        0.0000000000000000        2.3832573660901522E-008   1.4555556366793541E-007
  0.75000000000000056        7.4984984443259304E-007   5.0575967181224401E-005   0.0000000000000000        0.0000000000000000        2.8728262667171210E-008   1.7556899570813803E-007
  0.75500000000000056        9.1724176131275162E-007   6.0489354683593520E-005   0.0000000000000000        0.0000000000000000        3.4638004050356225E-008   2.1182128107335519E-007
  0.76000000000000056        1.1210295703021068E-006   7.2285904226102255E-005   0.0000000000000000        0.0000000000000000        4.1739935573391176E-008   2.5542321377144331E-007
  0.76500000000000057        1.3689434148854523E-006   8.6310565302345847E-005   0.0000000000000000        0.0000000000000000        5.0315252760780090E-008   3.0809617003249879E-007
  0.77000000000000057        1.6703184290500079E-006   1.0296906688620142E-004   0.0000000000000000        0.0000000000000000        6.0625352754782571E-008   3.7147011047885007E-007
  0.77500000000000058        2.0364200594241015E-006   1.2273822192267257E-004   0.0000000000000000        0.0000000000000000        7.3049562871457164E-008   4.4789773157571089E-007
  0.78000000000000058        2.4808334996343287E-006   1.4617791591018010E-004   0.0000000000000000        0.0000000000000000        8.8004910928360105E-008   5.3995499566105387E-007
  0.78500000000000059        3.0199294224572850E-006   1.7394504454505111E-004   0.0000000000000000        0.0000000000000000        1.0599766538656570E-007   6.5078449014362517E-007
  0.79000000000000059        3.6734203969145026E-006   2.0680970487816071E-004   0.0000000000000000        0.0000000000000000        1.2766046643147413E-007   7.8431253542396995E-007
  0.79500000000000060        4.4650249474461318E-006   2.4567398914455795E-004   0.0000000000000000        0.0000000000000000        1.5374964626005679E-007   9.4523055879411971E-007
  0.80000000000000060        5.4232592048719654E-006   2.9159378084677129E-004   0.0000000000000000        0.0000000000000000        1.8508128947976735E-007   1.1386379986488740E-006
  0.80500000000000060        6.5823795741178076E-006   3.4580400924542296E-004   0.0000000000000000        0.0000000000000000        2.2282479374308927E-007   1.3717831238896214E-006
  0.81000000000000061        7.9835038676297737E-006   4.0974788151235862E-004   0.0000000000000000        0.0000000000000000        2.6820660106784675E-007   1.6522973551425358E-006
  0.81500000000000061        9.6759429974251478E-006   4.8511068169081287E-004   0.0000000000000000        0.0000000000000000        3.2275104955909341E-007   1.9896951500657109E-006
  0.82000000000000062        1.1718780658605661E-005   5.7385880236250002E-004   0.0000000000000000        0.0000000000000000        3.8839959527800884E-007   2.3960655895636452E-006
  0.82500000000000062        1.4182744551058366E-005   6.7828475835616001E-004   0.0000000000000000        0.0000000000000000        4.6786461056232347E-007   2.8883755150750081E-006
  0.83000000000000063        1.7152419651383919E-005   8.0105902138669798E-004   0.0000000000000000        0.0000000000000000        5.6200838664733372E-007   3.4719017103025604E-006
  0.83500000000000063        2.0728861935319863E-005   9.4528960911746977E-004   0.0000000000000000        0.0000000000000000        6.7601544683977471E-007   4.1791347669618081E-006
  0.84000000000000064        2.5032679820374738E-005   1.1145904600384136E-003   0.0000000000000000        0.0000000000000000        8.1283040187318989E-007   5.0284787839324732E-006
  0.84500000000000064        3.0207660483418850E-005   1.3131597241027488E-003   0.0000000000000000        3.4384957962968298E-004   9.7737660743258386E-007   6.0506673589804253E-006
  0.85000000000000064        3.6425029104589708E-005   1.5458691944739873E-003   8.1966939019373678E-004   8.4661951718334710E-004   1.1750438042735881E-006   7.2795223738030500E-006
  0.85500000000000065        4.3888440934962991E-005   1.8183661927636838E-003   2.1142310991471886E-003   1.3967990780662329E-003   1.4120629239341311E-006   8.7541497121840963E-006
  0.86000000000000065        5.2839818735769746E-005   2.1371892917660023E-003   3.4149264706115848E-003   1.9949359377129058E-003   1.6968038902709954E-006   1.0526812646245442E-005
  0.86500000000000066        6.3566161330961795E-005   2.5098993067213635E-003   4.7216990557300840E-003   2.6415646947392829E-003   2.0388289076751507E-006   1.2657711464540608E-005
  0.87000000000000066        7.6407462338527626E-005   2.9452269968059139E-003   6.0344894936165032E-003   3.3372055957185832E-003   2.4489681294392468E-006   1.5214788003588173E-005
  0.87500000000000067        9.1765890985677476E-005   3.4532388781042295E-003   7.3532354470793957E-003   4.0823632110983700E-003   2.9413848792320140E-006   1.8287156775061489E-005
  0.88000000000000067        1.1011639840566587E-004   4.0455224397102172E-003   8.6778715373392289E-003   4.8775250616950446E-003   3.5316377739790489E-006   2.1972447166047411E-005
  0.88500000000000068        1.3201892179281883E-004   4.7353918541595281E-003   1.0008329277740317E-002   5.7231601952732174E-003   4.2399390259498418E-006   2.6398069767257865E-005
  0.89000000000000068        1.5813236373468529E-004   5.5381149568271039E-003   1.1344537006458244E-002   6.6197177127982560E-003   5.0886608134884485E-006   3.1704801218980532E-005
  0.89500000000000068        1.8923052302383586E-004   6.4711618075393726E-003   1.2686419818205020E-002   7.5676252440399841E-003   6.1073047395754127E-006   3.8078493927270615E-005
  0.90000000000000069        2.2622014392813559E-004   7.5544745100943767E-003   1.4033899494934318E-002   8.5672873722987628E-003   7.3277007763478040E-006   4.5719908237340859E-005
  0.90500000000000069        2.7016123049677400E-004   8.8107571190077765E-003   1.5386894435551281E-002   9.6190840081315700E-003   8.7885701262177758E-006   5.4873704496709126E-005
  0.91000000000000070        3.2228973785806102E-004   1.0265783375909842E-002   1.6745319584631553E-002   1.0723368712067151E-002   1.0540279835528812E-005   6.5855188742833996E-005
  0.91500000000000070        3.8404270022641794E-004   1.1948718663198783E-002   1.8109086360161016E-002   1.1880466966420793E-002   1.2634199115326894E-005   7.8996068021215763E-005
  0.92000000000000071        4.5708578203078527E-004   1.3892450921354788E-002   1.9478102580295791E-002   1.3090674396451242E-002   1.5144021344875123E-005   9.4755252059590061E-005
  0.92500000000000071        5.4334314101093465E-004   1.6133923345279289E-002   2.0852272389163332E-002   1.4354254941242492E-002   1.8145324113152298E-005   1.1361319899807054E-004
  0.93000000000000071        6.4502936779983365E-004   1.8714459473279411E-002   2.2231496181709720E-002   1.5671438974843088E-002   2.1736499239249082E-005   1.3619333179266290E-004
  0.93500000000000072        7.6468311416835646E-004   2.1680068860214216E-002   2.3615670527607414E-002   1.7042421378358451E-002   2.6027065550491769E-005   1.6318857486381382E-004
  0.94000000000000072        9.0520184244270252E-004   2.5081718974835132E-002   2.5004688094243090E-002   1.8467359563862813E-002   3.1159275042699666E-005   1.9550089399635647E-004
  0.94500000000000073        1.0698769250095611E-003   2.8975556420788879E-002   2.6398437568799348E-002   1.9946371451180764E-002   3.7298124370899350E-005   2.3417714433044922E-004
  0.95000000000000073        1.2624281021914212E-003   3.3423058247583376E-002   2.7796803579452339E-002   2.1479533398784691E-002   4.4612386254088561E-005   2.8028735101772302E-004
  0.95500000000000074        1.4870360801789366E-003   3.8491092246896307E-002   2.9199666615705274E-002   2.3066878090258917E-002   5.3355991864665508E-005   3.3544167604808016E-004
  0.96000000000000074        1.7483718338505692E-003   4.4251864029591768E-002   3.0606902947888395E-002   2.4708392378003274E-002   6.3773637985672119E-005   4.0120265645937018E-004
  0.96500000000000075        2.0516209925075649E-003   5.0782728697338977E-002   3.2018384545846865E-002   2.6404015086079747E-002   7.6220162971310545E-005   4.7980929716230240E-004
  0.97000000000000075        2.4025015540672565E-003   5.8165846419237201E-002   3.3433978996849842E-002   2.8153634774349529E-002   9.1045746450964455E-005   5.7349953364791643E-004
  0.97500000000000075        2.8072731217737815E-003   6.6487664528377385E-002   3.4853549422751463E-002   2.9957087466309179E-002   1.0868648853578273E-004   6.8504444970088904E-004
  0.98000000000000076        3.2727359135932789E-003   7.5838214111890928E-002   3.6276954396448478E-002   3.1814154343302196E-002   1.2972644998596023E-004   8.1815888682659299E-004
  0.98500000000000076        3.8062179811941595E-003   8.6310216579305585E-002   3.7704047857660322E-002   3.3724559408073215E-002   1.5471337863519506E-004   9.7632142777377110E-004
  0.99000000000000077        4.4155494080265366E-003   9.7998005243555175E-002   3.9134679028090397E-002   3.5687967120926652E-002   1.8447240830366126E-004   1.1647972700177076E-003
  0.99500000000000077        5.1090227375119434E-003  0.11099627815453310        4.0568692326002305E-002   3.7703980012067609E-002   2.1978620032782586E-004   1.3885530533794105E-003
   1.0000000000000007        5.8953394994968791E-003  0.12539871060659599        4.2005927280274954E-002   3.9772136274033858E-002   2.6171456271811095E-004   1.6543521468428790E-003
   1.0050000000000006        6.7835434238095113E-003  0.14129646793048919        4.3446218443978390E-002   4.1891907338465997E-002   3.1149911101696723E-004   1.9700667512792618E-003
   1.0100000000000005        7.7829417027953261E-003  0.15877667018201558        4.4889395307544412E-002   4.4062695441822612E-002   3.7038094680182646E-004   2.3436406857404750E-003
   1.0150000000000003        8.9030164226288552E-003  0.17792086884976172        4.6335282211583499E-002   4.6283831185020496E-002   4.4014707877442589E-004   2.7864032700107865E-003
   1.0200000000000002        1.0153328948511323E-002  0.19880360047332696        4.7783698259428242E-002   4.8554571092363268E-002   5.2270658139648343E-004   3.3105759607458965E-003
   1.0250000000000001        1.1543420543302292E-002  0.22149108209112942        4.9234457229472707E-002   5.0874095175526914E-002   6.2013043734844174E-004   3.9292529291250029E-003
   1.0300000000000000        1.3082712754725872E-002  0.24604010815755062        5.0687367487388765E-002   5.3241504508781713E-002   7.3522103345099120E-004   4.6603048452873268E-003
   1.0349999999999999        1.4780411076555894E-002  0.27249719799718175        5.2142231898307072E-002   5.5655818822061838E-002   8.7080205535261632E-004   5.5216029971796596E-003
   1.0399999999999998        1.6645415058138196E-002  0.30089802765684076        5.3598847739057189E-002   5.8115974118936126E-002   1.0302084876777811E-003   6.5345158031420766E-003
   1.0449999999999997        1.8686237423770045E-002  0.33126716143703738        5.5057006610560760E-002   6.0620820326988997E-002   1.2175985967505850E-003   7.7252189221111286E-003
   1.0499999999999996        2.0910933923313366E-002  0.36361807815818808        5.6516494350494377E-002   6.3169118988589720E-002   1.4376705334582832E-003   9.1236292028333797E-003
   1.0549999999999995        2.3327044651287567E-002  0.39795346730217263        5.7977090946321246E-002   6.5759541000508098E-002   1.6952320475271945E-003   1.0760086113440348E-002
   1.0599999999999994        2.5941546544671176E-002  0.43426575248807736        5.9438570448831593E-002   6.8390664411325935E-002   1.9968655469347727E-003   1.2676270528563544E-002
   1.0649999999999993        2.8760815804853533E-002  0.47253778591379747        6.0900700886305371E-002   7.1060972286097923E-002   2.3486834691207430E-003   1.4910892734153629E-002
   1.0699999999999992        3.1790598181600939E-002  0.51274364853836718        6.2363244179448649E-002   7.3768850648223958E-002   2.7587980921081655E-003   1.7514879726818595E-002
   1.0749999999999991        3.5035984479464467E-002  0.55484948739080231        6.3825956057241784E-002   7.6512586509015948E-002   3.2356509644673021E-003   2.0541365765845473E-002
   1.0799999999999990        3.8501388342839525E-002  0.59881432334171558        6.5288585973869759E-002   7.9290365995968920E-002   3.7890865068604816E-003   2.4052235449556810E-002
   1.0849999999999989        4.2190523355367701E-002  0.64459076929947101        6.6750877026889935E-002   8.2100272591275308E-002   4.4294981818876122E-003   2.8112181442016288E-002
   1.0899999999999987        4.6106376732589889E-002  0.69212560904870035        6.8212565876827308E-002   8.4940285492658654E-002   5.1702663745027480E-003   3.2805175620045965E-002
   1.0949999999999986        5.0251177349534597E-002  0.74136019960036237        6.9673382668381370E-002   8.7808278109138660E-002   6.0227003735503128E-003   3.8200777067941560E-002
   1.0999999999999985        5.4626356467174536E-002  0.79223067372210954        7.1133050953454402E-002   9.0702016704875418E-002   7.0031261552053869E-003   4.4400948410535164E-002
   1.1049999999999984        5.9232500236726160E-002  0.84466793315541666        7.2591287616211947E-002   9.3619159204776883E-002   8.1272771505433317E-003   5.1501864898791549E-002
   1.1099999999999983        6.4069293803480115E-002  0.89859743602129205        7.4047802800409443E-002   9.6557254176078328E-002   9.4132672320750878E-003   5.9615358080210436E-002
   1.1149999999999982        6.9135457545196760E-002  0.95393879346025834        7.5502299839227419E-002   9.9513740000627127E-002   1.0879762611040662E-002   6.8855319559993897E-002
   1.1199999999999981        7.4428676619174114E-002   1.0106052002982553        7.6954475187878943E-002  0.10248594425311511        1.2546884772305530E-002   7.9343948431709443E-002
   1.1249999999999980        7.9945525525944944E-002   1.0685027323540119        7.8404018359260183E-002  0.10547108330099697        1.4437396668184615E-002   9.1218924684746391E-002
   1.1299999999999979        8.5681389808827904E-002   1.1275295489404222        7.9850611862944218E-002  0.10846626214231259        1.6573208874603309E-002  0.10461114871545997     
   1.1349999999999978        9.1630387292030741E-002   1.1875750432944996        8.1293931147823073E-002  0.11146847449808769        1.8981525745752011E-002  0.11968434266455785     
   1.1399999999999977        9.7785291419905648E-002   1.2485189862640971        8.2733644548735108E-002  0.11447460317642236        2.1687215181819555E-002  0.13658543966825751     
   1.1449999999999976       0.10413745930736773        1.3102307097428989        8.4169413237424537E-002  0.11748142072577733        2.4716346873687681E-002  0.15546867259522079     
   1.1499999999999975       0.11067676706161593        1.3725683761978751        8.5600891178207891E-002  0.12048559039533989        2.8095828415037615E-002  0.17648484648007939     
   1.1549999999999974       0.11739155480519670        1.4353783792452102        8.7027725088743305E-002  0.12348366742067872        3.1947701753151217E-002  0.20041805446247749     
   1.1599999999999973       0.12426858363737583        1.4984949176268236        8.8449554406319478E-002  0.12647210065318656        3.6063609098894285E-002  0.22586987366975056     
   1.1649999999999971       0.13129300653082224        1.5617397811140663        8.9866011260113815E-002  0.12944723455204149        4.0628127151771110E-002  0.25403112532518302     
   1.1699999999999970       0.13844835488807936        1.6249223818080354        9.1276720449886550E-002  0.13240531155760316        4.5782554273153551E-002  0.28581005787867170     
   1.1749999999999969       0.14571654218928839        1.6878400580279347        9.2681299431614600E-002  0.13534247486527637        5.1405233995099435E-002  0.32034229539501019     
   1.1799999999999968       0.15307788585897472        1.7502786705404438        9.4079358310596287E-002  0.13825477161892616        5.7559497834868384E-002  0.35804286666146662     
   1.1849999999999967       0.16051114817313264        1.8120135024155002        9.5470499842586598E-002  0.14113815654290565        6.4308719244810145E-002  0.39926574167699519     
   1.1899999999999966       0.16799359672412376        1.8728104645129866        9.6854319443560835E-002  0.14398849603164993        7.1661595601670097E-002  0.44403268262732443     
   1.1949999999999965       0.17550108466429187        1.9324275988153108        9.8230405208740046E-002  0.14680157271559527        7.9669741001554176E-002  0.49262867955721590     
   1.1999999999999964       0.18300815066252502        1.9906168619047124        9.9598337941547890E-002  0.14957309052189013        8.8366120247698021E-002  0.54521092078774380     
   1.2049999999999963       0.19048813823319918        2.0471261612825105       0.10095769119320541       0.15229868024796356        9.7778774982010513E-002  0.60190216746260705     
   1.2099999999999962       0.19791333383509221        2.1017016084070219       0.10230803131372669       0.15497390566551236       0.10796396947235677       0.66299404444822974     
   1.2149999999999961       0.20525512288954095        2.1540899447423603       0.10364891751510030       0.15759427017182462       0.11895518879874292       0.72861878754053366     
   1.2199999999999960       0.21248416263255318        2.2040410911645734       0.10497990194751475       0.16015522400460472       0.13076933847767347       0.79878810622090390     
   1.2249999999999959       0.21957057049477410        2.2513107670761108       0.10630052978951779       0.16265217203555385       0.14351306425296409       0.87408215747243734     
   1.2299999999999958       0.22648412649609032        2.2956631237249732       0.10761033935306245       0.16508048215691309       0.15718731348739048       0.95437557872505552     
   1.2349999999999957       0.23319448794821684        2.3368733365615428       0.10890886220444984       0.16743549427396645       0.17184020411758591        1.0398291924925736     
   1.2399999999999956       0.23967141457891614        2.3747301038987239       0.11019562330223391       0.16971252991512653       0.18754270470884632        1.1307349237490578     
   1.2449999999999954       0.24588500202583602        2.4090380034395720       0.11147014115322383       0.17190690246967757       0.20436106826349304        1.2273179160771170     
   1.2499999999999953       0.25180592149682801        2.4396196640586298       0.11273192798778728       0.17401392806151200       0.22231574680287097        1.3294823023109370     
   1.2549999999999952       0.25740566325780834        2.4663177171478443       0.11398048995572302       0.17602893706527825       0.24155747578384187        1.4379722319314010     
   1.2599999999999951       0.26265678148983673        2.4889964994055149       0.11521532734406190       0.17794728626921835       0.26203521438946631        1.5521359128768883     
   1.2649999999999950       0.26753313795551531        2.5075434866988737       0.11643593481822632       0.17976437168664905       0.28395198266867094        1.6729876927728418     
   1.2699999999999949       0.27201014183276079        2.5218704461482497       0.11764180168806765       0.18147564201547634       0.30723468059419273        1.7996978670823465     
   1.2749999999999948       0.27606498301347854        2.5319143005127831       0.11883241220040042       0.18307661274236059       0.33219491680611002        1.9338500242217274     
   1.2799999999999947       0.27967685612787380        2.5376377050413241       0.12000724585974000       0.18456288088514153       0.35871600651222751        2.0742785439249731     
   1.2849999999999946       0.28282717254456691        2.5390293420248899       0.12116577777906912       0.18593014036388775       0.38696060017944939        2.2214835535710051     
   1.2899999999999945       0.28549975761484436        2.5361039422812044       0.12230747906255730       0.18717419798745405       0.41712295537744959        2.3762907507658158     
   1.2949999999999944       0.28768103047890792        2.5289020457401254       0.12343181722228468       0.18829099003870464       0.44920692261221123        2.5380641428684587     
   1.2999999999999943       0.28936016383540564        2.5174895152747108       0.12453825663114865       0.18927659943758843       0.48336155003102349        2.7071348248204385     
   1.3049999999999942       0.29052922119522329        2.5019568190840751       0.12562625901426283       0.19012727345704000       0.51973584771141457        2.8837409960129805     
   1.3099999999999941       0.29118326929852656        2.4824180974596013       0.12669528398130739       0.19083944196222022       0.55846901218574496        3.0680910834815758     
   1.3149999999999940       0.29132046357202529        2.4590100298481743       0.12774478960244129       0.19140973613891354       0.59968882239196664        3.2601739474468197     
   1.3199999999999938       0.29094210474249033        2.4318905179513011       0.12877423303055213       0.19183500767196543       0.64350109121306986        3.4598401748830354     
   1.3249999999999937       0.29005266500297916        2.4012372003359350       0.12978307117279561       0.19211234832948712       0.69026162681823200        3.6686029525128920     
   1.3299999999999936       0.28865978244969193        2.3672458138216501       0.13077076141456720       0.19223910990318191       0.73969780676621066        3.8833069584403961     
   1.3349999999999935       0.28677422286836923        2.3301284168553886       0.13173676239924179       0.19221292444957150       0.79240717524264048        4.1072480387050794     
   1.3399999999999934       0.28440980834731716        2.2901114902586155       0.13268053486724557       0.19203172477114619       0.84837994735909439        4.3390885223973070     
   1.3449999999999933       0.28158331262581315        2.2474339311655607       0.13360154255823750       0.19169376507053681       0.90783525527126119        4.5790837222844516     
   1.3499999999999932       0.27831432354715219        2.2023449566656708       0.13449925318044048       0.19119764170475056       0.97099931721112820        4.8275112296774836     
   1.3549999999999931       0.27462507346885739        2.1551019345893856       0.13537313945141471       0.19054231396033902        1.0379456576289539        5.0837143239248412     
   1.3599999999999930       0.27054023898144891        2.1059681599815487       0.13622268021485542       0.18972712476411877        1.1091639052279083        5.3492653834173574     
   1.3649999999999929       0.26608671179332083        2.0552105970210235       0.13704736163829515       0.18875182123777756        1.1843152712196985        5.6209857667791248     
   1.3699999999999928       0.26129334314327418        2.0030976073856723       0.13784667849692628       0.18761657499841314        1.2641345753290496        5.9017631863595552     
   1.3749999999999927       0.25619066459383238        1.9498966872397607       0.13862013554908928       0.18632200210081434        1.3485890432018606        6.1901560714992314     
   1.3799999999999926       0.25081058852658628        1.8958722360448945       0.13936724900937733       0.18486918251116774        1.4380783118806102        6.4868337288016749     
   1.3849999999999925       0.24518609209395414        1.8412833811779257       0.14008754812568217       0.18325967899589671        1.5327546945736101        6.7915087060484227     
   1.3899999999999924       0.23935088876823549        1.7863818827984019       0.14078057686695933       0.18149555530360695        1.6328350724025056        7.1035767701500312     
   1.3949999999999922       0.23333909195704935        1.7314101434729303       0.14144589572895155       0.17957939351266211        1.7387465651655769        7.4235144320869182     
   1.3999999999999921       0.22718487541309465        1.6765993466758555       0.14208308366561567       0.17751431041185312        1.8506859975930736        7.7514359073950470     
   1.4049999999999920       0.22092213534537750        1.6221677474021017       0.14269174015453517       0.17530397277701301        1.9690747327436284        8.0870140412546281     
   1.4099999999999919       0.21458415922956903        1.5683191367220781       0.14327148740519496       0.17295261140237334        2.0935061327848175        8.4256250946371178     
   1.4149999999999918       0.20820330630962805        1.5152415001725263       0.14382197271961858       0.17046503374204661        2.2260552313979742        8.7793490005967723     
   1.4199999999999917       0.20181070467576728        1.4631058874207004       0.14434287101555657       0.16784663501435088        2.3655034521150484        9.1362074172292651     
   1.4249999999999916       0.19543596959229503        1.4120655076920454       0.14483388752314483       0.16510340761988754        2.5129561061283350        9.5011415692702172     
   1.4299999999999915       0.18910694743232051        1.3622550620601404       0.14529476066676064       0.16224194872344067        2.6686642697003213        9.8728936746992062     
   1.4349999999999914       0.18284948915731047        1.3137903199272893       0.14572526514465348       0.15926946585001328        2.8332301575873484        10.251947280614754     
   1.4399999999999913       0.17668725676345676        1.2667679429542149       0.14612521521987648       0.15619378034677542        3.0071085051299145        10.637868785200956     
   1.4449999999999912       0.17064156551244844        1.2212655554225209       0.14649446823704793       0.15302332856549269        3.1911607945041958        11.032963564531149     
   1.4499999999999911       0.16473126408308145        1.1773420556376404       0.14683292838057732       0.14976716062426340        3.3848081206601912        11.431286131819627     
   1.4549999999999910       0.15897265403686442        1.1350381586166032       0.14714055069118198       0.14643493661325249        3.5900027673012302        11.838562706843588     
   1.4599999999999909       0.15337944920247043        1.0943771560705009       0.14741734535882126       0.14303692011669311        3.8069759794794078        12.252856596036466     
   1.4649999999999908       0.14796277477001865        1.0553658757041908       0.14766338231158205       0.13958396893286668        4.0361563039380055        12.674978738321327     
   1.4699999999999906       0.14273120506784509        1.0179958182299795       0.14787879612158691       0.13608752288520043        4.2785580054823447        13.104621454743693     
   1.4749999999999905       0.13769083819384700       0.98224444733478145       0.14806379125067279       0.13255958863114398        4.5348032750233411        13.541761155751743     
   1.4799999999999904       0.13284540491329727       0.94807660524744763       0.14821864766040485       0.12901272139123438        4.8055056147988084        13.984945625073545     
   1.4849999999999903       0.12819640853740105       0.91544602460507452       0.14834372681299049       0.12546000353882342        5.0919398066949420        14.436726994599349     
   1.4899999999999902       0.12374329188284688       0.88429690607643141       0.14843947809182270       0.12191502001141248        5.3938210605007262        14.893672678515550     
   1.4949999999999901       0.11948362690117097       0.85456553070793373       0.14850644567277202       0.11839183052750413        5.7151226573275453        15.362456504879411     
   1.4999999999999900       0.11541332217405263       0.82618187623013217       0.14854527587993036       0.11490493861837246        6.0523173023157195        15.837429080302506     
   1.5049999999999899       0.11152684320933896       0.79907120759341566       0.14855672506238213       0.11146925751222844        6.4095747018033125        16.320194040557990     
   1.5099999999999898       0.10781744035108147       0.77315561375767916       0.14854166803168148       0.10810007293889662        6.7867959172485692        16.810320454695361     
   1.5149999999999897       0.10427737913896871       0.74835546518563822       0.14850110710315614       0.10481300295631506        7.1850541443418932        17.308276358995666     
   1.5199999999999896       0.10089816811708791       0.72459076950314250       0.14843618178792434       0.10162395493585223        7.6058701135919895        17.814944875383894     
   1.5249999999999895        9.7670779392714041E-002  0.70178240629266164       0.14834817918664994        9.8549079881501939E-002   8.0500583427497663        18.329256886712610     
   1.5299999999999894        9.4585857671608375E-002  0.67985322586140762       0.14823854514062415        9.5604724298331389E-002   8.5188611062672148        18.851410895583061     
   1.5349999999999893        9.1633914031303165E-002  0.65872900094474895       0.14810889620079681        9.2807379867915832E-002   9.0129875234185501        19.378839369783002     
   1.5399999999999892        8.8805501318157676E-002  0.63833922453268943       0.14796103248090747        9.0173631232665377E-002   9.5360075121321302        19.919840821679305     
   1.5449999999999890        8.6091368744412838E-002  0.61861775120451257       0.14779695146701599        8.7720102236615680E-002   10.086769173986625        20.465583768581148     
   1.5499999999999889        8.3482593992494067E-002  0.59950328339029424       0.14761886286248954        8.5463401017076890E-002   10.667995827365949        21.019539787509103     
   1.5549999999999888        8.0970691878587311E-002  0.58093970772312964       0.14742920455500055        8.3420064389069612E-002   11.281038745462762        21.580701853443671     
   1.5599999999999887        7.8547699359104356E-002  0.56287628999220474       0.14723065980041841        8.1606502012256596E-002   11.928284191950317        22.150255041171231     
   1.5649999999999886        7.6206237356202619E-002  0.54526774006262357       0.14702617572767709        8.0038940877538073E-002   12.611682729329736        22.728007780929108     
   1.5699999999999885        7.3939550508424060E-002  0.52807416042386068       0.14681898327896767        7.8733370697007754E-002   13.332346553782967        23.312372992540112     
   1.5749999999999884        7.1741526499485106E-002  0.51126089372030181       0.14661261871099063        7.7705490825890358E-002   14.093524051274674        23.904750635729986     
   1.5799999999999883        6.9606697066177989E-002  0.49479828568607598       0.14641094679570929        7.6970659387653351E-002   14.897331638454078        24.504112825700304     
   1.5849999999999882        6.7530223124065161E-002  0.47866138035963612       0.14621818587319638        7.6543845312924658E-002   15.747451387232207        25.112417622337070     
   1.5899999999999881        6.5507866671265166E-002  0.46282956432355254       0.14603893492499953        7.6439584038313815E-002   16.644607246418293        25.726227520122002     
   1.5949999999999880        6.3535952235739532E-002  0.44728617605572041       0.14587820285412267        7.6671937641863211E-002   17.594016367827876        26.347636767848723     
   1.5999999999999879        6.1611320624929182E-002  0.43201809536227304       0.14574144017754687        7.7254460216762355E-002   18.598739105187533        26.976915363319208     
   1.6049999999999878        5.9731277628079261E-002  0.41701532637649080       0.14563457335942170        7.8200169303258252E-002   19.661898034541846        27.611487351683390     
   1.6099999999999877        5.7893540124895809E-002  0.40227058584722764       0.14556404203803422        7.9521524209532971E-002   20.788606838388237        28.254984161050327     
   1.6149999999999876        5.6096181786313246E-002  0.38777890650407010       0.14553683942772302        8.1230412054880491E-002   21.982436413610269        28.904461417119684     
   1.6199999999999875        5.4337580233146825E-002  0.37353726327199971       0.14556055620855607        8.3338142362081674E-002   23.249045365659502        29.561333915701283     
   1.6249999999999873        5.2616367166271161E-002  0.35954422810707864       0.14564342825228518        8.5855451009837325E-002   24.593613615144857        30.224193839728560     
   1.6299999999999872        5.0931382617428175E-002  0.34579965731716705       0.14579438857345450        8.8792514330036890E-002   26.021615139532333        30.892897740757981     
   1.6349999999999871        4.9281634111212065E-002  0.33230441348496986       0.14602312394022798        9.2158974098283178E-002   27.541150916571123        31.569485545349984     
   1.6399999999999870        4.7666261192329570E-002  0.31906012257576355       0.14634013663134071        9.5963974119484693E-002   29.157962154085784        32.252092797019316     
   1.6449999999999869        4.6084505470953920E-002  0.30606896552311158       0.14675681188446899       0.10021620905383523        30.881776235266308        32.942435597664975     
   1.6499999999999868        4.4535686082482519E-002  0.29333350255990465       0.14728549164835311       0.10492398606284695        32.719723241472472        33.637515299825466     
   1.6549999999999867        4.3019180252126553E-002  0.28085652780067305       0.14793955532747977       0.11009529978148024        34.679951020991254        34.338530866775486     
   1.6599999999999866        4.1534408501716767E-002  0.26864095107195796       0.14873350829549517       0.11573792104254882        36.770928556393265        35.041535569231861     
   1.6649999999999865        4.0080823934769576E-002  0.25668970370720345       0.14968307905358252       0.12185949969573663        39.020167036747317        35.763041670594603     
   1.6699999999999864        3.8657904982221380E-002  0.24500566493957118       0.15080532602481725       0.12846768177877307        41.420718415797289        36.487011746829090     
   1.6749999999999863        3.7265150979151056E-002  0.23359160560384037       0.15211875510752312       0.13557024121624550        43.995743360392538        37.215216112073215     
   1.6799999999999862        3.5902079964643341E-002  0.22245014605879970       0.15364344926274795       0.14317522614674899        46.761144611444919        37.950365622714948     
   1.6849999999999861        3.4568228144365526E-002  0.21158372552669102       0.15540121158667561       0.15129111991701610        49.733908845131708        38.691913776096833     
   1.6899999999999860        3.3263150520138646E-002  0.20099458038200793       0.15741572352217387       0.15992701673869705        52.934766315655928        39.439835755876267     
   1.6949999999999859        3.1986422265001251E-002  0.19068472927833086       0.15971272009972398       0.16909281198703938        56.384489725013140        40.194568802110901     
   1.6999999999999857        3.0737640499332815E-002  0.18065596335499082       0.16232018437260257       0.17879940713931591        60.108839170475797        40.955518398063660     
   1.7049999999999856        2.9516426198125643E-002  0.17090984009701204       0.16526856353152983       0.18905892941419369        64.135257230136702        41.722946886782438     
   1.7099999999999855        2.8322426027577494E-002  0.16144767971996699       0.16859100955868300       0.19988496629220098        68.498111354989348        42.499079746490523     
   1.7149999999999854        2.7155313968337425E-002  0.15227056320916607       0.17232364772044326       0.21129281528433583        73.231992199424056        43.283707973305290     
   1.7199999999999853        2.6014792631809114E-002  0.14337933135779951       0.17650587671519602       0.22329974958429744        78.367371945399228        44.068562917511620     
   1.7249999999999852        2.4900594214780265E-002  0.13477458432222283       0.18118070490244184       0.23592530060521025        83.960300423347078        44.862876592401769     
   1.7299999999999851        2.3812481067011847E-002  0.12645668134818333       0.18639512776135925       0.24919155888117198        90.056466450093708        45.661563142516052     
   1.7349999999999850        2.2750245867488368E-002  0.11842574042429969       0.19220055258415311       0.26312349542697883        96.717641074556127        46.469780529425208     
   1.7399999999999849        2.1713711419299380E-002  0.11068163769423091       0.19865327743079311       0.27774930641818862        104.00775301242030        47.282406061289144     
   1.7449999999999848        2.0702730082113138E-002  0.10322400651220912       0.20581503259284870       0.29310078500410613        112.00068654744794        48.099475410384933     
   1.7499999999999847        1.9717182866354911E-002   9.6052236063183694E-002  0.21375359427947749       0.30921372522899332        120.78566382693087        48.920623252525168     
   1.7549999999999846        1.8756978215755102E-002   8.9165469493165436E-002  0.22254348200389515       0.32612836444889626        130.45963282296680        49.745527176459262     
   1.7599999999999845        1.7822050505857702E-002   8.2562601511073877E-002  0.23226675328367063       0.34388987233893797        141.13634323574604        50.575307965203294     
   1.7649999999999844        1.6912358286141443E-002   7.6242275433396817E-002  0.24301391186128188       0.36254889664697965        152.95953693445168        51.406261695429635     
   1.7699999999999843        1.6027882293122218E-002   7.0202879649357314E-002  0.25488494881455293       0.38216217833933919        166.06972917094870        52.239074731403448     
   1.7749999999999841        1.5168623261529632E-002   6.4442543488606632E-002  0.26799053980290305       0.40279325180143327        180.65064324916915        53.069663920958817     
   1.7799999999999840        1.4334599560641880E-002   5.8959132476883100E-002  0.28245342646833382       0.42451324943193425        196.91280800353778        53.899975166081290     
   1.7849999999999839        1.3525844683283514E-002   5.3750242968347496E-002  0.29841001591677452       0.44740183447958326        215.09781875017964        54.723560227813920     
   1.7899999999999838        1.2742404616017266E-002   4.8813196147076451E-002  0.31601223955361962       0.47154829155601419        235.50133839605448        55.544646934254573     
   1.7949999999999837        1.1984335120885684E-002   4.4145031394979217E-002  0.33542972173962377       0.49705281124166822        258.46115777515359        56.354604344032730     
   1.7999999999999836        1.1251698961962098E-002   3.9742499029727818E-002  0.35685232029946429       0.52402801403210375        284.37706963344357        57.150224497142297     
   1.8049999999999835        1.0544563114356044E-002   3.5602052424751271E-002  0.38049311555764664       0.55260077016579745        313.73791589116303        57.929011419784253     
   1.8099999999999834        9.8629959998066865E-003   3.1719839534697647E-002  0.40659194323273146       0.58291438648852179        347.11511317338301        58.685071940749054     
   1.8149999999999833        9.2070648025212552E-003   2.8091693864996586E-002  0.43541959045321654       0.61513125064135810        385.20662114577817        59.411783347874596     
   1.8199999999999832        8.5768329329006746E-003   2.4713124944659322E-002  0.46728280507888481       0.64943604819736944        428.84901508592782        60.099425192641107     
   1.8249999999999831        7.9723577274731384E-003   2.1579308389131250E-002  0.50253030876228577       0.68603970231686473        479.05148395673746        60.750398981256090     
   1.8299999999999830        7.3936885042326841E-003   1.8685075677665926E-002  0.54156005699901599       0.72518423149509936        536.98031759956280        61.324404605497790     
   1.8349999999999829        6.8408651393401191E-003   1.6024903821407366E-002  0.58482805929478054       0.76714878406269615        604.26212459763713        61.824941108794285     
   1.8399999999999828        6.3139174031539517E-003   1.3592905170323888E-002  0.63285916585147317       0.81225719567951715        682.64844794370299        62.231593965651065     
   1.8449999999999827        5.8128654067047970E-003   1.1382817708939001E-002  0.68626035282780018       0.86088753923818440        774.47115806190823        62.512279721269088     
   1.8499999999999825        5.3377216916772130E-003   9.3879963378048353E-003  0.74573720913804786       0.91348431227049487        882.60214437274237        62.640414186425339     
   1.8549999999999824        4.8884957974693818E-003   7.6014058552820582E-003  0.81211456254429981       0.97057416134899643        1010.6983129981577        62.581400283487525     
   1.8599999999999823        4.4652026506088807E-003   6.0156166860664282E-003  0.88636250866701161        1.0327864175762249        1163.4352331971813        62.303904997922054     
   1.8649999999999822        4.0678770242207210E-003   4.6228049269944243E-003  0.96962956349054086        1.1008802791082897        1346.9508089802264        61.786924787791030     
   1.8699999999999821        3.6965979723268751E-003   3.4147591426339032E-003   1.0632853071326536        1.1757813367614700        1568.3473008154406        61.017001302198082     
   1.8749999999999820        3.3515303330965431E-003   2.3828978290090421E-003   1.1689758116117086        1.2586314856924001        1835.2442593225785        59.988006178729542     
   1.8799999999999819        3.0329968830102496E-003   1.5183041678890343E-003   1.2886964764854212        1.3508584297924171        2151.5295018989896        58.672635523588092     
   1.8849999999999818        2.7416088251364834E-003   8.1178993589584253E-004   1.4248888167114100        1.4542745617666437        2511.4156950901747        56.941850434288327     
   1.8899999999999817        2.4785155231098243E-003   2.5401138167234152E-004   1.5805704992998408        1.5712211076643481        2915.9203600903916        54.553799989911120     
   1.8949999999999816        2.2459210353938919E-003  -1.6431507393745290E-004   1.7595117639614994        1.7047842413081489        3453.2789112751029        51.005684368024781     
   1.8999999999999815        2.0482726664575015E-003  -4.5198523169740965E-004   1.9664763066856794        1.8591298705734434        4288.1137394992020        44.715284181528922     
   1.9049999999999814        1.8954438238045388E-003  -6.1636357102869512E-004   2.2075495581300886        2.0400426500391995        4402.3371312932304        31.931944158997837     
   1.9099999999999813        1.8134947926457005E-003  -6.6090410010399836E-004   2.4905759990053458        2.2558348455371453        2210.5207176902172        18.596431884494688     
   1.9149999999999812        1.9000827319227464E-003  -5.7625524890158361E-004   2.8256949848877864        2.5189678436968577        5445.1246273222569        16.790256802905386     
   1.9199999999999811        3.4156217713631784E-003  -2.6576454400462443E-004   3.2258018902308718        2.8491569957949903        5.5525901233943426E-014   1.8592788018710448E-017
