   0.0000000000000000        0.0000000000000000        0.0000000000000000        0.0000000000000000        0.0000000000000000        0.0000000000000000        0.0000000000000000     
   1.0000000000000000E-003   0.0000000000000000        0.0000000000000000        0.0000000000000000        0.0000000000000000        0.0000000000000000        0.0000000000000000     
   2.0000000000000000E-003   0.0000000000000000        0.0000000000000000        0.0000000000000000        0.0000000000000000        0.0000000000000000        0.0000000000000000     
   3.0000000000000001E-003   0.0000000000000000        0.0000000000000000        0.0000000000000000        0.0000000000000000        0.0000000000000000        0.0000000000000000     
   4.0000000000000001E-003   0.0000000000000000        0.0000000000000000        0.0000000000000000        0.0000000000000000        0.0000000000000000        0.0000000000000000     
   5.0000000000000001E-003   0.0000000000000000        0.0000000000000000        0.0000000000000000        0.0000000000000000        0.0000000000000000        0.0000000000000000     
   6.0000000000000001E-003   0.0000000000000000        0.0000000000000000        0.0000000000000000        0.0000000000000000        0.0000000000000000        0.0000000000000000     
   7.0000000000000001E-003   0.0000000000000000        0.0000000000000000        0.0000000000000000        0.0000000000000000        0.0000000000000000        0.0000000000000000     
   8.0000000000000002E-003   0.0000000000000000        0.0000000000000000        0.0000000000000000        0.0000000000000000        0.0000000000000000        0.0000000000000000     
   9.0000000000000011E-003   0.0000000000000000        0.0000000000000000        0.0000000000000000        0.0000000000000000        0.0000000000000000        0.0000000000000000     
   1.0000000000000002E-002   0.0000000000000000        0.0000000000000000        0.0000000000000000        0.0000000000000000        0.0000000000000000        0.0000000000000000     
   1.1000000000000003E-002   0.0000000000000000        0.0000000000000000        0.0000000000000000        0.0000000000000000        0.0000000000000000        0.0000000000000000     
   1.2000000000000004E-002   0.0000000000000000        0.0000000000000000        0.0000000000000000        0.0000000000000000        0.0000000000000000        0.0000000000000000     
   1.3000000000000005E-002   6.9678369780589777E-002  0.12847404740412524        0.0000000000000000        0.0000000000000000        0.0000000000000000        0.0000000000000000     
   1.4000000000000005E-002  0.67419181357999158        1.2432220369400455        0.0000000000000000        0.0000000000000000        0.0000000000000000        0.0000000000000000     
   1.5000000000000006E-002   1.5006216853743304        2.3587230574833651        0.0000000000000000        0.0000000000000000        0.0000000000000000        0.0000000000000000     
   1.6000000000000007E-002   2.4935513412105297        3.4748294459842222        0.0000000000000000        0.0000000000000000        0.0000000000000000        0.0000000000000000     
   1.7000000000000008E-002   3.4867482288918965        4.5913900377655290        0.0000000000000000        0.0000000000000000        0.0000000000000000        0.0000000000000000     
   1.8000000000000009E-002   4.4799228129350972        5.7082479812953419        0.0000000000000000        0.0000000000000000        0.0000000000000000        0.0000000000000000     
   1.9000000000000010E-002   5.4727860547689886        6.8252386056922258        0.0000000000000000        0.0000000000000000        0.0000000000000000        0.0000000000000000     
   2.0000000000000011E-002   6.4650490699887522        7.9421873582262599        0.0000000000000000        0.0000000000000000        0.0000000000000000        0.0000000000000000     
   2.1000000000000012E-002   7.4564227761492097        9.0589078285299536        0.0000000000000000        0.0000000000000000        0.0000000000000000        0.0000000000000000     
   2.2000000000000013E-002   8.4466175326822217        10.175199875572636        0.0000000000000000        0.0000000000000000        0.0000000000000000        0.0000000000000000     
   2.3000000000000013E-002   9.4353427748152683        11.290847872685070        0.0000000000000000        0.0000000000000000        0.0000000000000000        0.0000000000000000     
   2.4000000000000014E-002   10.422306643670812        12.405619085045593        0.0000000000000000        0.0000000000000000        0.0000000000000000        0.0000000000000000     
   2.5000000000000015E-002   11.407215615036883        13.519262193063771        0.0000000000000000        0.0000000000000000        0.0000000000000000        0.0000000000000000     
   2.6000000000000016E-002   12.389774129605021        14.631505974018337        0.0000000000000000        0.0000000000000000        0.0000000000000000        0.0000000000000000     
   2.7000000000000017E-002   13.369684227770938        15.742058153135110        0.0000000000000000        0.0000000000000000        0.0000000000000000        0.0000000000000000     
   2.8000000000000018E-002   14.346645192372373        16.850604434026657        0.0000000000000000        0.0000000000000000        0.0000000000000000        0.0000000000000000     
   2.9000000000000019E-002   15.320353202994182        17.956807717067022        0.0000000000000000        0.0000000000000000        0.0000000000000000        0.0000000000000000     
   3.0000000000000020E-002   16.290501005692558        19.060307512849224        0.0000000000000000        0.0000000000000000        0.0000000000000000        0.0000000000000000     
   3.1000000000000021E-002   17.256777602173642        20.160719556378435        0.0000000000000000        0.0000000000000000        0.0000000000000000        0.0000000000000000     
   3.2000000000000021E-002   18.218867962597159        21.257635626097258        0.0000000000000000        0.0000000000000000        0.0000000000000000        0.0000000000000000     
   3.3000000000000022E-002   19.176452766261374        22.350623570236237        0.0000000000000000        0.0000000000000000        0.0000000000000000        0.0000000000000000     
   3.4000000000000023E-002   20.129208174452398        23.439227541339616        0.0000000000000000        0.0000000000000000        0.0000000000000000        0.0000000000000000     
   3.5000000000000024E-002   21.076805639708365        24.522968438151043        0.0000000000000000        0.0000000000000000        0.0000000000000000        0.0000000000000000     
   3.6000000000000025E-002   22.018911755652198        25.601344552367038        0.0000000000000000        0.0000000000000000        0.0000000000000000        0.0000000000000000     
   3.7000000000000026E-002   22.967090231015561        26.697235547131932        0.0000000000000000        0.0000000000000000        0.0000000000000000        0.0000000000000000     
   3.8000000000000027E-002   24.239381455835343        28.292694665504822        0.0000000000000000        0.0000000000000000        0.0000000000000000        0.0000000000000000     
   3.9000000000000028E-002   25.649073401335109        29.880697741086820        0.0000000000000000        0.0000000000000000        0.0000000000000000        0.0000000000000000     
   4.0000000000000029E-002   27.051675468093908        31.460234162501571        0.0000000000000000        0.0000000000000000        0.0000000000000000        0.0000000000000000     
   4.1000000000000029E-002   28.446456976618197        33.030284288830359        0.0000000000000000        0.0000000000000000        0.0000000000000000        0.0000000000000000     
   4.2000000000000030E-002   29.832689915788723        34.589823270459803        0.0000000000000000        0.0000000000000000        0.0000000000000000        0.0000000000000000     
   4.3000000000000031E-002   31.209650978032883        36.137824879429161        0.0000000000000000        0.0000000000000000        0.0000000000000000        0.0000000000000000     
   4.4000000000000032E-002   32.576623524274261        37.673265307728819        0.0000000000000000        0.0000000000000000        0.0000000000000000        0.0000000000000000     
   4.5000000000000033E-002   33.932899456504245        39.195126894686823        0.0000000000000000        0.0000000000000000        0.0000000000000000        0.0000000000000000     
   4.6000000000000034E-002   35.277780978776477        40.702401747895912        0.0000000000000000        0.0000000000000000        0.0000000000000000        0.0000000000000000     
   4.7000000000000035E-002   36.610582230728852        42.194095225957014        0.0000000000000000        0.0000000000000000        0.0000000000000000        0.0000000000000000     
   4.8000000000000036E-002   37.930630781266707        43.669229255506146        0.0000000000000000        0.0000000000000000        0.0000000000000000        0.0000000000000000     
   4.9000000000000037E-002   39.237268973682895        45.126845459415108        0.0000000000000000        0.0000000000000000        0.0000000000000000        0.0000000000000000     
   5.0000000000000037E-002   40.529855117112149        46.566008077566885        0.0000000000000000        0.0000000000000000        0.0000000000000000        0.0000000000000000     
   5.1000000000000038E-002   41.807764522721506        47.985806666084912        0.0000000000000000        0.0000000000000000        0.0000000000000000        0.0000000000000000     
   5.2000000000000039E-002   43.070390386308929        49.385358565211952        0.0000000000000000        0.0000000000000000        0.0000000000000000        0.0000000000000000     
   5.3000000000000040E-002   44.317144521946986        50.763811130099370        0.0000000000000000        0.0000000000000000        0.0000000000000000        0.0000000000000000     
   5.4000000000000041E-002   45.547457953884816        52.120343722488009        0.0000000000000000        1.0925383810003951E-002   0.0000000000000000        0.0000000000000000     
   5.5000000000000042E-002   46.760781376073666        53.454169464585412        0.0000000000000000        2.2918366012812021E-002   0.0000000000000000        0.0000000000000000     
   5.6000000000000043E-002   47.956585490366564        54.764536759319412        0.0000000000000000        3.4968358207701306E-002   0.0000000000000000        0.0000000000000000     
   5.7000000000000044E-002   49.134361235661878        56.050730583565006        1.1647126971742769E-004   4.7076100683136515E-002   0.0000000000000000        0.0000000000000000     
   5.8000000000000045E-002   50.293619921010496        57.312073562885615        2.7615323191838327E-004   5.9242344165822372E-002   0.0000000000000000        0.0000000000000000     
   5.9000000000000045E-002   51.433893276021244        58.547926837827596        4.3879426920074161E-004   7.1467849873710201E-002   0.0000000000000000        0.0000000000000000     
   6.0000000000000046E-002   52.554733431804721        59.757690732875133        6.0435778458589433E-004   8.3753389565200356E-002   0.0000000000000000        0.0000000000000000     
   6.1000000000000047E-002   53.655712845248807        60.940805239859593        7.7280687566899577E-004   9.6099745587512386E-002   0.0000000000000000        0.0000000000000000     
   6.2000000000000048E-002   54.736424178667889        62.096750327963100        9.4410434320893325E-004  0.10850771092248837        0.0000000000000000        0.0000000000000000     
   6.3000000000000042E-002   55.796480145874789        63.225046092514681        1.1182127001526060E-003  0.12097808922925600        0.0000000000000000        0.0000000000000000     
   6.4000000000000043E-002   56.835513334548352        64.325252754602346        1.2950941803736122E-003  0.13351169488621475        0.0000000000000000        0.0000000000000000     
   6.5000000000000044E-002   57.853176013473650        65.396970523166530        1.4747107476164691E-003  0.14610935302878958        0.0000000000000000        0.0000000000000000     
   6.6000000000000045E-002   58.849139931864698        66.439839330748711        1.6570241043810867E-003  0.15877189958577109        0.0000000000000000        0.0000000000000000     
   6.7000000000000046E-002   59.823096116605768        67.453538453494275        1.8419957008735392E-003  0.17150018131231876        0.0000000000000000        0.0000000000000000     
   6.8000000000000047E-002   60.774754671895863        68.437786025381001        2.0295867439376718E-003  0.18429505582063768        0.0000000000000000        0.0000000000000000     
   6.9000000000000047E-002   61.703844584505283        69.392338456006627        2.2197582060163186E-003  0.19715739160701617        0.0000000000000000        0.0000000000000000     
   7.0000000000000048E-002   62.610113536672600        70.316989760642770        2.4124708341257471E-003  0.21008806807703082        0.0000000000000000        0.0000000000000000     
   7.1000000000000049E-002   63.493327727614535        71.211570810669770        2.6076851587395222E-003  0.22308797556634039        0.0000000000000000        0.0000000000000000     
   7.2000000000000050E-002   64.353271703701893        72.075948511960434        2.8053615029061205E-003  0.23615801535866343        0.0000000000000000        0.0000000000000000     
   7.3000000000000051E-002   65.189748196581931        72.910024918293033        3.0054599910196858E-003  0.24929909970132469        0.0000000000000000        0.0000000000000000     
   7.4000000000000052E-002   66.002577967906348        73.713736286443932        3.2079405580423609E-003  0.26251215181562865        0.0000000000000000        0.0000000000000000     
   7.5000000000000053E-002   66.791599658844973        74.487052079240428        3.4127629581975636E-003  0.27579810590518256        0.0000000000000000        0.0000000000000000     
   7.6000000000000054E-002   67.556669642231526        75.229973922543806        3.6198867740818864E-003  0.28915790715907791        0.0000000000000000        0.0000000000000000     
   7.7000000000000055E-002   68.297661874976811        75.942534521865454        3.8292714255325762E-003  0.30259251175213753        0.0000000000000000        0.0000000000000000     
   7.8000000000000055E-002   69.014467748297349        76.624796544105877        4.0408761786829926E-003  0.31610288684175014        0.0000000000000000        0.0000000000000000     
   7.9000000000000056E-002   69.706995933314076        77.276851469714700        4.2546601546185536E-003  0.32969001055832803        0.0000000000000000        0.0000000000000000     
   8.0000000000000057E-002   70.375172219674354        77.898818420415324        4.4705823385242458E-003  0.34335487199354897        0.0000000000000000        0.0000000000000000     
   8.1000000000000058E-002   71.018939345017927        78.490842967494331        4.6886015883807024E-003  0.35709847118389704        0.0000000000000000        0.0000000000000000     
   8.2000000000000059E-002   71.638256813326592        79.053095925521220        4.9086766439167149E-003  0.37092181908793642        0.0000000000000000        0.0000000000000000     
   8.3000000000000060E-002   72.233100700462543        79.585772136236145        5.1307661353012322E-003  0.38482593756189526        0.0000000000000000        0.0000000000000000     
   8.4000000000000061E-002   72.803463445487523        80.089089247205052        5.3548285920148658E-003  0.39881185932693486        0.0000000000000000        0.0000000000000000     
   8.5000000000000062E-002   73.349353626657916        80.563286489699806        5.5808224515745122E-003  0.41288062793402852        0.0000000000000000        0.0000000000000000     
   8.6000000000000063E-002   73.870795721299956        81.008623460103422        5.8087060682971911E-003  0.42703329772218274        0.0000000000000000        0.0000000000000000     
   8.7000000000000063E-002   74.367829849068286        81.425378908964731        6.0384377218580480E-003  0.44127093377234416        0.0000000000000000        0.0000000000000000     
   8.8000000000000064E-002   74.840511498384160        81.813849541643677        6.2699756260119182E-003  0.45559461185412631        0.0000000000000000        0.0000000000000000     
   8.9000000000000065E-002   75.288911236116419        82.174348834275008        6.5032779372301702E-003  0.47000541836944121        0.0000000000000000        0.0000000000000000     
   9.0000000000000066E-002   75.713114400819123        82.507205868559609        6.7383027631953817E-003  0.48450445028744887        0.0000000000000000        0.0000000000000000     
   9.1000000000000067E-002   76.113220780058853        82.812764188649695        6.9750081713056420E-003  0.49909281507551895        0.0000000000000000        0.0000000000000000     
   9.2000000000000068E-002   76.489344272560032        83.091380683143854        7.2133521971745156E-003  0.51377163062268683        0.0000000000000000        0.0000000000000000     
   9.3000000000000069E-002   76.841612536059415        83.343424494941488        7.4532928530409567E-003  0.52854202515805393        0.0000000000000000        0.0000000000000000     
   9.4000000000000070E-002   77.170166621897963        83.569275961432709        7.6947881360529781E-003  0.54340513716079675        0.0000000000000000        0.0000000000000000     
   9.5000000000000070E-002   77.475160597485427        83.769325587221388        7.9377960367269101E-003  0.55836211526580226        0.0000000000000000        0.0000000000000000     
   9.6000000000000071E-002   77.756761157853120        83.943973051294037        8.1822745470713342E-003  0.57341411815907384        0.0000000000000000        0.0000000000000000     
   9.7000000000000072E-002   78.015147227567923        84.093626250265260        8.4281816688170016E-003  0.58856231446954688        0.0000000000000000        0.0000000000000000     
   9.8000000000000073E-002   78.250509554312586        84.218700379049807        8.6754754216443030E-003  0.60380788265074570        0.0000000000000000        0.0000000000000000     
   9.9000000000000074E-002   78.463050295450543        84.319617050034722        8.9241138510911585E-003  0.61915201085715277        0.0000000000000000        0.0000000000000000     
  0.10000000000000007        78.652982598888485        84.396803451558199        9.1740550368093199E-003  0.63459589681055117        0.0000000000000000        0.0000000000000000     
  0.10100000000000008        78.820530179528603        84.450691546242538        9.4252571002673563E-003  0.65014074765976837        0.0000000000000000        0.0000000000000000     
  0.10200000000000008        78.965926892568447        84.481717309482121        9.6776782128929692E-003  0.66578777983271342        0.0000000000000000        0.0000000000000000     
  0.10300000000000008        79.089416304861970        84.490320008155948        9.9312766037117500E-003  0.68153821887842858        0.0000000000000000        0.0000000000000000     
  0.10400000000000008        79.191251265499574        84.476941519412833        1.0186010567284494E-002  0.69739329930183325        0.0000000000000000        0.0000000000000000     
  0.10500000000000008        79.271693476706801        84.442025689177086        1.0441838471253415E-002  0.71335426438955152        0.0000000000000000        0.0000000000000000     
  0.10600000000000008        79.331013066093377        84.386017729835501        1.0698718764090521E-002  0.72942236602550647        0.0000000000000000        0.0000000000000000     
  0.10700000000000008        79.369488161215699        84.309363656395959        1.0956609982689202E-002  0.74559886449892687        0.0000000000000000        0.0000000000000000     
  0.10800000000000008        79.387404467345490        84.212509760258556        1.1215470759722825E-002  0.76188502830198690        0.0000000000000000        0.0000000000000000     
  0.10900000000000008        79.385054849262701        84.095902119602187        1.1475259831300127E-002  0.77828213391722800        0.0000000000000000        0.0000000000000000     
  0.11000000000000008        79.362738917821460        83.959986145274570        1.1735936044102495E-002  0.79479146559614633        0.0000000000000000        0.0000000000000000     
  0.11100000000000008        79.320762621964704        83.805206160970542        1.1997458362887251E-002  0.81141431512720452        0.0000000000000000        0.0000000000000000     
  0.11200000000000009        79.259437846793617        83.632005016399759        1.2259785877561756E-002  0.82815198159227088        0.0000000000000000        0.0000000000000000     
  0.11300000000000009        79.179082018232762        83.440823732075202        1.2522877810503756E-002  0.84500577111508202        0.0000000000000000        0.0000000000000000     
  0.11400000000000009        79.080017714764651        83.232101174299217        1.2786693523486405E-002  0.86197699659515525        0.0000000000000000        0.0000000000000000     
  0.11500000000000009        78.962572286647600        83.006273758883509        1.3051192524827351E-002  0.87906697743410556        0.0000000000000000        0.0000000000000000     
  0.11600000000000009        78.827077482971703        82.763775182111090        1.3316334476354642E-002  0.89627703924854707        0.0000000000000000        0.0000000000000000     
  0.11700000000000009        78.673869086853060        82.505036177434206        1.3582079200182916E-002  0.91360851357074147        0.0000000000000000        0.0000000000000000     
  0.11800000000000009        78.503286559014555        82.230484296396781        1.3848386685643728E-002  0.93106273754072688        0.0000000000000000        0.0000000000000000     
  0.11900000000000009        78.315672689953146        81.940543712274959        1.4115217096043565E-002  0.94864105358231143        0.0000000000000000        0.0000000000000000     
  0.12000000000000009        78.111373260850684        81.635635044947705        1.4382530775296328E-002  0.96634480906839060        0.0000000000000000        0.0000000000000000     
  0.12100000000000009        77.890736713341383        81.316175205528083        1.4650288254535439E-002  0.98417535597488037        0.0000000000000000        0.0000000000000000     
  0.12200000000000009        77.654113828213582        80.982577259319939        1.4918450258787829E-002   1.0021340505195679        0.0000000000000000        0.0000000000000000     
  0.12300000000000010        77.401857413088010        80.635250305700509        1.5186977713325039E-002   1.0202222527892608        0.0000000000000000        0.0000000000000000     
  0.12400000000000010        77.134321999082999        80.274599373570510        1.5455831750255432E-002   1.0384413263532595        0.0000000000000000        0.0000000000000000     
  0.12500000000000008        76.851863546449181        79.901025331063281        1.5724973714745120E-002   1.0567926378634880        0.0000000000000000        0.0000000000000000     
  0.12600000000000008        76.554839159129884        79.514924808251905        1.5994365171393583E-002   1.0752775566388086        0.0000000000000000        0.0000000000000000     
  0.12700000000000009        76.243606808181866        79.116690131651055        1.6263967910589913E-002   1.0938974542392326        0.0000000000000000        0.0000000000000000     
  0.12800000000000009        75.918525063969014        78.706709269363387        1.6533743954542598E-002   1.1126537040215021        0.0000000000000000        0.0000000000000000     
  0.12900000000000009        75.579952837025061        78.285365785781877        1.6803655563484111E-002   1.1315476806824794        0.0000000000000000        0.0000000000000000     
  0.13000000000000009        75.228249127464963        77.853038804815881        1.7073665241803940E-002   1.1505807597874496        0.0000000000000000        0.0000000000000000     
  0.13100000000000009        74.863772782812205        77.410102980673301        1.7343735744051961E-002   1.1697543172822058        0.0000000000000000        0.0000000000000000     
  0.13200000000000009        74.486882264095854        76.956928475286588        1.7613830080875723E-002   1.1890697289906287        0.0000000000000000        0.0000000000000000     
  0.13300000000000009        74.097935420064090        76.493880941536091        1.7883911525063381E-002   1.2085283700976102        0.0000000000000000        0.0000000000000000     
  0.13400000000000009        73.697289269351259        76.021321511480679        1.8153943617276572E-002   1.2281316146141947        0.0000000000000000        0.0000000000000000     
  0.13500000000000009        73.285299790429363        75.539606788865470        1.8423890172001332E-002   1.2478808348270318        0.0000000000000000        0.0000000000000000     
  0.13600000000000009        72.862321719171547        75.049088845234820        1.8693715283378060E-002   1.2677774007340608        0.0000000000000000        0.0000000000000000     
  0.13700000000000009        72.428708353849544        74.550115219034822        1.8963383330809026E-002   1.2878226794582406        0.0000000000000000        0.0000000000000000     
  0.13800000000000009        71.984811367387067        74.043028917144255        1.9232858984812962E-002   1.3080180346524644        0.0000000000000000        0.0000000000000000     
  0.13900000000000010        71.530980626688276        73.528168418325237        1.9502107212606732E-002   1.3283648258791627        0.0000000000000000        0.0000000000000000     
  0.14000000000000010        71.067564018861276        73.005867678136866        1.9771093283785249E-002   1.3488644079780938        0.0000000000000000        0.0000000000000000     
  0.14100000000000010        70.594907284157173        72.476456134902705        2.0039782775898241E-002   1.3695181304150150        0.0000000000000000        0.0000000000000000     
  0.14200000000000010        70.113353855447912        71.940258716370252        2.0308141580094492E-002   1.3903273366133837        0.0000000000000000        0.0000000000000000     
  0.14300000000000010        69.623244704065996        71.397595846744508        2.0576135906577864E-002   1.4112933632663076        0.0000000000000000        0.0000000000000000     
  0.14400000000000010        69.124918191835377        70.848783453818825        2.0843732290101703E-002   1.4324175396343293        0.0000000000000000        0.0000000000000000     
  0.14500000000000010        68.618709929124648        70.294132975968253        2.1110897595578822E-002   1.4537011868196001        0.0000000000000000        0.0000000000000000     
  0.14600000000000010        68.104952638756927        69.733951368803972        2.1377599023416637E-002   1.4751456170279185        0.0000000000000000        0.0000000000000000     
  0.14700000000000010        67.583976025618227        69.168541111325681        2.1643804114964801E-002   1.4967521328062032        0.0000000000000000        0.0000000000000000     
  0.14800000000000010        67.056106651807383        68.598200211439433        2.1909480757988882E-002   1.5185220262659538        0.0000000000000000        0.0000000000000000     
  0.14900000000000010        66.521667817178653        68.023222210738339        2.2174597191985022E-002   1.5404565782852484        0.0000000000000000        0.0000000000000000     
  0.15000000000000011        65.980979445131666        67.443896188473204        2.2439122013604432E-002   1.5625570576928576        0.0000000000000000        0.0000000000000000     
  0.15100000000000011        65.434357973509094        66.860506764662830        2.2703024181966229E-002   1.5848247204334132        0.0000000000000000        0.0000000000000000     
  0.15200000000000011        64.882116250468883        66.273334102320590        2.2966273023968121E-002   1.6072608087104967        0.0000000000000000        0.0000000000000000     
  0.15300000000000011        64.324563435202151        65.682653908792659        2.3228838239606968E-002   1.6298665501146421        0.0000000000000000        0.0000000000000000     
  0.15400000000000011        63.762004903374383        65.088737436223184        2.3490689907317897E-002   1.6526431567306097        0.0000000000000000        0.0000000000000000     
  0.15500000000000011        63.194742157172833        64.491851481180547        2.3751798489186984E-002   1.6755918242222632        0.0000000000000000        0.0000000000000000     
  0.15600000000000011        62.623072739848482        63.892258383492184        2.4012134836221853E-002   1.6987137309012332        0.0000000000000000        0.0000000000000000     
  0.15700000000000011        62.047290154646092        63.290216024350826        2.4271670193487423E-002   1.7220100367737381        0.0000000000000000        0.0000000000000000     
  0.15800000000000011        61.467683788021745        62.685977823766244        2.4530376205486287E-002   1.7454818825689629        0.0000000000000000        0.0000000000000000     
  0.15900000000000011        60.884538837051601        62.079792737447548        2.4788224921245706E-002   1.7691303887475118        1.0502785472027534E-005   2.4232283154848169E-004
  0.16000000000000011        60.298136240940856        61.471905253209108        2.5045188799390418E-002   1.7929566544891187        6.7799378200186913E-005   1.5542813034283615E-003
  0.16100000000000012        59.708752616546775        60.862555387001954        2.5301240713484344E-002   1.8169617566613343        1.4185660867722396E-004   3.2267900780965451E-003
  0.16200000000000012        59.116660197833866        60.251978678677332        2.5556353956939313E-002   1.8411467487682780        2.3518029006299945E-004   5.3068603981600519E-003
  0.16300000000000012        58.522126779183111        59.640406187593847        2.5810502248125096E-002   1.8655126598796452        3.4924670776218122E-004   7.8167237162187521E-003
  0.16400000000000012        57.925415662482386        59.028064488185592        2.6063659735456473E-002   1.8900604935398542        4.8651728118360153E-004   1.0799690785676126E-002
  0.16500000000000012        57.326785607927476        58.415175665607137        2.6315801002345245E-002   1.9147912266582634        6.4894696141399829E-004   1.4285771683543032E-002
  0.16600000000000012        56.726490788467181        57.801957311576004        2.6566901072023835E-002   1.9397058083776921        8.3898736429661753E-004   1.8315175209805062E-002
  0.16700000000000012        56.124780747830243        57.188622520533279        2.6816935412692817E-002   1.9648051589262441        1.0588229616836692E-003   2.2920171000634156E-002
  0.16800000000000012        55.521900362072039        56.575379886240377        2.7065879942026975E-002   1.9900901684492809        1.3091608221178894E-003   2.8101652796146476E-002
  0.16900000000000012        54.918089804585257        55.962433498932050        2.7313711032137991E-002   2.0155616958193634        1.5980353091489263E-003   3.4011643101247074E-002
  0.17000000000000012        54.313584514517714        55.349982943141136        2.7560405514234804E-002   2.0412205674315906        1.9224193872699551E-003   4.0569585300056409E-002
  0.17100000000000012        53.708615168545279        54.738223296309251        2.7805940683078283E-002   2.0670675759752060        2.2871341243814619E-003   4.7858174925846812E-002
  0.17200000000000013        53.103407655947869        54.127345128294259        2.8050294301668669E-002   2.0931034791921332        2.6948432742414032E-003   5.5912616097295219E-002
  0.17300000000000013        52.498183056939311        53.517534501881485        2.8293444605548473E-002   2.1193289986131378        3.1481453959449463E-003   6.4765467111891378E-002
  0.17400000000000013        51.893157624202686        52.908972974401003        2.8535370307070113E-002   2.1457448182756456        3.6503088393790178E-003   7.4461587988496072E-002
  0.17500000000000013        51.288542767583522        52.301837600549518        2.8776050599640914E-002   2.1723515834274831        4.2041229162212302E-003   8.5034220139391409E-002
  0.17600000000000013        50.684545041895710        51.696300936509630        2.9015465161761574E-002   2.1991498992088832        4.8141610832488800E-003   9.6554201700631254E-002
  0.17700000000000013        50.081366137792912        51.092531045453804        2.9253594160847930E-002   2.2261403293200508        5.4820337402026985E-003  0.10902500090125139     
  0.17800000000000013        49.479202875661940        50.490691504515674        2.9490418257025752E-002   2.2533233946707747        6.2125205235465187E-003  0.12251669503262964     
  0.17900000000000013        48.878247202492084        49.890941413304041        2.9725918606665173E-002   2.2806995720152949        7.0079111759139244E-003  0.13704565976784300     
  0.18000000000000013        48.278686191676151        49.293435404030227        2.9960076865882729E-002   2.3082692925669321        7.8726238400743127E-003  0.15267189148339824     
  0.18100000000000013        47.680702045698283        48.698323653312109        3.0192875193596525E-002   2.3360329406029785        8.8111794837068096E-003  0.16945004496951235     
  0.18200000000000013        47.084472101663181        48.105751895712807        3.0424296254591476E-002   2.3639908520519404        9.8259897515795454E-003  0.18739901706904047     
  0.18300000000000013        46.490168839621305        47.515861439064729        3.0654323222319434E-002   2.3921433130610303        1.0921186138773138E-002  0.20656245415469315     
  0.18400000000000014        45.897959893644348        46.928789181624182        3.0882939781389177E-002   2.4204905585633605        1.2105396523310226E-002  0.22707731585511001     
  0.18500000000000014        45.308008065603154        46.344667631094367        3.1110130129982372E-002   2.4490327708148154        1.3374742079259802E-002  0.24882216432673773     
  0.18600000000000014        44.720471341601879        45.763624925549067        3.1335878981787330E-002   2.4777700779320750        1.4740667711312374E-002  0.27198722365345579     
  0.18700000000000014        44.135502911018932        45.185784856282524        3.1560171567905450E-002   2.5067025524081510        1.6203332701981463E-002  0.29653245675242795     
  0.18800000000000014        43.553251188105527        44.611266892604299        3.1782993638321891E-002   2.5358302096263721        1.7743583448254111E-002  0.32211516031497944     
  0.18900000000000014        42.973859836091677        44.040186208593276        3.2004331463171699E-002   2.5651530063536181        1.9445978543923808E-002  0.35011154916379339     
  0.19000000000000014        42.397467793748142        43.472653711817102        3.2224171833807699E-002   2.5946708392327062        2.1233439323229825E-002  0.37919277862262485     
  0.19100000000000014        41.824209304350823        42.908776074018128        3.2442502063254282E-002   2.6243835432566724        2.3146050061014362E-002  0.41002553505907430     
  0.19200000000000014        41.254213946994668        42.348655763762018        3.2659309986885356E-002   2.6542908902421156        2.5175550370846261E-002  0.44239170216846740     
  0.19300000000000014        40.687606670201546        41.792391081038431        3.2874583962323102E-002   2.6843925872926246        2.7336410349598893E-002  0.47651390620240680     
  0.19400000000000014        40.124507827765790        41.240076193797904        3.3088312869363361E-002   2.7146882752508450        2.9633874952803979E-002  0.51243889111952812     
  0.19500000000000015        39.565033216779696        40.691801176405114        3.3300486109439587E-002   2.7451775271547563        3.2070205806445651E-002  0.55015127187778678     
  0.19600000000000015        39.009294117780406        40.147652049981566        3.3511093604903903E-002   2.7758598466765485        3.4657447285734763E-002  0.58981891408191789     
  0.19700000000000015        38.457397336958209        39.607710824608304        3.3720125797908770E-002   2.8067346665682207        3.7395303816899240E-002  0.63138166473597090     
  0.19800000000000015        37.909445250364534        39.072055543353173        3.3927573649334991E-002   2.8378013471030950        4.0291884466239034E-002  0.67493328722679857     
  0.19900000000000015        37.365535850058073        38.540760328082946        3.4133428636971164E-002   2.8690591745055536        4.3357419530042768E-002  0.72056770131184533     
  0.20000000000000015        36.825762792124543        38.013895427017097        3.4337682753963587E-002   2.9005073593941408        4.6592236236071692E-002  0.76824432449386892     
  0.20100000000000015        36.290215446506551        37.491527263976586        3.4540328506679860E-002   2.9321450352150040        5.0008696566463999E-002  0.81812797740310694     
  0.20200000000000015        35.758978948577266        36.973718489275761        3.4741358912649324E-002   2.9639712566844190        5.3612071785805418E-002  0.87024007770267930     
  0.20300000000000015        35.232134252391354        36.460528032203506        3.4940767498003865E-002   2.9959849982253561        5.7412521390732635E-002  0.92469766351341642     
  0.20400000000000015        34.709758185546448        35.952011155037063        3.5138548295108381E-002   3.0281851524157326        6.1408722077409501E-002  0.98138483211006611     
  0.20500000000000015        34.191923505585848        35.448219508527188        3.5334695839904409E-002   3.0605705284425193        6.5620635561764215E-002   1.0405905424958413     
  0.20600000000000016        33.678698957874317        34.949201188792806        3.5529205168956621E-002   3.0931398505565704        6.9941362659595344E-002   1.1007492135446131     
  0.20700000000000016        33.170149334876996        34.455000795559904        3.5722071816744604E-002   3.1258917565387030        7.4692768250053915E-002   1.1662786176894084     
  0.20800000000000016        32.666335536771086        33.965659491677066        3.5913291812620672E-002   3.1588247961764440        7.9582107231449095E-002   1.2330852928621270     
  0.20900000000000016        32.167314633319585        33.481215063838874        3.6102861677827808E-002   3.1919374297528877        8.4711510737139950E-002   1.3025141518299082     
  0.21000000000000016        31.673139926936585        33.001701984446832        3.6290778422397738E-002   3.2252280265418163        9.0088735300878589E-002   1.3746132124096135     
  0.21100000000000016        31.183861016871472        32.527151474534911        3.6477039542226877E-002   3.2586948633227619        9.5730117764927639E-002   1.4495721223541091     
  0.21200000000000016        30.699523864441471        32.057591567686913        3.6661643015776998E-002   3.2923361229118764       0.10163708252513534        1.5273305464292324     
  0.21300000000000016        30.220170859240639        31.593047174871899        3.6844587301144940E-002   3.3261498927085928       0.10782317614255475        1.6079832906604976     
  0.21400000000000016        29.745840886252804        31.133540150121515        3.7025871332832944E-002   3.3601341632483850       0.11429933261576943        1.6916558648444779     
  0.21500000000000016        29.276569393797622        30.679089356974995        3.7205494518658427E-002   3.3942868268054460       0.12107380785982649        1.7783913268358784     
  0.21600000000000016        28.812388462237866        30.229710735615441        3.7383456736829364E-002   3.4286056759906027       0.12815562752470597        1.8682148594595427     
  0.21700000000000016        28.353326873376453        29.785417370621140        3.7559758332419306E-002   3.4630884023751980       0.13555554938406503        1.9612295284307748     
  0.21800000000000017        27.899410180472980        29.346219559256966        3.7734400114691063E-002   3.4977325951612865       0.14328660583178493        2.0574982392207244     
  0.21900000000000017        27.450660778808604        28.912124880229545        3.7907383353532970E-002   3.5325357398550183       0.15136087816877231        2.1571599283759806     
  0.22000000000000017        27.007097976730062        28.483138262831137        3.8078709776513481E-002   3.5674952169822927       0.15979261041740841        2.2602936123721054     
  0.22100000000000017        26.568738067103098        28.059262056397746        3.8248381565524937E-002   3.6026083008292797       0.16857099596798822        2.3666280186061757     
  0.22200000000000017        26.135594399107422        27.640496100007930        3.8416401353511070E-002   3.6378721582217657       0.17772685267907160        2.4766010957444013     
  0.22300000000000017        25.707677450304629        27.226837792348423        3.8582772221070087E-002   3.6732838473343001       0.18728097324818024        2.5903019213401368     
  0.22400000000000017        25.284994898913414        26.818282161675747        3.8747497693112955E-002   3.7088403165362216       0.19723568660526211        2.7076516361758052     
  0.22500000000000017        24.867551696225505        26.414821935802436        3.8910581735380020E-002   3.7445384032755915       0.20758485288914741        2.8286297512451983     
  0.22600000000000017        24.455350139098062        26.016447612038501        3.9072028750711627E-002   3.7803748330063369       0.21837689266408911        2.9536271176664486     
  0.22700000000000017        24.048389942458730        25.623147527020336        3.9231843575594089E-002   3.8163462181566206       0.22959761706124962        3.0824892782670910     
  0.22800000000000017        23.646668311761292        25.234907926360364        3.9390031476340445E-002   3.8524490571397765       0.24126723090063182        3.2151823750801745     
  0.22900000000000018        23.250180015330560        24.851713034052459        3.9546598145284370E-002   3.8886797334061942       0.25340894556917337        3.3521265135382445     
  0.23000000000000018        22.858917456537224        24.473545121570631        3.9701549697044980E-002   3.9250345145619927       0.26566499745597721        3.4890682506066115     
  0.23100000000000018        22.472870745743879        24.100384576598437        3.9854892664311553E-002   3.9615095515167447       0.27875297612947297        3.6340483342181602     
  0.23200000000000018        22.092027771965810        23.732209971330963        4.0006633994114360E-002   3.9981008776872069       0.29276554124959897        3.7879581994949909     
  0.23300000000000018        21.716374274191047        23.368998130290873        4.0156781043476197E-002   4.0348044082728265       0.30688302430792297        3.9414153690508487     
  0.23400000000000018        21.345893912305975        23.010724197603381        4.0305341575448107E-002   4.0716159395653522       0.32114970879133897        4.0953616837531248     
  0.23500000000000018        20.980568337574557        22.657361703676937        4.0452323754724823E-002   4.1085311483280060       0.33675698204628246        4.2619132555415700     
  0.23600000000000018        20.620377262620480        22.308882631237847        4.0597736143424434E-002   4.1455455912310182       0.35257021158882151        4.4295184163256982     
  0.23700000000000018        20.265298530863532        21.965257480669749        4.0741587696701866E-002   4.1826547043577555       0.36893401031349110        4.6012998619541357     
  0.23800000000000018        19.915308185363273        21.626455334611176        4.0883887758276685E-002   4.2198538027597596       0.38592109880059666        4.7780570787788603     
  0.23900000000000018        19.570380537024917        21.292443921766466        4.1024646055966750E-002   4.2571380800890060       0.40351919596704411        4.9595839135143667     
  0.24000000000000019        19.230488232123253        20.963189679886742        4.1163872697176196E-002   4.2945026083039508       0.42172650332632144        5.1457120644410459     
  0.24100000000000019        18.895602319103851        20.638657817881814        4.1301578164173465E-002   4.3319423374315082       0.44057433056248974        5.3365518475349845     
  0.24200000000000019        18.565692314620893        20.318812377023843        4.1437773309528567E-002   4.3694520954023943       0.46010981348443053        5.5329471916397983     
  0.24300000000000019        18.240726268774196        20.003616291207724        4.1572469351293606E-002   4.4070265879794777       0.48035748988134547        5.7345621734813736     
  0.24400000000000019        17.920670829508875        19.693031446234315        4.1705677868298485E-002   4.4446603987420259       0.50125622648109192        5.9407989261894114     
  0.24500000000000019        17.605491306143527        19.387018738085253        4.1837410795247221E-002   4.4823479891511271       0.52291218910937720        6.1526943195900685     
  0.24600000000000019        17.295151731994473        19.085538130160433        4.1967680417857742E-002   4.5200836987022734       0.54525729856467753        6.3694276470271225     
  0.24700000000000019        16.989614926065283        18.788548709451007        4.2096499368000917E-002   4.5578617451634722       0.56839397229070698        6.5918628331855293     
  0.24800000000000019        16.688842553773046        18.496008741623722        4.2223880618575550E-002   4.5956762248767422       0.59227648793107157        6.8195240385237348     
  0.24900000000000019        16.392795186684435        18.207875724993624       0.36547693745938065        4.6335211131645382       0.61695274169304715        7.0526409674062629     
  0.25000000000000017        16.101432361236238        17.924106443365066       0.36427447947686836        4.6713902648160692       0.64167492781897073        7.2843280656844298     
  0.25100000000000017        15.814712636417630        17.644657017722846       0.36308707316655991        4.7092774146624983       0.66874937914805610        7.5356863026533150     
  0.25200000000000017        15.532593650392037        17.369482956756862       0.36191480333275899        4.7471761782429409       0.69588781541087996        7.7855088282120919     
  0.25300000000000017        15.255032176039736        17.098539206207015       0.36075775289306583        4.7850800525580084       0.72391236935724756        8.0412726757826753     
  0.25400000000000017        14.981984175402401        16.831780197014915       0.35961600290413909        4.8229824169297153       0.75282600787256082        8.3026766070794196     
  0.25500000000000017        14.713404853014302        16.569159892273561       0.35848963258592925        4.8608765339336673       0.78254735172761181        8.5695606684259626     
  0.25600000000000017        14.449248708105056        16.310631832965576       0.35737871934476528        4.8987555504588700       0.81326113732736738        8.8426203950399689     
  0.25700000000000017        14.189469585661422        16.056149182484120       0.35628333879812552        4.9366124988306161       0.84489830932563648        9.1216007434991067     
  0.25800000000000017        13.934020726337135        15.805664769931521       0.35520356479704646        4.9744402980602747       0.87751915985437945        9.4069423212303338     
  0.25900000000000017        13.682854815201070        15.559131132192853       0.35413946944864227        5.0122317551822375       0.91096077664983921        9.6964904540139187     
  0.26000000000000018        13.435924029315709        15.316500554782653       0.35309112313843399        5.0499795666930920       0.94552691016321344        9.9935683892740848     
  0.26100000000000018        13.193180084140231        15.077725111466158       0.35205859455059729        5.0876763200952100       0.98107865778392400        10.296551399072268     
  0.26200000000000018        12.954574278752244        14.842756702655535       0.35104195068923427        5.1253144955444485        1.0176929637478491        10.606183290664079     
  0.26300000000000018        12.720057539885897        14.611547092585916       0.35004125689826437        5.1628864675973691        1.0553555691105727        10.922110175174424     
  0.26400000000000018        12.489580464783662        14.384047945275006       0.34905657687990882        5.2003845070691259        1.0938711933079279        11.241470352138379     
  0.26500000000000018        12.263093362861520        14.160210859273175       0.34808797271334790        5.2378007829983204        1.1335863461993356        11.568595709280402     
  0.26600000000000018        12.040546296188209        13.939987401211100       0.34713550487149220        5.2751273647070098        1.1742534412982577        11.900461903284063     
  0.26700000000000018        11.821889118780712        13.723329138154222       0.34619923223733562        5.3123562239840458        1.2163086152567675        12.241456279151173     
  0.26800000000000018        11.607071514719166        13.510187668773629       0.34527921212097679        5.3494792373651645        1.2592827946328338        12.586570710455815     
  0.26900000000000018        11.396043035085933        13.300514653345017       0.34437550027107661        5.3864881885179727        1.3033457640664068        12.937270138838628     
  0.27000000000000018        11.188753133734187        13.094261842587272       0.34348815089084200        5.4233747707481843        1.3493844998984930        13.304104115957470     
  0.27100000000000019        10.985151201893245        12.891381105354659       0.34261721664863259        5.4601305896025494        1.3951836369014499        13.660072649871125     
  0.27200000000000019        10.785186601618070        12.691824455196320       0.34176274868933632        5.4967471655813318        1.4427690771688273        14.029656924319927     
  0.27300000000000019        10.588808698092453        12.495544075798676       0.34092479664227365        5.5332159369623533        1.4915460008394386        14.405426502982841     
  0.27400000000000019        10.395966890795018        12.302492345326110       0.34010340862987315        5.5695282627345550        1.5415784741442378        14.787833105534412     
  0.27500000000000019        10.206610643539383        12.112621859677171       0.33929863126740650        5.6056754256368144        1.5927346728498954        15.175505026425169     
  0.27600000000000019        10.020689513400246        11.925885454673752       0.33851050966167751        5.6416486352935724        1.6451874558684083        15.569919903326719     
  0.27700000000000019        9.8381531785373699        11.742236227201090       0.33773908739955538        5.6774390314760694        1.6973988504774069        15.959047754086239     
  0.27800000000000019        9.6589514649313184        11.561627555317537       0.33698440652147921        5.7130376874539985        1.7522780914575133        16.365118554677714     
  0.27900000000000019        9.4830343720448393        11.384013117353611       0.33624650747823526        5.7484356134594137        1.8083551103267526        16.776386200134059     
  0.28000000000000019        9.3103520974246230        11.209346910019958       0.33552542906113358        5.7836237602623317        1.8672089365209896        17.204741587397958     
  0.28100000000000019        9.1408550602589056        11.037583265544583       0.33482120829503698        5.8185930228292291        1.9258072950511513        17.627811075525226     
  0.28200000000000019        8.9744939239068149        10.868676867860010       0.33413388028939689        5.8533342440815224        1.9857803524683968        18.057346143000206     
  0.28300000000000020        8.8112196174163859        10.702582767861733       0.33346347803316656        5.8878382188032408        2.0469045752599691        18.491251251478619     
  0.28400000000000020        8.6509833560479219        10.539256397759006       0.33281003212235916        5.9220956975804500        2.1096545248760918        18.933680962802473     
  0.28500000000000020        8.4937366608207370        10.378653584539993       0.33217357041438228        5.9560973908731087        2.1731618915565094        19.377381581579709     
  0.28600000000000020        8.3394313771008797        10.220730562572642       0.33155411759542358        5.9898339732001658        2.2381768224169023        19.828161954491360     
  0.28700000000000020        8.1880196922488668        10.065443985364281       0.33095169465762347        6.0232960873686539        2.3029259885379672        20.273471586416925     
  0.28800000000000020        8.0394541523454492        9.9127509365010376       0.33036631827822571        6.0564743488378232        2.3720950739334539        20.745687677353327     
  0.28900000000000020        7.8936876780152927        9.7626089397903435       0.32979800010123533        6.0893593501540026        2.4410699736341632        21.212971713750669     
  0.29000000000000020        7.7506735793674126        9.6149759686282898       0.32924674592125169        6.1219416654816721        2.5113795807519104        21.685636872684949     
  0.29100000000000020        7.6103655700724113        9.4698104546148159       0.32871255477322092        6.1542118552052738        2.5827910818311062        22.161412803224461     
  0.29200000000000020        7.4727177805960769        9.3270712954385555       0.32819541793460349        6.1861604706297832        2.6556238948814750        22.643434224200160     
  0.29300000000000020        7.3376847706095640        9.1867178620542109       0.32769531785285944        6.2177780587431721        2.7297483164031706        23.130026151293773     
  0.29400000000000021        7.2052215405962015        9.0487100051743976       0.32721222700530334        6.2490551670808259        2.8034195687642365        23.609106188250109     
  0.29500000000000021        7.0752835426754039        8.9130080610984841       0.32674610671103643        6.2799823486406678        2.8820224189287145        24.118093495418854     
  0.29600000000000021        6.9478266906638275        8.7795728569002112       0.32629690590621857        6.3105501668749220        2.9600506938892237        24.618499455520357     
  0.29700000000000021        6.8228073693943916        8.6483657149962774       0.32586455990258495        6.3407492007631427        3.0393206900261669        25.122772589631886     
  0.29800000000000021        6.7001824433133139        8.5193484571172426       0.32544898914610676        6.3705700499186815        3.1200370885231865        25.632908697956275     
  0.29900000000000021        6.5799092643761234        8.3924834077029455       0.32505009799138607        6.4000033398016241        3.2019457526094586        26.146348821956568     
  0.30000000000000021        6.4619456792623149        8.2677333967428766       0.32466777351265547        6.4290397269434232        3.2852551563516958        26.664599664101310     
  0.30100000000000021        6.3462500359296108        8.1450617620832766       0.32430188436241475        6.4576699042528514        3.3697280843752413        27.186222897907999     
  0.30200000000000021        6.2327811895277714        8.0244323512214155       0.32395227970115997        6.4858846063677280        3.4540776066119023        27.703252467470069     
  0.30300000000000021        6.1214985076920643        7.9058095226074370       0.32361878820080353        6.5136746150513885        3.5411023057666333        28.232438458262187     
  0.30400000000000021        6.0123618752367163        7.7891581464745450       0.32330121714561749        6.5410307645985455        3.6308284131522779        28.774647672780912     
  0.30500000000000022        5.9053316982676805        7.6744436052163527       0.32299935163393345        6.5679439473642356        3.7207054752104431        29.313265691687402     
  0.30600000000000022        5.8003689077349874        7.5616317933321238       0.32271295389118881        6.5944051192190889        3.8114582035664868        29.852703557359650     
  0.30700000000000022        5.6974349624437712        7.4506891169581673       0.32244176270277575        6.6204053051149190        3.9027924748067169        30.388929907199870     
  0.30800000000000022        5.5964918515434503        7.3415824930047373       0.32218549297033805        6.6459356046299547        3.9970145343515933        30.944447485155539     
  0.30900000000000022        5.4975020965140544        7.2342793479166527       0.32194383539736565        6.6709871975665349        4.0916069057053086        31.494699640087294     
  0.31000000000000022        5.4004287526686081        7.1287476160756968       0.32171645630138351        6.6955513495387189        4.1862451192613763        32.041258760693367     
  0.31100000000000022        5.3052354101901420        7.0249557378628298       0.32150299755858780        6.7196194175738126        4.2844544262010942        32.603542938572168     
  0.31200000000000022        5.2118861947214725        6.9228726573968968       0.32130307667733532        6.7431828557356264        4.3828915177785204        33.164499779405922     
  0.31300000000000022        5.1203457675261586        6.8224678199673958       0.32111628699898453        6.7662332207380382        4.4824699102898249        33.727238262523045     
  0.31400000000000022        5.0305793252378885        6.7237111691771725       0.32094219802217200        6.7887621775519857        4.5830470129290211        34.291226792386574     
  0.31500000000000022        4.9425525992161976        6.6265731438115631       0.32078035584721543        6.8107615050082755        4.6850447355292024        34.859463731190651     
  0.31600000000000023        4.8562318545253866        6.5310246744494753       0.32063028373717095        6.8322231013950612        4.7880537044407001        35.428037379507742     
  0.31700000000000023        4.7715838885535087        6.4370371798315729       0.32049148278722411        6.8531389900140622        4.8924478870248640        36.001842748846876     
  0.31800000000000023        4.6885760292879608        6.3445825630004613       0.32036343269859979        6.8735013247333487        4.9965546263176392        36.568584999295815     
  0.31900000000000023        4.6071761332636987        6.2536332072272218       0.32024559265025426        6.8933023955104504        5.1045699423416808        37.154084468498453     
  0.32000000000000023        4.5273525832001589        6.1641619717384177       0.32013740226176435        6.9125346338582494        5.2122233251504335        37.732208120065650     
  0.32100000000000023        4.4490742853420535        6.0761421872569121       0.32003828263999262        6.9311906182989205        5.3208500383332575        38.311613339349869     
  0.32200000000000023        4.3723106665192573        5.9895476513696586       0.31994763750359984        6.9492630797653101        5.4311684295010281        38.895963108356767     
  0.32300000000000023        4.2970316709407612        5.9043526237354760       0.31986485437678230        6.9667449069300016        5.5423110398863917        39.480516990338231     
  0.32400000000000023        4.2232077567366861        5.8205318211446224       0.31978930584819604        6.9836291515250943        5.6545086354032543        40.066560670203195     
  0.32500000000000023        4.1508098922627648        5.7380604124424401       0.31972035088388079        6.9999090335389864        5.7675715733035267        40.652313660075180     
  0.32600000000000023        4.0798095521808326        5.6569140133284179       0.31965733618995384        7.0155779464144361        5.8809220273280944        41.235148637850997     
  0.32700000000000023        4.0101787133286564        5.5770686810417587       0.31959959762059825        7.0306294621109879        5.9972610138647244        41.829721520508592     
  0.32800000000000024        3.9418898503920019        5.4985009089439991       0.31954646161662553        7.0450573361530537        6.1137520806384584        42.421243171624582     
  0.32900000000000024        3.8749159313917274        5.4211876210092349       0.31949724667796686        7.0588555125406653        6.2311713270043496        43.012602766584827     
  0.33000000000000024        3.8092304129978474        5.3451061662315151       0.31945126485577591        7.0720181285978185        6.3497862148227808        43.606551120977230     
  0.33100000000000024        3.7448072356827944        5.2702343129592659       0.31940782326283318        7.0845395197467855        6.4692393461320243        44.199670048525299     
  0.33200000000000024        3.6816208187249488        5.1965502431653290       0.31936622559272049        7.0964142241508927        6.5896071349277481        44.793134966819586     
  0.33300000000000024        3.6196460550740794        5.1240325466620877       0.31932577364349002        7.1076369872728904        6.7111390472111472        45.388961474984541     
  0.33400000000000024        3.5588583060891068        5.0526602152694098       0.31928576883975363        7.1182027663279825        6.8334505243346237        45.983279388816470     
  0.33500000000000024        3.4992333961587505        4.9824126369437245       0.31924551374787408        7.1281067346049127        6.9567978286125367        46.579109891504388     
  0.33600000000000024        3.4407476072153225        4.9132695898760206       0.31920431357742540        7.1373442857074281        7.0810407673473561        47.174591196579421     
  0.33700000000000024        3.3833776731510854        4.8452112365657438       0.31916147766460456        7.1459110376311603        7.2061873611164886        47.770432107501080     
  0.33800000000000024        3.3271007741469178        4.7782181178779268       0.31911632093233006        7.1538028367385822        7.3321776490638646        48.365872934184146     
  0.33900000000000025        3.2718945309221010        4.7122711470900169       0.31906816532186705        7.1610157616101171        7.4592959204204767        48.962614601416291     
  0.34000000000000025        3.2177369989141056        4.6473516039347418       0.31901634119039118        7.1675461267346101        7.5870380074791344        49.557974968632202     
  0.34100000000000025        3.1646066623966984        4.5834411286451289       0.31896018867155501        7.1733904860708027        7.7149024198076326        50.148695265307012     
  0.34200000000000025        3.1124824285445594        4.5205217160073632       0.31889905899325866        7.1785456364608118        7.8442351848935283        50.742610563242714     
  0.34300000000000025        3.0613436214520124        4.4585757094268148       0.31883231574887955        7.1830086209256603        7.9754552712732920        51.341959088009666     
  0.34400000000000025        3.0111699761134227        4.3975857950123913       0.31875933611764584        7.1867767317490037        8.1071813449824397        51.940030527385026     
  0.34500000000000025        2.9619416323724481        4.3375349956842078       0.31867951202936484        7.1898475134625759        8.2381605507481588        52.526429448040325     
  0.34600000000000025        2.9136391288468579        4.2784066653089452       0.31859225127631097        7.1922187656366887        8.3709623821859651        53.119808092778570     
  0.34700000000000025        2.8662433968354781        4.2201844828672046       0.31849697855636711        7.1938885455139250        8.5042659951611821        53.709885733627615     
  0.34800000000000025        2.8197357542137169        4.1628524466571530       0.31839313645870143        7.1948551704830228        8.6386104734014548        54.301488181570257     
  0.34900000000000025        2.7740978993233085        4.1063948685378753       0.31828018637868821        7.1951172203715590        8.7728982135591842        54.886503955451190     
  0.35000000000000026        2.7293119048622385        4.0507963682162513       0.31815760936635029        7.1946735395852572        8.9086258011778590        55.475749976953651     
  0.35100000000000026        2.6853602117802065        3.9960418675806681       0.31802490690159713        7.1935232390455699        9.0445110875936940        56.059554024842001     
  0.35200000000000026        2.6422256231846513        3.9421165850844249       0.31788160159771428        7.1916656979499933        9.1814887213123164        56.645437290961205     
  0.35300000000000026        2.5998912982624662        3.8890060301820104       0.31772723782984685        7.1891005653796061        9.3187489806009332        57.226586900444595     
  0.35400000000000026        2.5583407462218259        3.8366959978206694       0.31756138228958430        7.1858277616850605        9.4573105711277812        57.812391287314398     
  0.35500000000000026        2.5175578202587316        3.7851725629898398       0.31738362446149659        7.1818474797122089        9.5953753107554736        58.385995082083539     
  0.35600000000000026        2.4775267115522590        3.7344220753306749       0.31719357702411688        7.1771601858169092        9.7347760166107893        58.964549034844296     
  0.35700000000000026        2.4382319432925805        3.6844311538077048       0.31699087617581639        7.1717666207200441        9.8744412933595758        59.538851146491020     
  0.35800000000000026        2.3996583647454126        3.6351866814446230       0.31677518188126841        7.1656678001292207        10.014581987638168        60.109884732749528     
  0.35900000000000026        2.3617911453563938        3.5866758001257888       0.31654617804659452        7.1588650152069322        10.157363328298155        60.694331104646793     
  0.36000000000000026        2.3246157688986187        3.5388859054650283       0.31630357261584452        7.1513598328111243        10.296988334336655        61.250642203702938     
  0.36100000000000027        2.2881180276665489        3.4918046417432289       0.31604709759840410        7.1431540955655652        10.439021176944063        61.818071374632531     
  0.36200000000000027        2.2522840167189946        3.4454198969158312       0.31577650902139609        7.1342499217197703        10.581496798202707        62.383117453860294     
  0.36300000000000027        2.2171001281739624        3.3997197976913109       0.31549158681499884        7.1246497047987702        10.723767393326920        62.939703436955142     
  0.36400000000000027        2.1825530455578810        3.3546927046817667       0.31519213462877810        7.1143561130927404        10.867657352010356        63.504351521433634     
  0.36500000000000027        2.1486297382114299        3.3103272076262003       0.31487797958418651        7.1033720889046608        11.010493962697032        64.052509197661394     
  0.36600000000000027        2.1153174557542345        3.2666121206874119       0.31454897196603976        7.0917008476322163        11.154995226458157        64.607281842273153     
  0.36700000000000027        2.0826037226102709        3.2235364778227686       0.31420498485185283        7.0793458766121873        11.299198255093478        65.155571296155671     
  0.36800000000000027        2.0504763325959590        3.1810895282297307       0.31384591368791842        7.0663109338501844        11.444287477843163        65.703957464187013     
  0.36900000000000027        2.0189233435724483        3.1392607318660510       0.31347167581257629        7.0526000464229153        11.589489193906829        66.247414057571163     
  0.37000000000000027        1.9879330721636976        3.0980397550451078       0.31308220992944874        7.0382175088176613        11.734837425432445        66.786427718507738     
  0.37100000000000027        1.9574940885417682        3.0574164661066305       0.31267747553651631        7.0231678809865752        11.880802648663115        67.324617954955386     
  0.37200000000000027        1.9275952112803938        3.0173809311624828       0.31225745231308361        7.0074559862381447        12.026764438940059        67.857394190746334     
  0.37300000000000028        1.8982255022780725        2.9779234099178131       0.31182213946928433        6.9910869089486543        12.173530573827117        68.391521810597553     
  0.37400000000000028        1.8693742617516986        2.9390343515674417       0.31137155506201014        6.9740659920559525        12.320038180375592        68.915687499449760     
  0.37500000000000028        1.8410310233013090        2.9007043907668932       0.31090573528016652        6.9563988343681489        12.467096492340421        69.439389152851163     
  0.37600000000000028        1.8131855490470570        2.8629243436783303       0.31042473370604101        6.9380912877253573        12.614050857226106        69.957773891817581     
  0.37700000000000028        1.7858278248387813        2.8256852040907421       0.30992862055338516        6.9191494539045229        12.761433069631661        70.473392860973178     
  0.37800000000000028        1.7589480555387078        2.7889781396138815       0.30941748188687462        6.8995796814161441        12.909108139235533        70.985957527334051     
  0.37900000000000028        1.7325366603778298        2.7527944879457920       0.30889141882997534        6.8793885620633297        13.056952417050736        71.495103578676478     
  0.38000000000000028        1.7065842683861887        2.7171257532131818       0.30835054676019036        6.8585829273644929        13.204920929426974        71.999206611833344     
  0.38100000000000028        1.6810817138973051        2.6819636023840947       0.30779499449862840        6.8371698447815765        13.351046677548688        72.487246161274413     
  0.38200000000000028        1.6560200321268628        2.6472998617522472       0.30722490349603987        6.8151566137770008        13.501451364052032        72.997137538326342     
  0.38300000000000028        1.6313904548258418        2.6131265134924777       0.30664042702012539        6.7925507617099807        13.649964978888432        73.489801150434502     
  0.38400000000000029        1.6071844060079117        2.5794356922864186       0.30604172934510909        6.7693600395756635        13.798284632981183        73.976532381800951     
  0.38500000000000029        1.5833934977510655        2.5462196820176888       0.30542898494891374        6.7455924175648594        13.947300832218529        74.463023834534710     
  0.38600000000000029        1.5600095260734115        2.5134709125359835       0.30480237771963503        6.7212560805000008        14.095878461037790        74.942911776230147     
  0.38700000000000029        1.5370244668827122        2.4811819564889181       0.30416210017426654        6.6963594230692145        14.245033380810732        75.419346024039385     
  0.38800000000000029        1.5144304719995332        2.4493455262210624       0.30350835269291654        6.6709110449842433        14.393464328167477        75.888669965953909     
  0.38900000000000029        1.4922198652536043        2.4179544707391925       0.30284134276918079        6.6449197459137839        14.542526066514160        76.355536183505535     
  0.39000000000000029        1.4703851386529674        2.3870017727428032       0.30216128428070510        6.6183945203381986        14.691492603071431        76.817377395179037     
  0.39100000000000029        1.4489189486254206        2.3564805457189903       0.30146839678200271        6.5913445522568797        14.840416562493706        77.275449678218592     
  0.39200000000000029        1.4278141123318691        2.3263840311008237       0.30076290481855150        6.5637792097521368        14.989454126063931        77.728879991880461     
  0.39300000000000029        1.4070636040508759        2.2967055954881630       0.30004503726699117        6.5357080394432039        15.138945815843607        78.180890622380971     
  0.39400000000000029        1.3866605516339408        2.2674387279299895       0.29931502670124877        6.5071407608097678        15.287732604255487        78.625307211354908     
  0.39500000000000030        1.3665982330307946        2.2385770372672478       0.29857310878519944        6.4780872604167543        15.436960857398457        79.064163701764471     
  0.39600000000000030        1.3468700728840892        2.2101142495352604       0.29781952169466008        6.4485575860103399        15.585883938026386        79.499636377365547     
  0.39700000000000030        1.3274696391927210        2.1820442054245821       0.29705450556724794        6.4185619405367147        15.735260261253744        79.934420575472387     
  0.39800000000000030        1.3083906400431073        2.1543608577994373       0.29627830198341393        6.3881106760520838        15.883396733300591        80.352689145069576     
  0.39900000000000030        1.2896269204076207        2.1270582692726419       0.29549115347533628        6.3572142875113835        16.032970398654488        80.779545504364052     
  0.40000000000000030        1.2711724590093740        2.1001306098359502       0.29469330306830610        6.3258834065325793        16.181479965400783        81.194401537785936     
  0.40100000000000030        1.2530213652525810        2.0735721545449155       0.29388499385123212        6.2941287950300326        16.329379396116732        81.601507214686990     
  0.40200000000000030        1.2351678762175984        2.0473772812571274       0.29306646857802010        6.2619613387779323        16.478497778920350        82.011383373829844     
  0.40300000000000030        1.2176063537198683        2.0215404684229243       0.29223796929897566        6.2293920409335444        16.627110938370219        82.413957521042079     
  0.40400000000000030        1.2003312814318172        1.9960562929274519       0.29139973702223598        6.1964320154710979        16.775649212791084        82.811384040558039     
  0.40500000000000030        1.1833372620668210        1.9709194279830997       0.29055201140451892        6.1630924805776068        16.923954440743547        83.203799428147406     
  0.40600000000000031        1.1666190146244246        1.9461246410713557       0.28969503047119943        6.1293847519677325        17.071958527307466        83.590359434244306     
  0.40700000000000031        1.1501713716957489        1.9216667919329293       0.28882903036416141        6.0953202361884449        17.219637798282292        83.970808851065144     
  0.40800000000000031        1.1339892768283206        1.8975408306053614       0.28795424511715251        6.0609104238766909        17.368569385392668        84.356882456828131     
  0.40900000000000031        1.1180677819492497        1.8737417955068789       0.28707090645847722        6.0261668829602373        17.498502416528343        84.629181012641567     
  0.41000000000000031        1.1024020448459042        1.8502648115657157       0.28617924363896841        5.9911012518584261        17.662521701843708        85.085492363410481     
  0.41100000000000031        1.0869873267031065        1.8271050883938371       0.28527948328512720        5.9557252326607557        17.810586024991228        85.452683682185352     
  0.41200000000000031        1.0718189896958852        1.8042579185040835       0.28437184927602649        5.9200505842552564        17.957862137724746        85.810637503820473     
  0.41300000000000031        1.0568924946368605        1.7817186755698404       0.28345656264266922        5.8840891155221220        18.104121469565172        86.158737018369365     
  0.41400000000000031        1.0422033986772616        1.7594828127262387       0.28253384148984451        5.8478526784355926        18.251370961805808        86.509548195371735     
  0.41500000000000031        1.0277473530606567        1.7375458609119383       0.28160390093824228        5.8113531612375855        18.398170633352059        86.852413211892738     
  0.41600000000000031        1.0135201009284553        1.7159034272507028       0.28066695308524042        5.7746024815773414        18.543928277306669        87.184939764519640     
  0.41700000000000031       0.99951747517615364        1.6945511934716557       0.27972320698561359        5.7376125797190092        18.690654447981593        87.520517276458762     
  0.41800000000000032       0.98573539635945462        1.6734849143674675       0.27877286864742296        5.7003954116964515        18.836591908743443        87.847775125258096     
  0.41900000000000032       0.97216987064928295        1.6527004162896013       0.27781614104569458        5.6629629425617285        18.982479504369419        88.170151078261398     
  0.42000000000000032       0.95881698783472491        1.6321935956795868       0.27685322414945529        5.6253271396236810        19.128208652540405        88.488365693928557     
  0.42100000000000032       0.94567291937300324        1.6119604176356925       0.27588431496288279        5.5874999657582132        19.273662606538149        88.801169832663746     
  0.42200000000000032       0.93273391648551285        1.5919969145139456       0.27490960757927341        5.5494933727361531        19.418958632926497        89.107769413603407     
  0.42300000000000032       0.91999630829904033        1.5722991845628389       0.27392929324536935        5.5113192946027132        19.563876394737441        89.412266646054078     
  0.42400000000000032       0.90745650003118150        1.5528633905907776       0.27294356043693729        5.4729896411355563        19.708180740185647        89.707045359547266     
  0.42500000000000032       0.89511097121910732        1.5336857586655459       0.27195259494271118        5.4345162913378164        19.852350684697246        89.998871498319389     
  0.42600000000000032       0.88295627399078325        1.5147625768450361       0.27095657995649880        5.3959110870110312        19.996751727265718        90.286956748557898     
  0.42700000000000032       0.87098903137766304        1.4960901939383302       0.26995569617655818        5.3571858263830032        20.140441349258374        90.568365376322845     
  0.42800000000000032       0.85920593566808490        1.4776650182965527       0.26895012191020612        5.3183522578387743        20.284080919976258        90.847012362802843     
  0.42900000000000033       0.84760374680041850        1.4594835166326263       0.26794003318501225        5.2794220737001742        20.427858296928836        91.120234129730363     
  0.43000000000000033       0.83617929079515307        1.4415422128692650       0.26692560386202591        5.2404069041249590        20.570641297027432        91.386188449574760     
  0.43100000000000033       0.82492945822503316        1.4238376870144860       0.26590700575379622        5.2013183110587269        20.713565917323898        91.648476743522863     
  0.43200000000000033       0.81385120272243183        1.4063665740639306       0.26488440874383323        5.1621677823134124        20.856291382933492        91.908571534837009     
  0.43300000000000033       0.80294153952311553        1.3891255629293049       0.26385798090856166        5.1229667257242291        20.998874919599938        92.161370744972231     
  0.43400000000000033       0.79219754404560383        1.3721113953923196       0.26282788863837270        5.0837264634251653        21.141026631582150        92.409835286972623     
  0.43500000000000033       0.78161635050528422        1.3553208650833892       0.26179429676092392        5.0444582262256059        21.282660614756590        92.652024597617142     
  0.43600000000000033       0.77119515056253862        1.3387508164845736       0.26075736866176957        5.0051731480871426        21.424544358064644        92.892321103958906     
  0.43700000000000033       0.76093119200404125        1.3223981439559911       0.25971726640492354        4.9658822607338218        21.565200212769376        93.123175631623880     
  0.43800000000000033       0.75082177745652168        1.3062597907852418       0.25867415085110390        4.9265964883763340        21.706816406065659        93.355336953535854     
  0.43900000000000033       0.74086426313219189        1.2903327482591265       0.25762818177346830        4.8873266425527229        21.845912348472822        93.570014538909660     
  0.44000000000000034       0.73105605760512149        1.2746140547571612       0.25657951797065387        4.8480834170965093        21.987440372458529        93.796196360041336     
  0.44100000000000034       0.72139462061779935        1.2591007948662343       0.25552831737592979        4.8088773832440301        22.126385064179708        94.005959205335770     
  0.44200000000000034       0.71187746191721268        1.2437900985159547       0.25447473716335661        4.7697189848557215        22.267088897410364        94.218654743574774     
  0.44300000000000034       0.70250214011970125        1.2286791401340715       0.25341893384809666        4.7306185337951847        22.407067093558709        94.425178530251529     
  0.44400000000000034       0.69326626160389271        1.2137651378214276       0.25236106338378322        4.6915862054208937        22.546774957767877        94.628820810410630     
  0.44500000000000034       0.68416747943107947        1.1990453525460349       0.25130128125413109        4.6526320342486684        22.687210052880705        94.825377740502503     
  0.44600000000000034       0.67520349229233367        1.1845170873556317       0.25023974255912268        4.6137659097204384        22.824058478398058        95.013183061907242     
  0.44700000000000034       0.66637204348171619        1.1701776866083304       0.24917660209612794        4.5749975721514442        22.961655403694881        95.196938429798195     
  0.44800000000000034       0.65767091989495496        1.1560245352208338       0.24811201443522124        4.5363366088091519        23.100056134753480        95.379779807302185     
  0.44900000000000034       0.64909795105294521        1.1420550579337596       0.24704613398844474        4.4977924501430717        23.238252015037968        95.558865287094477     
  0.45000000000000034       0.64065100814947651        1.1282667185936521       0.24597911507355877        4.4593743661572338        23.375884608524288        95.732352615373344     
  0.45100000000000035       0.63232800312257265        1.1146570194511753       0.24491111197096482        4.4210914629525346        23.512872554190967        95.899476023202936     
  0.45200000000000035       0.62412688774884162        1.1012235004751012       0.24384227897506816        4.3829526794146929        23.651155602601012        96.069262055018100     
  0.45300000000000035       0.61604565276031897        1.0879637386817085       0.24277277043901521        4.3449667840532697        23.783771348032257        96.217038878149481     
  0.45400000000000035       0.60808232698313369        1.0748753474790620       0.24170274081310097        4.3071423719952779        23.923393797503309        96.379538786762936     
  0.45500000000000035       0.60023497649756763        1.0619559760259332       0.24063234467738165        4.2694878621520873        24.058929697814420        96.529475384485735     
  0.45600000000000035       0.59250170381887424        1.0492033086048547       0.23956173676726372        4.2320114945201563        24.194663716554501        96.675467598044264     
  0.45700000000000035       0.58488064709837118        1.0366150640089813       0.23849107199386060        4.1947213276617124        24.329799139939535        96.815936773069964     
  0.45800000000000035       0.57736997934427892        1.0241889949423795       0.23742050545698273        4.1576252363309916        24.465724923788798        96.957265178012790     
  0.45900000000000035       0.56996790766181293        1.0119228874334150       0.23635019245313871        4.1207309092652951        24.605349132801351        97.105169431478885     
  0.46000000000000035       0.56267267251201836       0.99981456026086113       0.23528028847714452        4.0840458471317396        24.735247180666313        97.220129582444599     
  0.46100000000000035       0.55548254698887212       0.98786186439237833       0.23421094921798213        4.0475773606334506        24.869607079430672        97.346346735459775     
  0.46200000000000035       0.54839583611420040       0.97606268243511352       0.23314233054853836        4.0113325687795944        25.004450517175986        97.468875143472303     
  0.46300000000000036       0.54141087614992178       0.96441492809801366       0.23207458851099713        3.9753183973093349        25.137991561634376        97.584855248988660     
  0.46400000000000036       0.53452603392717035       0.95291654566555040       0.23100787929544289        3.9395415772673843        25.272398464043317        97.700298249197331     
  0.46500000000000036       0.52773970619191346       0.94156550948267759       0.22994235921439934        3.9040086437542625        25.404334896537058        97.805928518112808     
  0.46600000000000036       0.52105031896654852       0.93035982345053758       0.22887818467175397        3.8687259348138050        25.537976592918788        97.913379463947379     
  0.46700000000000036       0.51445632692713639       0.91929752053278213       0.22781551212748088        3.8336995904867082        25.670590602988785        98.014118216191321     
  0.46800000000000036       0.50795621279583369       0.90837666227217795       0.22675449805709769        3.7989355520117591        25.804268503739213        98.114103382721723     
  0.46900000000000036       0.50154848674811714       0.89759533831721150       0.22569529890785553        3.7644395611943748        25.936311883176931        98.207917908431469     
  0.47000000000000036       0.49523168583444976       0.88695166595848329       0.22463807104982372        3.7302171599043903        26.068335856083902        98.297456834764660     
  0.47100000000000036       0.48900437341596348       0.87644378967457282       0.22358297072354880        3.6962736897446131        26.199800699263587        98.382640286221999     
  0.47200000000000036       0.48286513861384184       0.86606988068721191       0.22253015398438641        3.6626142918515052        26.331064557192565        98.464456904207395     
  0.47300000000000036       0.47681259577198604       0.85582813652541567       0.22147977664339649        3.6292439068529991        26.462585928684998        98.544401768986035     
  0.47400000000000037       0.47084538393267150       0.84571678059846656       0.22043199420432139        3.5961672749717248        26.593675764099647        98.619656054435580     
  0.47500000000000037       0.46496216632482529       0.83573406177743437       0.21938696179909978        3.5633889362576898        26.724202682538710        98.689285781796272     
  0.47600000000000037       0.45916162986458692       0.82587825398504233       0.21834483412024430        3.5309132309747482        26.853253370175526        98.753596826623394     
  0.47700000000000037       0.45344248466784398       0.81614765579367266       0.21730576534977586        3.4987443001235956        26.983937138819165        98.817968588296068     
  0.47800000000000037       0.44780346357441880       0.80654059003129031       0.21626990908829044        3.4668860860956014        27.115107871402007        98.881579913056228     
  0.47900000000000037       0.44224332168362374       0.79705540339514303       0.21523741828064041        3.4353423334604800        27.245082533947585        98.941529324968684     
  0.48000000000000037       0.43676083590082765       0.78769046607292015       0.21420844513939244        3.4041165898902173        27.374311321297284        98.991844815391843     
  0.48100000000000037       0.43135480449481955       0.77844417137132105       0.21318314106983455        3.3732122072029100        27.503368294285462        99.040684228681585     
  0.48200000000000037       0.42602404666561872       0.76931493535175088       0.21216165659058517        3.3426323425433258        27.633006760803958        99.089643729391000     
  0.48300000000000037       0.42076740212250352       0.76030119647302863       0.21114414125588438        3.3123799596755714        27.761953520256576        99.133315352163777     
  0.48400000000000037       0.41558373067196802       0.75140141524089565       0.21013074357558395        3.2824578303966434        27.890146547315581        99.172098892633571     
  0.48500000000000038       0.41047191181532644       0.74261407386414002       0.20912161093573589        3.2528685360783012        28.020705672402169        99.215091705695002     
  0.48600000000000038       0.40543084435577237       0.73393767591726844       0.20811688951910215        3.2236144693031448        28.147173130241821        99.242379078059940     
  0.48700000000000038       0.40045944601458167       0.72537074600946871       0.20711672422567856        3.1946978356316471        28.275188314522676        99.273402771281070     
  0.48800000000000038       0.39555665305623605       0.71691182945971599       0.20612125859191185        3.1661206554614423        28.402965665211518        99.300130372824597     
  0.48900000000000038       0.39072141992226284       0.70855949197795431       0.20513063471449028        3.1378847659969673        28.530904014956121        99.325590567871444     
  0.49000000000000038       0.38595271887352844       0.70031231935213611       0.20414499316926840        3.1099918233207280        28.657574224106451        99.344242438512651     
  0.49100000000000038       0.38124953964076763       0.69216891714098217       0.20316447293674997        3.0824433045592214        28.784821827778106        99.368409715113529     
  0.49200000000000038       0.37661088908316143       0.68412791037238796       0.20218921132430906        3.0552405101443192        28.950396587840100        99.524189594248142     
  0.49300000000000038       0.37203579085471333       0.67618794324724929       0.20121934389222199        3.0283845661652458        29.039772775505316        99.375968276189170     
  0.49400000000000038       0.36752328507825432       0.66834767884867519       0.20025500438016797        3.0018764268077449        29.167419664393407        99.407635566343217     
  0.49500000000000038       0.36307242802685280       0.66060579885638859       0.19929632463577254        2.9757168768763100        29.292868702897056        99.408567702205389     
  0.49600000000000039       0.35868229181245914       0.65296100326624518       0.19834343454446091        2.9499065343980231        29.418539758721334        99.409748874646112     
  0.49700000000000039       0.35435196408157404       0.64541201011471083       0.19739646196145227        2.9244458532992108        29.544920814351311        99.411477455289827     
  0.49800000000000039       0.35008054771778135       0.63795755520823205       0.19645553264717655        2.8993351261616507        29.669939208897983        99.406513859012492     
  0.49900000000000039       0.34586716055094680       0.63059639185733152       0.19552077020126213        2.8745744870396970        29.796354011927203        99.403775918588053     
  0.50000000000000033       0.34171093507292094       0.62332729061536463       0.19459229600268266        2.8501639143471276        29.921221464067369        99.393663845140537     
