   0.0000000000000000        0.0000000000000000        0.0000000000000000        0.0000000000000000        0.0000000000000000        0.0000000000000000        0.0000000000000000     
   5.0000000000000001E-003   0.0000000000000000        0.0000000000000000        0.0000000000000000        0.0000000000000000        0.0000000000000000        0.0000000000000000     
   1.0000000000000000E-002   0.0000000000000000        0.0000000000000000        0.0000000000000000        0.0000000000000000        0.0000000000000000        0.0000000000000000     
   1.4999999999999999E-002   0.0000000000000000        0.0000000000000000        0.0000000000000000        0.0000000000000000        0.0000000000000000        0.0000000000000000     
   2.0000000000000000E-002   3.6380480664429941E-002  0.16304676204673069        0.0000000000000000        0.0000000000000000        0.0000000000000000        0.0000000000000000     
   2.5000000000000001E-002  0.48666801773407009        1.4567686029325699        2.5983785992494637E-004   0.0000000000000000        0.0000000000000000        0.0000000000000000     
   3.0000000000000002E-002  0.98652575476765203        2.7738286662878302        6.8470029235222338E-004   0.0000000000000000        0.0000000000000000        0.0000000000000000     
   3.5000000000000003E-002   1.5281215691478303        4.1328260298140256        1.1317613545831330E-003   0.0000000000000000        0.0000000000000000        0.0000000000000000     
   4.0000000000000001E-002   2.3580908175137720        6.1234790540617059        1.6008669481595524E-003   0.0000000000000000        0.0000000000000000        0.0000000000000000     
   4.4999999999999998E-002   3.5566913290892450        8.5702254757268737        2.0918217811151207E-003   0.0000000000000000        0.0000000000000000        0.0000000000000000     
   4.9999999999999996E-002   4.8604495862691701        11.143394875117167        2.6043992143721401E-003   0.0000000000000000        0.0000000000000000        0.0000000000000000     
   5.4999999999999993E-002   6.2879398722982982        13.873254208488584        3.1383519623888294E-003   0.0000000000000000        0.0000000000000000        0.0000000000000000     
   5.9999999999999991E-002   7.8499772465827302        16.779061888534020        3.6934235272095047E-003   0.0000000000000000        0.0000000000000000        0.0000000000000000     
   6.4999999999999988E-002   9.5489662821889372        19.867317027034673        4.2693602465145447E-003   3.2339945933191824E-002   0.0000000000000000        0.0000000000000000     
   6.9999999999999993E-002   11.378979937429101        23.131150373815494        4.8659238409245699E-003   6.6399400589790034E-002   0.0000000000000000        0.0000000000000000     
   7.4999999999999997E-002   13.326504132171529        26.550857846594834        5.4829043530487181E-003  0.10138219458504716        0.0000000000000000        0.0000000000000000     
   8.0000000000000002E-002   15.371701496812474        30.095424427247853        6.1201333812605351E-003  0.13736000103748428        0.0000000000000000        0.0000000000000000     
   8.5000000000000006E-002   17.489993648241558        33.724772443603108        6.7774975217750151E-003  0.17440886773449932        0.0000000000000000        0.0000000000000000     
   9.0000000000000011E-002   19.653748613856649        37.392419542321299        7.4549519499244954E-003  0.21260923517327679        0.0000000000000000        0.0000000000000000     
   9.5000000000000015E-002   21.833888303145134        41.048248104382495        8.1525340793919127E-003  0.25204592083823640        0.0000000000000000        0.0000000000000000     
  0.10000000000000002        24.001286391282285        44.641147517797847        8.8703772591233673E-003  0.29280806483766275        0.0000000000000000        0.0000000000000000     
  0.10500000000000002        26.127890006917827        48.121364618809245        9.6087244760509130E-003  0.33498903171168398        0.0000000000000000        0.0000000000000000     
  0.11000000000000003        28.187552688773440        51.442464107547593        1.0367942047180312E-002  0.37868626295932872        0.0000000000000000        0.0000000000000000     
  0.11500000000000003        30.156602704398324        54.562851220474045        1.1148533293921355E-002  0.42400107459184322        0.0000000000000000        0.0000000000000000     
  0.12000000000000004        32.014189404718223        57.446844931430448        1.1951152198517247E-002  0.47103839385294588        0.0000000000000000        0.0000000000000000     
  0.12500000000000003        33.742454989791774        60.065316809848625        1.2776617051475748E-002  0.51990642914000962        0.0000000000000000        0.0000000000000000     
  0.13000000000000003        35.326575417892940        62.395932563933577        1.3625924091541631E-002  0.57071626712323675        0.0000000000000000        0.0000000000000000     
  0.13500000000000004        36.754706893981428        64.423051426978986        1.4500261144987973E-002  0.62358139114982691        0.0000000000000000        0.0000000000000000     
  0.14000000000000004        38.017866475233120        66.137351844725117        1.5401021255860793E-002  0.67861711520512080        0.0000000000000000        0.0000000000000000     
  0.14500000000000005        39.109768359782073        67.535258777519971        1.6329816285970494E-002  0.73593992799072228        0.0000000000000000        0.0000000000000000     
  0.15000000000000005        40.026631871202071        68.618247563068991        1.7288490444733420E-002  0.79566674218577071        0.0000000000000000        0.0000000000000000     
  0.15500000000000005        40.766972953567503        69.392092291332006        1.8279133675340401E-002  0.85791404451958020        0.0000000000000000        0.0000000000000000     
  0.16000000000000006        41.331387878136844        69.866114786798633        1.9304094795415450E-002  0.92279694311653637        3.3568207872778068E-006   1.5437148142528887E-004
  0.16500000000000006        41.722335540423387        70.052475904001213        2.0365994237065720E-002  0.99042810950512639        3.4159446027211424E-005   1.4929421476167892E-003
  0.17000000000000007        41.943922961586615        69.965536183268298        2.1467736186898342E-002   1.0609166138768469        1.0699235674935569E-004   4.4332718895529295E-003
  0.17500000000000007        42.001697240146214        69.621299744352896        2.2612519856879024E-002   1.1343666535097467        2.4702428413529362E-004   9.6968720646954006E-003
  0.18000000000000008        41.902446129156765        69.036944685576628        2.3803849544495617E-002   1.2108761758353748        4.8802334605423158E-004   1.8157027609138777E-002
  0.18500000000000008        41.654008580867149        68.230435612699551        2.5045543059062460E-002   1.2905353993924900        8.7396008280675799E-004   3.0854983594028527E-002
  0.19000000000000009        41.265095968768243        67.220209139996257        2.6341737994987735E-002   1.3734252378428522        1.4608988801022241E-003   4.9020993974544520E-002
  0.19500000000000009        40.745124239078784        66.024920860533413        2.7696895222429380E-002   1.4596156343074436        2.3205018958765418E-003   7.4142053123479101E-002
  0.20000000000000009        40.104056936201090        64.663241802611722        2.9115798865298612E-002   1.5491638156394993        3.5396543502487429E-003  0.10789701185571839     
  0.20500000000000010        39.352258865134623        63.153693189370955        3.0603551905009484E-002   1.6421124785751031        5.2250120581973213E-003  0.15224458788910220     
  0.21000000000000010        38.500360072871715        61.514509879715291        3.2165566434290992E-002   1.7384879222215091        7.5037683895299995E-003  0.20939030159380873     
  0.21500000000000011        37.559129824713374        59.763524776844882        3.3807547474130534E-002   1.8382981439884547        1.0528443191929899E-002  0.28186131587911328     
  0.22000000000000011        36.539360295515678        57.918068444616225        3.5535469151732328E-002   1.9415309185320841        1.4476928776167118E-002  0.37244476493617984     
  0.22500000000000012        35.451759767672527        55.994879973555591        3.7355541974166809E-002   2.0481518819680162        1.9554336118512122E-002  0.48416155223547125     
  0.23000000000000012        34.306855207997899        54.010026673908506        3.9274169866829370E-002   2.1581026459453230        2.5993880753253776E-002  0.62009829447167675     
  0.23500000000000013        33.114904169363129        51.978831392676149        4.1297895669187817E-002   2.2712989686229994        3.4091236304325402E-002  0.78494669804085837     
  0.24000000000000013        31.885816018911061        49.915807149790062        4.3433333832590487E-002   2.3876290116158123        4.4141415804837200E-002  0.98174080733556512     
  0.24500000000000013        30.629082525913461        47.834599388652912        4.5687089230138062E-002   2.5069517138416879        5.6493594442503237E-002   1.2148286215598558     
  0.25000000000000011        29.353717845584342        45.747936477821597        4.8065661221824832E-002   2.6290953147196454        7.1533753906707256E-002   1.4880241919070167     
  0.25500000000000012        28.068207910308519        43.667589230663182        5.0575332496227171E-002   2.7538560602619704        8.9739200275148812E-002   1.8079256418974741     
  0.26000000000000012        26.780469189218834        41.604340176748046        5.3222042680514670E-002   2.8809971262386931       0.11154194784632823        2.1770081538536292     
  0.26500000000000012        25.497816705153433        39.567963168400190        5.6011247329796177E-002   3.0102477927551132       0.13750382136665479        2.6010376031363824     
  0.27000000000000013        24.226941110238041        37.567213679206240        5.8947763623811190E-002   3.1413029041733402       0.16830745502944755        3.0866696209259539     
  0.27500000000000013        22.973894523762535        35.609829883390780        6.2035604951167417E-002   3.2738226471794061       0.20419025429254778        3.6313958772539019     
  0.28000000000000014        21.744084734834214        33.702544324448795        6.5277807447681177E-002   3.4074326783441879       0.24618729188991983        4.2467114466696536     
  0.28500000000000014        20.542277273324277        31.851105710641388        6.8676252515132152E-002   3.5417246301789960       0.29486038735908793        4.9331100447566429     
  0.29000000000000015        19.372604761056927        30.060310130464011        7.2231490227264217E-002   3.6762570215289911       0.35093582976057214        5.6974308505532871     
  0.29500000000000015        18.238582875308740        28.334040774288137        7.5942569385327341E-002   3.8105565951810942       0.41510405554647806        6.5396636068094125     
  0.30000000000000016        17.143132191778641        26.675315085859779        7.9806880599217214E-002   3.9441201005856836       0.48811560234660423        7.4635272136722994     
  0.30500000000000016        16.088605126476736        25.086338152190443        8.3820019193247275E-002   4.0764165357061657       0.57072642867057621        8.4720317492890693     
  0.31000000000000016        15.076817166663851        23.568561072529086        8.7975674823621508E-002   4.2068898559027561       0.66361684516530339        9.5656058372033428     
  0.31500000000000017        14.109081570285223        22.122743024078609        9.2265554433916708E-002   4.3349621525893323       0.76738630904490845        10.747156934591779     
  0.32000000000000017        13.186246720679845        20.749015759693581        9.6679344492822381E-002   4.4600372978273777       0.88275947181503844        12.016064527478024     
  0.32500000000000018        12.308735347400592        19.446949325540462       0.10120471741651005        4.5815050443696324        1.0102620166997345        13.371818215533635     
  0.33000000000000018        11.476584862899802        18.215617868500182       0.10582738564028432        4.6987455640007116        1.1503323992410215        14.814712961376630     
  0.33500000000000019        10.689488116368860        17.053664507526090       0.11053120509330530        4.8111343994333673        1.3033617803682953        16.341390058393703     
  0.34000000000000019        9.9468339276853257        15.959364363892186       0.11529832787214742        4.9180477977043795        1.4696734452434466        17.949838164340871     
  0.34500000000000020        9.2477468336299200        14.930684976244660       0.12010940191417920        5.0188683855507135        1.6493542009098612        19.635544117198020     
  0.35000000000000020        8.5911255527161696        13.965343462093117       0.12494381343582532        5.1129911390766933        1.8426529080807914        21.396386432130182     
  0.35500000000000020        7.9756797516827156        13.060859923006392       0.12977996612354753        5.1998295925475269        2.0492838199562446        23.224120365266856     
  0.36000000000000021        7.3999647736841041        12.214606722201003       0.13459558943438837        5.2788222228953030        2.2693271869971086        25.115683754198219     
  0.36500000000000021        6.8624140634923707        11.423853387106254       0.13936806723729930        5.3494389389037682        2.5024055095954862        27.062983522381657     
  0.37000000000000022        6.3613690968992103        10.685807003300662       0.14407477721452014        5.4111875958300937        2.7480701344698963        29.058841122686669     
  0.37500000000000022        5.8951066886136374        9.9976480681229507       0.14869343117999995        5.4636204487277524        3.0060967049570602        31.098027325573366     
  0.38000000000000023        5.4618636142326071        9.3565618611307233       0.15320240659769901        5.5063404501941164        3.2756758125550474        33.169626126192000     
  0.38500000000000023        5.0598585365789770        8.7597654638680176       0.15758106020599338        5.5390072911635819        3.5564084310244137        35.268012192057540     
  0.39000000000000024        4.6873112744058698        8.2045306230979005       0.16181001556429134        5.5613430773623334        3.8473445850521739        37.382050550838990     
  0.39500000000000024        4.3424594919683859        7.6882027001589792       0.16587141760181109        5.5731375282039730        4.1479432219861643        39.506428886598030     
  0.40000000000000024        4.0235729213065055        7.2082159851699430       0.16974914869138261        5.5742525817916082        4.4574407465232522        41.632513523897337     
  0.40500000000000025        3.7289652554986379        6.7621056794301140       0.17342900230297451        5.5646262870882115        4.7748579451933395        43.749949961809996     
  0.41000000000000025        3.4570038710226956        6.3475168637255024       0.17689881189636264        5.5442758654114357        5.0991053902763488        45.849795847169212     
  0.41500000000000026        3.2061175512068147        5.9622107756279208       0.18014853423406058        5.5132998270174980        5.4303548582291290        47.932369573067639     
  0.42000000000000026        2.9748023911536037        5.6040687165916632       0.18317028772186425        5.4718790362199705        5.7666023949359886        49.979906954416194     
  0.42500000000000027        2.7616260681219522        5.2710939010245870       0.18595834763821045        5.4202766304966916        6.1075712178260133        51.990976465371936     
  0.43000000000000027        2.5652306608135822        4.9614115458041557       0.18850910119424744        5.3588367161930499        6.4524822554905770        53.958830138972019     
  0.43500000000000028        2.3843341970018095        4.6732674811096775       0.19082096619817160        5.2879817861407208        6.8006188336086497        55.877678933966763     
  0.44000000000000028        2.2177311021040436        4.4050255430359835       0.19289427774333279        5.2082088319631543        7.1511182143129464        57.741485421549363     
  0.44500000000000028        2.0642917122455775        4.1551639862047649       0.19473114773489897        5.1200841575261622        7.5035074287205434        59.543193305129236     
  0.45000000000000029        1.9229610046558783        3.9222711313442389       0.19633530228064208        5.0242369371789044        7.8566165599918039        61.284119880932288     
  0.45500000000000029        1.7927566863867883        3.7050404392773788       0.19771190198903932        4.9213516035463298        8.2103150563279321        62.954433772156563     
  0.46000000000000030        1.6727667697964572        3.5022651795389064       0.19886735006562531        4.8121591920158489        8.5641066852806222        64.553888384456755     
  0.46500000000000030        1.5621467503904849        3.3128328394027533       0.19980909283674433        4.6974278107435747        8.9173646533992574        66.079330376235433     
  0.47000000000000031        1.4601164897814380        3.1357193978123128       0.20054541693463612        4.5779524440119124        9.2701772350662601        67.531607020997185     
  0.47500000000000031        1.3659568939878499        2.9699835688305036       0.20108524693919766        4.4545443292832836        9.6213574318506172        68.903300268903578     
  0.48000000000000032        1.2790064652580473        2.8147611009469666       0.20143794676713644        4.3280201729652168        9.9711240703765789        70.197357494387532     
  0.48500000000000032        1.1986577942348906        2.6692592019996577       0.20161312759600455        4.1991914831524735        10.319750421960338        71.415649587039439     
  0.49000000000000032        1.1243540486931225        2.5327511446320110       0.20162046460991409        4.0688542984950722        10.665075223709149        72.546567287795455     
  0.49500000000000033        1.0555855053575229        2.4045710941041571       0.20146952439482377        3.9377795793505821        11.009452159856297        73.604658239154844     
  0.50000000000000033       0.99188616249094663        2.2841091888586535       0.20116960441168705        3.8067045007102474        11.350813997995454        74.579527708224646     
  0.50500000000000034       0.93283046304030737        2.1708068944270149       0.20072958565789742        3.6763248471148193        11.689607585048046        75.474105725761433     
  0.51000000000000034       0.87803015113525507        2.0641526429483275       0.20015779941434866        3.5472886601308011        12.027322121635988        76.301955163824502     
  0.51500000000000035       0.82713127862080849        1.9636777636385829       0.19946190888812099        3.4201912321324905        12.362443743118103        77.049756421443703     
  0.52000000000000035       0.77981137302741077        1.8689527038692366       0.19864880661636364        3.2955714800559481        12.695659807948173        77.728379191775375     
  0.52500000000000036       0.73577677388707652        1.7795835359562933       0.19772452872067098        3.1739096739015129        13.024696447421187        78.322519210310745     
  0.53000000000000036       0.69476014053137647        1.6952087411956056       0.19669418751761206        3.0556264411818850        13.353009941380574        78.855718890115568     
  0.53500000000000036       0.65651813139115378        1.6154962599783880       0.19556192459626134        2.9410829243113241        13.678920938073118        79.319156539393973     
  0.54000000000000037       0.62082925229324548        1.5401407948644112       0.19433088732102566        2.8305819357806432        14.001957524882789        79.711744840227595     
  0.54500000000000037       0.58749186924910435        1.4688613521642446       0.19300323273902201        2.7243699376610078        14.325760746809239        80.056848589581122     
  0.55000000000000038       0.55632237969049891        1.4013990067847222       0.19158016413874948        2.6226396676699606        14.646895451275277        80.334106715783079     
  0.55500000000000038       0.52715353496660911        1.3375148747287984       0.19006200681640978        2.5255332422655870        14.966152854016466        80.552406964999633     
  0.56000000000000039       0.49983290611766390        1.2769882776294763       0.18844833102535966        2.4331455855183193        15.283596747457556        80.710630496788752     
  0.56500000000000039       0.47422148442954942        1.2196150839635573       0.18673813117749929        2.3455280571077197        15.601919563097001        80.829589029307115     
  0.57000000000000040       0.45019240800336069        1.1652062120706905       0.18493007107281323        2.2626921799666908        15.918467103291434        80.891598965087297     
  0.57500000000000040       0.42762980550023399        1.1135862807421042       0.18302280455618841        2.1846133940248533        16.234532033289248        80.908511613411378     
  0.58000000000000040       0.40642774830647521        1.0645923938945598       0.18101537917451452        2.1112347845534440        16.548076131289545        80.871816828494900     
  0.58500000000000041       0.38648930257301889        1.0180730466697465       0.17890772624140880        2.0424707500539108        16.865973560367376        80.810569496329435     
  0.59000000000000041       0.36772567288766039       0.97388714116633812       0.17670123363111323        1.9782105851338365        17.181192509795743        80.699895377630170     
  0.59500000000000042       0.35005542971260306       0.93190310089396744       0.17439938689042095        1.9183219592438290        17.498335495719374        80.559405058191047     
  0.60000000000000042       0.33340381314302703       0.89199807391679353       0.17200844980860922        1.8626542737949738        17.814745258698540        80.377659017719438     
  0.60500000000000043       0.31770210599644200       0.85405721551190572       0.16953813801257153        1.8110418800060504        18.132884354187457        80.169134685339998     
  0.61000000000000043       0.30288706971309975       0.81797304199340271       0.16700222019885999        1.7633071390117556        18.451089444142333        79.926062500027058     
  0.61500000000000044       0.28890043702295010       0.78364484813791990       0.16441896489513036        1.7192633058002036        18.772625169399209        79.665315778387551     
  0.62000000000000044       0.27568845580507917       0.75097818138577932       0.16181134050052043        1.6787172195026336        19.094920759357745        79.376044072177251     
  0.62500000000000044       0.26320147902409019       0.71988436668055800       0.15920687899456776        1.6414717849679821        19.419161979145535        79.063356798443124     
  0.63000000000000045       0.25139359606894163       0.69028007644669409       0.15663713354660830        1.6073282337826347        19.745018783519356        78.728865616341224     
  0.63500000000000045       0.24022230123951169       0.66208694079000519       0.15413669997746254        1.5760881568831355        20.074585021966858        78.380707186915870     
  0.64000000000000046       0.22964819552188009       0.63523119354014379       0.15174182919563026        1.5475553050774489        20.405756194738807        78.010207027922107     
  0.64500000000000046       0.21963471816340108       0.60964335023908212       0.14948872358170559        1.5215371579194212        20.741265141039854        77.630836874016367     
  0.65000000000000047       0.21014790490238142       0.58525791461794530       0.14741167170602201        1.4978462652094982        21.078977144508123        77.233874582866321     
  0.65500000000000047       0.20115617002431910       0.56201311049848746       0.14554121708556578        1.4763013687800952        21.421177935299788        76.828708308942510     
  0.66000000000000048       0.19263010970787081       0.53985063640863740       0.14390256527442849        1.4567283150835491        21.782887162915380        76.474425984929951     
  0.66500000000000048       0.18454232438949383       0.51871544051629070       0.14251440481525351        1.4389607714445203        22.116926905292733        75.989186703591685     
  0.67000000000000048       0.17686725811752271       0.49855551376585044       0.14138825672912086        1.4228407605573339        22.472075740637813        75.561271461719869     
  0.67500000000000049       0.16958105308522983       0.47932169935015900       0.14052838835219369        1.4082190291148309        22.831524567958315        75.124401730969041     
  0.68000000000000049       0.16266141772998977       0.46096751687028331       0.13993224837928583        1.3949552671632210        23.196394324874070        74.685217825322837     
  0.68500000000000050       0.15608750696316201       0.44344899972913449       0.13959131792606855        1.3829181951143190        23.566647064778486        74.242713884570009     
  0.69000000000000050       0.14983981325457896       0.42672454447554115       0.13949223658408655        1.3719855352830324        23.943504587484703        73.802139557769380     
  0.69500000000000051       0.14390006743785938       0.41075477096510271       0.13961805535509098        1.3620438844052596        24.326392141899959        73.358947855027623     
  0.70000000000000051       0.13825114822978068       0.39550239233563256       0.13994948452187492        1.3529885029326640        24.715464224829411        72.915325908532253     
  0.70500000000000052       0.13287699956994345       0.38093209390994642       0.14046603547229131        1.3447230359957947        25.111133818480987        72.472711144910747     
  0.71000000000000052       0.12776255498742994       0.36701042023963654       0.14114699170108669        1.3371591798938962        25.514902607967151        72.035254481739386     
  0.71500000000000052       0.12289366829019906       0.35370566959145017       0.14197217841448226        1.3302163067863162        25.924618179742275        71.591573226978340     
  0.72000000000000053       0.11825704995183636       0.34098779525482403       0.14292252762102539        1.3238210590352459        26.345691351754660        71.168960922988731     
  0.72500000000000053       0.11384020864009109       0.32882831311648875       0.14398045480534702        1.3179069233744203        26.771616454962430        70.737502924252638     
  0.73000000000000054       0.10963139739328001       0.31720021500678436       0.14513007434913239        1.3124137938265501        27.207479698765848        70.313835847002508     
  0.73500000000000054       0.10561956400508819       0.30607788737369684       0.14635728554522065        1.3072875310471193        27.651651124630590        69.896777330085513     
  0.74000000000000055       0.10179430522636779       0.29543703488565437       0.14764976090431547        1.3024795246073031        28.105995142533821        69.487466037234768     
  0.74500000000000055        9.8145824434927934E-002  0.28525460860346263       0.14899686556787528        1.2979462636167827        28.569828003976053        69.084986842464062     
  0.75000000000000056        9.4664892461706687E-002  0.27550873839631901       0.15038953219631684        1.2936489200606189        29.043038933047910        68.689266595659518     
  0.75500000000000056        9.1342811294712500E-002  0.26617866930720824       0.15182011084649150        1.2895529483025112        29.527192109583972        68.299940821697788     
  0.76000000000000056        8.8171380411230391E-002  0.25724470159966978       0.15328220863643932        1.2856277033628527        30.023200528998419        67.924629768887129     
  0.76500000000000057        8.5142865514487284E-002  0.24868813424150737       0.15477052986371836        1.2818460798438733        30.527249212938607        67.548003457895177     
  0.77000000000000057        8.2249969473671747E-002  0.24049121160185646       0.15628072374373872        1.2781841727334706        31.045243945291190        67.189572906334249     
  0.77500000000000058        7.9485805286285599E-002  0.23263707315653129       0.15780924420437295        1.2746209607665300        31.572622008871058        66.834856039929477     
  0.78000000000000058        7.6843870899541464E-002  0.22510970601295738       0.15935322405650668        1.2711380125535474        32.111909195503110        66.489440914299522     
  0.78500000000000059        7.4318025743293867E-002  0.21789390008075127       0.16091036435533226        1.2677192153104442        32.663503349521100        66.154525270361930     
  0.79000000000000059        7.1902468840924119E-002  0.21097520572707798       0.16247883871701471        1.2643505257053615        33.226148667296748        65.827536087272222     
  0.79500000000000060        6.9591718377032374E-002  0.20433989376775463       0.16405721169467236        1.2610197420967599        33.802264529654757        65.511843819984747     
  0.80000000000000060        6.7380592611819695E-002  0.19797491765569858       0.16564436994106183        1.2577162972470624        34.389469042606343        65.203630706129658     
  0.80500000000000060        6.5264192041901800E-002  0.19186787773794095       0.16723946469311393        1.2544310704660551        34.989694780436146        64.906757618759457     
  0.81000000000000061        6.3237882716083160E-002  0.18600698746116168       0.16884186410215279        1.2511562180369586        35.603155356059759        64.619781989905391     
  0.81500000000000061        6.1297280622502483E-002  0.18038104141365338       0.17045111398091398        1.2478850207358381        36.227924603768386        64.340299968111026     
  0.82000000000000062        5.9438237070621507E-002  0.17497938509892391       0.17206690565772093        1.2446117472148035        36.866801208718051        64.073150372633791     
  0.82500000000000062        5.7656824997870046E-002  0.16979188634277270       0.17368904975966615        1.2413315320363485        37.523331405766484        63.828149700852229     
  0.83000000000000063        5.5949326136476761E-002  0.16480890824181627       0.17531745492282549        1.2380402671559507        38.180977230063590        63.562949916083603     
  0.83500000000000063        5.4312218981185031E-002  0.16002128356713441       0.17695211052941551        1.2347345056916095        38.858090978005606        63.322356900728408     
  0.84000000000000064        5.2742167503201341E-002  0.15542029054187406       0.17859307276135622        1.2314113768682913        39.548948718645100        63.092051721961575     
  0.84500000000000064        5.1236010559966537E-002  0.15099762991653431       0.18024045333531935        1.2280685110801755        40.251868897801813        62.870098666360690     
  0.85000000000000064        4.9790751954173047E-002  0.14674540327015201       0.18189441041769672        1.2247039740761911        40.965882045408975        62.653191177500574     
  0.85500000000000065        4.8403551098953071E-002  0.14265609246979849       0.18355514129531555        1.2213162093448702        41.695010242553259        62.449355787175989     
  0.86000000000000065        4.7071714249339223E-002  0.13872254022469918       0.18522287646904728        1.2179039878359506        42.435826947670463        62.252177559067576     
  0.86500000000000066        4.5792686263025184E-002  0.13493793167496337       0.18689787487492093        1.2144663642264382        43.190393524602740        62.065506623997329     
  0.87000000000000066        4.4564042856103894E-002  0.13129577695831052       0.18858042001838354        1.2110026390100390        43.956035234058135        61.883642933826273     
  0.87500000000000067        4.3383483321916265E-002  0.12778989470139843       0.19027081683546659        1.2075123257410689        44.735890270972774        61.710300079371173     
  0.88000000000000067        4.2248823683382737E-002  0.12441439638537652       0.19196938912388412        1.2039951228384191        45.527220689515438        61.544549927660860     
  0.88500000000000068        4.1157990251247049E-002  0.12116367153807270       0.19367647743070207        1.2004508894012214        46.332168521646189        61.387761536828123     
  0.89000000000000068        4.0109013562571821E-002  0.11803237370791202       0.19539243729494590        1.1968796245532831        47.148143133709688        61.234509175307039     
  0.89500000000000068        3.9100022675584482E-002  0.11501540717719368       0.19711763776940308        1.1932814498704478        47.977595482235415        61.092362557000875     
  0.90000000000000069        3.8129239798563204E-002  0.11210791437459645       0.19885246015020980        1.1896565945057542        48.819593151559168        60.954988949477304     
  0.90500000000000069        3.7194975231993263E-002  0.10930526394915235       0.20059729687355232        1.1860053826580668        49.674012958900732        60.825025176092737     
  0.91000000000000070        3.6295622604566223E-002  0.10660303946987038       0.20235255052666043        1.1823282230729546        50.545248233434705        60.708425977096653     
  0.91500000000000070        3.5429654384915084E-002  0.10399702871727895       0.20411863295434107        1.1786256003067981        51.420040156031966        60.582040056892382     
  0.92000000000000071        3.4595617652146048E-002  0.10148321353493514       0.20589596441758770        1.1748980674993081        52.308834859877422        60.466399202417975     
  0.92500000000000071        3.3792130109342143E-002   9.9057760210735507E-002  0.20768497280446779        1.1711462404513902        53.213555899169087        60.361046833670315     
  0.93000000000000071        3.3017876325257177E-002   9.6717010359562094E-002  0.20948609286333447        1.1673707928107568        54.128857171688395        60.259118782371445     
  0.93500000000000072        3.2271604190333092E-002   9.4457472280230714E-002  0.21129976545330847        1.1635724522012070        55.058292319932164        60.162664934621077     
  0.94000000000000072        3.1552121574115403E-002   9.2275812761358461E-002  0.21312643680562465        1.1597519971533903        55.996049827953954        60.069302054570123     
  0.94500000000000073        3.0858293171930378E-002   9.0168849312018240E-002  0.21496655778260790        1.1559102547044873        56.952110602610716        59.986962617276696     
  0.95000000000000073        3.0189037529471774E-002   8.8133542794431849E-002  0.21682058314911523        1.1520480985575801        57.915137973532666        59.899734305967741     
  0.95500000000000074        2.9543324234675209E-002   8.6166990437209254E-002  0.21868897082335073        1.1481664477036844        58.892785162155491        59.822070673734785     
  0.96000000000000074        2.8920171266906020E-002   8.4266419208754620E-002  0.22057218113640242        1.1442662654241516        59.884441017867786        59.744522649861317     
  0.96500000000000075        2.8318642494132046E-002   8.2429179531633687E-002  0.22247067607825602        1.1403485585926239        60.882817125002575        59.674305760460733     
  0.97000000000000075        2.7737845309334406E-002   8.0652739319734615E-002  0.22438491854231782        1.1364143772242887        61.901236465078767        59.610187574309592     
  0.97500000000000075        2.7176928397934362E-002   7.8934678320977503E-002  0.22631537155254283        1.1324648142033564        62.927241850805174        59.543569934805603     
  0.98000000000000076        2.6635079628559356E-002   7.7272682749388547E-002  0.22826249747459643        1.1285010051560473        63.971062014133210        59.485457930406163     
  0.98500000000000076        2.6111524059915330E-002   7.5664540191121413E-002  0.23022675721977179        1.1245241284108931        65.024412288443074        59.427499544246601     
  0.99000000000000077        2.5605522056997700E-002   7.4108134769916387E-002  0.23220860941255100        1.1205354050299392        66.092611200311509        59.373396643137603     
  0.99500000000000077        2.5116367510273321E-002   7.2601442558233503E-002  0.23420850954418077        1.1165360988618853        67.173724273598637        59.322559649290632     
   1.0000000000000007        2.4643386151875203E-002   7.1142527221088270E-002  0.23622690906713445        1.1125275166031019        68.271889627328449        59.274600882773662     
   1.0050000000000006        2.4185933963203482E-002   6.9729535880296262E-002  0.23826425447863345        1.1085110078402005        69.382422099531738        59.230360613066175     
   1.0100000000000005        2.3743395668659441E-002   6.8360695187473980E-002  0.24032098632258733        1.1044879650501818        70.510068426200334        59.187838666844399     
   1.0150000000000003        2.3315183310580911E-002   6.7034307594842260E-002  0.24239753815932755        1.1004598235562479        71.647243183574389        59.144466664311231     
   1.0200000000000002        2.2900734900725025E-002   6.5748747813398692E-002  0.24449433546431729        1.0964280614016448        72.805794725322258        59.107803860950739     
   1.0250000000000001        2.2499513143938842E-002   6.4502459448651239E-002  0.24661179444873021        1.0923941991546728        73.975096102221798        59.069783154896058     
   1.0300000000000000        2.2111004229909918E-002   6.3293951804585330E-002  0.24875032083241652        1.0883597996184278        75.165452685322848        59.037025909048403     
   1.0349999999999999        2.1734716689138504E-002   6.2121796847061497E-002  0.25091030852909096        1.0843264674450284        76.371475021645168        59.006215100115107     
   1.0399999999999998        2.1370180309513948E-002   6.0984626318344573E-002  0.25309213826346388        1.0802958486400729        77.591120455529321        58.972430547653076     
   1.0449999999999997        2.1016945110069081E-002   5.9881128994838211E-002  0.25529617611777794        1.0762696299621037        78.832102224209038        58.943924932513525     
   1.0499999999999996        2.0674580368715452E-002   5.8810048080602917E-002  0.25752277202194135        1.0722495382015873        80.089692764139002        58.916569938689399     
   1.0549999999999995        2.0342673700937092E-002   5.7770178729594078E-002  0.25977225816316946        1.0682373393475029        81.369091731828362        58.892364316097350     
   1.0599999999999994        2.0020830186593123E-002   5.6760365689914896E-002  0.26204494737442335        1.0642348376236779        82.664165206887773        58.866074013855908     
   1.0649999999999993        1.9708671542173591E-002   5.5779501063819563E-002  0.26434113144196797        1.0602438744087250        83.982472270274187        58.844167587058031     
   1.0699999999999992        1.9405835335966966E-002   5.4826522177412296E-002  0.26666107940596728        1.0562663270300789        85.320271710259561        58.821660775518339     
   1.0749999999999991        1.9111974243790797E-002   5.3900409554448789E-002  0.26900503581241281        1.0523041074263664        86.682726112047291        58.802929257981880     
   1.0799999999999990        1.8826755343034782E-002   5.3000184988817638E-002  0.27137321896333916        1.0483591606938509        88.062692267212398        58.782504915491451     
   1.0849999999999989        1.8549859442927880E-002   5.2124909710678617E-002  0.27376581914667625        1.0444334634973460        89.472178322711017        58.767321799860788     
   1.0899999999999987        1.8280980449036300E-002   5.1273682641408518E-002  0.27618299686386433        1.0405290223624901        90.901601047076184        58.749542962485116     
   1.0949999999999986        1.8019824760129553E-002   5.0445638732824150E-002  0.27862488108302380        1.0366478718444985        92.357283792464600        58.734094906177745     
   1.0999999999999985        1.7766110695658255E-002   4.9639947386376976E-002  0.28109156748132241        1.0327920725663946        93.840765942262252        58.721361288139718     
   1.1049999999999984        1.7519567952175595E-002   4.8855810948215422E-002  0.28358311673093950        1.0289637091468851        95.350177321551385        58.708533631382991     
   1.1099999999999983        1.7279937087146445E-002   4.8092463276271161E-002  0.28609955281290222        1.0251648880048734        96.886095095536874        58.695373646159432     
   1.1149999999999982        1.7046969028661301E-002   4.7349168375685910E-002  0.28864086136743566        1.0213977350440397        98.454213515966018        58.686469929901833     
   1.1199999999999981        1.6820424609668778E-002   4.6625219099122817E-002  0.29120698808144641        1.0176643932298290        100.05204888131111        58.678481995050340     
   1.1249999999999980        1.6600074125409304E-002   4.5919935908665201E-002  0.29379783715647051        1.0139670200507775        101.68140153663066        58.671510878105906     
   1.1299999999999979        1.6385696912812369E-002   4.5232665696188654E-002  0.29641326981163346        1.0103077848756561        103.33471321380685        58.660442417746175     
   1.1349999999999978        1.6177080950687598E-002   4.4562780659256208E-002  0.29905310288355691        1.0066888662021223        105.02617609523844        58.652054137772268     
   1.1399999999999977        1.5974022479604645E-002   4.3909677229733948E-002  0.30171710746658942        1.0031124488056864        106.75061065791381        58.645945367141813     
   1.1449999999999976        1.5776325640418774E-002   4.3272775052473858E-002  0.30440500769537188       0.99958072079698623        108.50878488056699        58.636942535495599     
   1.1499999999999975        1.5583802130458395E-002   4.2651516011550983E-002  0.30711647957429627       0.99609587057035542        110.30578448984099        58.630922883904738     
   1.1549999999999974        1.5396270876444362E-002   4.2045363301673667E-002  0.30985114992586665       0.99266008368220005        112.12467551712504        58.623988160183600     
   1.1599999999999973        1.5213557723259823E-002   4.1453800542497671E-002  0.31260859550435904       0.98927553963037529        114.09712277022079        58.667080692149469     
   1.1649999999999971        1.5035495137744416E-002   4.0876330933712221E-002  0.31538834213056843       0.98594440855565146        115.90832413485920        58.630831498098672     
   1.1699999999999970        1.4861921926721892E-002   4.0312476448850984E-002  0.31818986408270944       0.98266884787509512        117.87975606686142        58.630863418654698     
   1.1749999999999969        1.4692682968526705E-002   3.9761777065921204E-002  0.32101258355690637       0.97945099883399622        119.89191555743103        58.640506373508543     
   1.1799999999999968        1.4527628957321006E-002   3.9223790032999244E-002  0.32385587032861457       0.97629298299057321        121.93642642841922        58.644966618774426     
   1.1849999999999967        1.4366616159543044E-002   3.8698089167077052E-002  0.32671904154700482       0.97319689865944492        124.02312336350975        58.649549138279184     
   1.1899999999999966        1.4209506181857507E-002   3.8184264184504296E-002  0.32960136183102867       0.97016481726759407        126.15580400932514        58.655885272823383     
   1.1949999999999965        1.4056165750017264E-002   3.7681920061476443E-002  0.33250204347157775       0.96719877968831836        128.33625673704796        58.662797695444162     
   1.1999999999999964        1.3906466498069613E-002   3.7190676423072264E-002  0.33542024697161754       0.96430079251635803        130.56021533843233        58.669003604326562     
   1.2049999999999963        1.3760284767382728E-002   3.6710166959456281E-002  0.33835508183433993       0.96147282430468795        132.83586886482490        58.675770847122422     
   1.2099999999999962        1.3617501414983113E-002   3.6240038867895841E-002  0.34130560774490992       0.95871680177233387        135.15835757709533        58.681920897623691     
   1.2149999999999961        1.3478001630732348E-002   3.5779952319342223E-002  0.34427083612430481       0.95603460598092982        137.53753064261673        58.694461108514794     
   1.2199999999999960        1.3341674762893567E-002   3.5329579948374192E-002  0.34724973213976340       0.95342806849657669        139.96779966462697        58.707076001617821     
   1.2249999999999959        1.3208414151655868E-002   3.4888606365357518E-002  0.35024121735587943       0.95089896752829206        142.45196538783020        58.721020944075562     
   1.2299999999999958        1.3078116970216510E-002   3.4456727689743213E-002  0.35324417301002276       0.94844902406256537        144.98787894989445        58.732521566293663     
   1.2349999999999957        1.2950684073041573E-002   3.4033651103494302E-002  0.35625744404399973       0.94607989800346726        147.58066637637279        58.745201737732380     
   1.2399999999999956        1.2826019850937150E-002   3.3619094423649271E-002  0.35927984406052743       0.94379318429524262        150.23252455405961        58.762919176993535     
   1.2449999999999954        1.2704032092589993E-002   3.3212785693105512E-002  0.36231016122505288       0.94159040909018110        152.94035938784742        58.781073766801953     
   1.2499999999999953        1.2584631852256372E-002   3.2814462788756410E-002  0.36534716521719379       0.93947302589663828        155.70858142630229        58.798585874996597     
   1.2549999999999952        1.2467733323285249E-002   3.2423873046134276E-002  0.36838961526213748       0.93744241178470733        158.52895866060891        58.814827674530257     
   1.2599999999999951        1.2353253717192380E-002   3.2040772899793256E-002  0.37143626909594929       0.93549986360589354        161.42128084072277        58.837113556919853     
   1.2649999999999950        1.2241113147998341E-002   3.1664927538653166E-002  0.37448589308052438       0.93364659425465957        164.36483371681069        58.859818065355334     
   1.2699999999999949        1.2131234521581663E-002   3.1296110575630136E-002  0.37753727285118804       0.93188372898289251        167.37560675374647        58.876418480778021     
   1.2749999999999948        1.2023543429785495E-002   3.0934103730842100E-002  0.38058922464023109       0.93021230176150838        170.44824021674296        58.904873539531451     
   1.2799999999999947        1.1917968049057665E-002   3.0578696527790893E-002  0.38364060669079703       0.92863325170457744        173.58340840709886        58.927451102282788     
   1.2849999999999946        1.1814439043386570E-002   3.0229686001871169E-002  0.38669033055858310       0.92714741956395685        176.79018683197529        58.955331233785508     
   1.2899999999999945        1.1712889471335274E-002   2.9886876420669856E-002  0.38973737180485829       0.92575554429759810        180.05678173667661        58.980394537536249     
   1.2949999999999944        1.1613254696964406E-002   2.9550079015480131E-002  0.39278077968946395       0.92445825972293971        183.38927127756398        59.004744849474193     
   1.2999999999999943        1.1515472304460586E-002   2.9219111723530155E-002  0.39581968543990798       0.92325609126129637        186.79348594774629        59.033629657262246     
   1.3049999999999942        1.1419482016287646E-002   2.8893798940426277E-002  0.39885330890409315       0.92214945278107496        190.26135613544091        59.062500912897534     
   1.3099999999999941        1.1325225614691264E-002   2.8573971282342847E-002  0.40188096306720478       0.92113864354308228        193.79820980569636        59.093830984326644     
   1.3149999999999940        1.1232646866399234E-002   2.8259465357527814E-002  0.40490205653747874       0.92022384526893186        197.40764258707389        59.124445659706787     
   1.3199999999999938        1.1141691450358577E-002   2.7950123546685055E-002  0.40791609371639037       0.91940511932043489        201.08320476636902        59.155722270591475     
   1.3249999999999937        1.1052306888371909E-002   2.7645793791855909E-002  0.41092267283518474       0.91868240401697587        204.82706271534482        59.185477463437955     
   1.3299999999999936        1.0964442478491397E-002   2.7346329393406407E-002  0.41392148181995275       0.91805551209482017        208.65356496012561        59.221334351406874     
   1.3349999999999935        1.0878049231041416E-002   2.7051588814765659E-002  0.41691229245458344       0.91752412828998831        212.54418716434586        59.255629350013834     
   1.3399999999999934        1.0793079807150548E-002   2.6761435494585220E-002  0.41989495287484302       0.91708780710413074        216.50675604582827        59.291092883475564     
   1.3449999999999933        1.0709488459670949E-002   2.6475737665977564E-002  0.42286937885313258       0.91674597070928499        220.55342651844649        59.326364857251868     
   1.3499999999999932        1.0627230976380296E-002   2.6194368182548482E-002  0.42583554429390286       0.91649790702943190        224.66525606630751        59.364801820072117     
   1.3549999999999931        1.0546264625357824E-002   2.5917204350914661E-002  0.42879347121243178       0.91634276800126480        228.85696906715953        59.401094971100505     
   1.3599999999999930        1.0466548102440101E-002   2.5644127769448116E-002  0.43174321972112067       0.91627956802060506        233.10686366744659        59.442466469247613     
   1.3649999999999929        1.0388041480656945E-002   2.5375024172966807E-002  0.43468487820383622       0.91630718257184685        237.45438775658869        59.477960965312271     
   1.3699999999999928        1.0310706161565845E-002   2.5109783283144029E-002  0.43761855424610691       0.91642434706994103        241.87827360550358        59.518356047988021     
   1.3749999999999927        1.0234504828396435E-002   2.4848298664384628E-002  0.44054436630436622       0.91662965590567591        246.36018696998022        59.557431336473080     
   1.3799999999999926        1.0159401400926473E-002   2.4590467584952605E-002  0.44346243672374791       0.91692156170921257        250.94068670033303        59.598373541189424     
   1.3849999999999925        1.0085360992014156E-002   2.4336190883133688E-002  0.44637288596845592       0.91729837483012566        255.58412529589424        59.640206931900302     
   1.3899999999999924        1.0012349865719887E-002   2.4085372838241418E-002  0.44927582843961839       0.91775826306513331        260.30445166165066        59.679412855722212     
   1.3949999999999922        9.9403353969422428E-003   2.3837921046259820E-002  0.45217136972209820       0.91829925161278292        265.12381416908403        59.724639607756828     
   1.3999999999999921        9.8692860325108062E-003   2.3593746299952766E-002  0.45505960579393762       0.91891922327765208        270.00647919805732        59.766244139712512     
   1.4049999999999920        9.7991712536729687E-003   2.3352762473262390E-002  0.45794062337264951       0.91961591893097916        274.97335731913478        59.811297235912235     
   1.4099999999999919        9.7299615399203381E-003   2.3114886409839781E-002  0.46081450238674371       0.92038693824593820        279.83373212514454        59.850890828762907     
   1.4149999999999918        9.6616283340958294E-003   2.2880037815537508E-002  0.46368131958653230       0.92122974068243946        284.39480806927440        59.896657309070420     
   1.4199999999999917        9.5941440087345155E-003   2.2648139154730160E-002  0.46654115381142486       0.92214164675193344        288.96251387475627        59.942065118951938     
   1.4249999999999916        9.5274818335882219E-003   2.2419115550313392E-002  0.46939409249915420       0.92311983959806865        293.58109304629266        59.987168440228345     
   1.4299999999999915        9.4616159442895385E-003   2.2192894687253179E-002  0.47224023928687031       0.92416136683389249        298.26640379059933        60.031554650540372     
   1.4349999999999914        9.3965213121082313E-003   2.1969406719549198E-002  0.47507972293837680       0.92526314269243570        303.00174788957111        60.078004068988704     
   1.4399999999999913        9.3321737147644412E-003   2.1748584180500477E-002  0.47791270676417835       0.92642195048285170        307.78931021897159        60.125537009784217     
   1.4449999999999912        9.2685497082545375E-003   2.1530361896148934E-002  0.48073939892821771       0.92763444538772155        312.66394094775148        60.177549190302955     
   1.4499999999999911        9.2056265996548758E-003   2.1314676901791067E-002  0.48356006346016778       0.92889715752069246        317.55489030252653        60.216000840908613     
   1.4549999999999910        9.1433824208710379E-003   2.1101468361461911E-002  0.48637503121089332       0.93020649537363853        322.50738932047835        60.262732405259207     
   1.4599999999999909        9.0817959032940924E-003   2.0890677490273738E-002  0.48918471138231767       0.93155874957485751        327.53483509747105        60.311529922475358     
   1.4649999999999908        9.0208464533379409E-003   2.0682247479528931E-002  0.49198960280831949       0.93295009698221243        332.60126484107093        60.356687915686415     
   1.4699999999999906        8.9605141288228284E-003   2.0476123424502248E-002  0.49479030529374940       0.93437660513148568        337.74534280553593        60.403934220364334     
   1.4749999999999905        8.9007796161833710E-003   2.0272252254817054E-002  0.49758753039772602       0.93583423705052837        342.94631269194639        60.451309905083093     
   1.4799999999999904        8.8416242084642903E-003   2.0070582667312233E-002  0.50038211194134707       0.93731885641867307        348.18476935691575        60.496827678344033     
   1.4849999999999903        8.7830297840916401E-003   1.9871065061345748E-002  0.50317501571647194       0.93882623310524238        353.47553279797688        60.544641868719189     
   1.4899999999999902        8.7249787863812791E-003   1.9673651476426801E-002  0.50596734851244463       0.94035204907346948        358.79913630069183        60.586854497574002     
   1.4949999999999901        8.6674542037734059E-003   1.9478295532127970E-002  0.50876036616701903       0.94189190466643424        364.28175856859804        60.644478858773063     
   1.4999999999999900        8.6104395507620116E-003   1.9284952370186480E-002  0.51155548050413113       0.94344132528985636        369.73324224882151        60.684557478785273     
   1.5049999999999899        8.5539188495064797E-003   1.9093578598742073E-002  0.51435426502236370       0.94499576848046662        375.26459813091105        60.733099046473939     
   1.5099999999999898        8.4978766120973551E-003   1.8904132238627632E-002  0.51715845928930726       0.94655063135644235        380.85547260608746        60.779036688130724     
   1.5149999999999897        8.4422978234650423E-003   1.8716572671667271E-002  0.51996997186773353       0.94810125849290872        386.50138382819034        60.825300923659348     
   1.5199999999999896        8.3871679249069523E-003   1.8530860590903475E-002  0.52279088150929909       0.94964295019123324        392.19285439974811        60.872095526765030     
   1.5249999999999895        8.3324727982190816E-003   1.8346957952703899E-002  0.52562343670327216       0.95117097117492033        397.95592375806376        60.918462774458483     
   1.5299999999999894        8.2781987504158099E-003   1.8164827930690151E-002  0.52847005328611607       0.95268055968858267        403.77564719075144        60.964741673143770     
   1.5349999999999893        8.2243324990194672E-003   1.7984434871425658E-002  0.53133331006630091       0.95416693701991129        409.69158077509616        61.007746757611720     
   1.5399999999999892        8.1708611579072825E-003   1.7805744251818665E-002  0.53421594258338889       0.95562531746429036        415.59144665495734        61.056690384386634     
   1.5449999999999890        8.1177722236985151E-003   1.7628722638178766E-002  0.53712083412508727       0.95705091870894388        421.58633688985776        61.101380451664753     
   1.5499999999999889        8.0650535626707650E-003   1.7453337646885947E-002  0.54005100506002235       0.95843897265729627        427.62212245133082        61.145617603448976     
   1.5549999999999888        8.0126933981876976E-003   1.7279557906612144E-002  0.54300959931521653       0.95978473669232711        433.73001142061918        61.189641932324264     
   1.5599999999999887        7.9606802986307203E-003   1.7107353022061695E-002  0.54599986851840865       0.96108350536771203        439.94177397202270        61.233124719101532     
   1.5649999999999886        7.9090031658157131E-003   1.6936693539168102E-002  0.54902515344119573       0.96233062259108615        446.11534593354821        61.278040729463136     
   1.5699999999999885        7.8576512238890412E-003   1.6767550911718613E-002  0.55208886286111902       0.96352149420114397        452.38994992433049        61.320586945027387     
   1.5749999999999884        7.8066140086854386E-003   1.6599897469348045E-002  0.55519444947450469       0.96465160104192860        458.72568410835305        61.363363091182208     
   1.5799999999999883        7.7558813575412493E-003   1.6433706386872391E-002  0.55834538322421046       0.96571651247457657        465.11680720890195        61.405392463342153     
   1.5849999999999882        7.7054433995471005E-003   1.6268951654907198E-002  0.56154512135859502       0.96671190035237620        471.59127011241526        61.449140287480553     
   1.5899999999999881        7.6552905462361088E-003   1.6105608051747811E-002  0.56479707615179953       0.96763355344423774        478.09040602100828        61.488918135375805     
   1.5949999999999880        7.6054134826871699E-003   1.5943651116448264E-002  0.56810457875275167       0.96847739236344454        484.66235220599708        61.529934120798913     
   1.5999999999999879        7.5558031590446583E-003   1.5783057123084365E-002  0.57147084100114520       0.96923948491687728        491.29634757167435        61.571477341433294     
   1.6049999999999878        7.5064507824350443E-003   1.5623803056145816E-002  0.57489891378132474       0.96991606194845970        498.00089037763917        61.610950352651990     
   1.6099999999999877        7.4573478092766158E-003   1.5465866587029697E-002  0.57839164252862540       0.97050353362719866        504.73889245251638        61.650898954865930     
   1.6149999999999876        7.4084859379714065E-003   1.5309226051597685E-002  0.58195161974407128       0.97099850626814166        511.53255105556639        61.690274557112140     
   1.6199999999999875        7.3598571019659678E-003   1.5153860428752757E-002  0.58558113534841294       0.97139779951992589        518.39907234066482        61.728870101220288     
   1.6249999999999873        7.3114534631803924E-003   1.4999749320019188E-002  0.58928212400734004       0.97169846415346894        525.32391505596638        61.766378921187929     
   1.6299999999999872        7.2632674057864204E-003   1.4846872930069350E-002  0.59305611011016712       0.97189780020373617        532.29674467401753        61.801452529378977     
   1.6349999999999871        7.2152915303349031E-003   1.4695212048184770E-002  0.59690415123119422       0.97199337566350785        539.34209782176629        61.838527253976501     
   1.6399999999999870        7.1675186482167532E-003   1.4544748030602711E-002  0.60082677905997595       0.97198304564377436        546.43944310769245        61.874526915307626     
   1.6449999999999869        7.1199417764542050E-003   1.4395462783727598E-002  0.60482394038438625       0.97186497194988020        553.62260282605314        61.911671512991063     
   1.6499999999999868        7.0725541328100295E-003   1.4247338748169290E-002  0.60889493582170129       0.97163764320313251        560.88310478207120        61.945675940289881     
   1.6549999999999867        7.0253491312072067E-003   1.4100358883576502E-002  0.61303835994782174       0.97129989539323880        568.15748335408750        61.977078260105550     
   1.6599999999999866        6.9783203774511689E-003   1.3954506654239848E-002  0.61725204140754419       0.97085093291572755        575.43625361131058        61.998540520749110     
   1.6649999999999865        6.9314616652482695E-003   1.3809766015435718E-002  0.62153298509223587       0.97029035007469788        582.92932095068193        62.043905248069748     
   1.6699999999999864        6.8847669725046832E-003   1.3666121400468294E-002  0.62587731698913052       0.96961815302974097        590.34378585102240        62.077229929632317     
   1.6749999999999863        6.8382304579076951E-003   1.3523557708400077E-002  0.63028023317013471       0.96883478225464392        597.84935163850480        62.106361798427969     
   1.6799999999999862        6.7918464577742541E-003   1.3382060292430728E-002  0.63473595461394772       0.96794113544603388        605.42690224852322        62.136695887738867     
   1.6849999999999861        6.7456094831570999E-003   1.3241614948891348E-002  0.63923768941021719       0.96693859085569589        613.06062566054811        62.165858509038529     
   1.6899999999999860        6.6995142172088474E-003   1.3102207906845962E-002  0.64377760394318140       0.96582903113481966        620.77127003303190        62.193750679901811     
   1.6949999999999859        6.6535555127825207E-003   1.2963825818245881E-002  0.64834680656037014       0.96461486756015447        628.51089556344584        62.220838210695469     
   1.6999999999999857        6.6077283902758960E-003   1.2826455748640957E-002  0.65293534456280589       0.96329906481652938        636.33227919721946        62.246834665622124     
   1.7049999999999856        6.5620280356942506E-003   1.2690085168389023E-002  0.65753221888147617       0.96188516611336961        644.21112415077573        62.272547472528174     
   1.7099999999999855        6.5164497989391645E-003   1.2554701944368737E-002  0.66212541923950163       0.96037731882608990        652.16350013494286        62.299243811524377     
   1.7149999999999854        6.4709891923004264E-003   1.2420294332141623E-002  0.66670198228692534       0.95878030052630803        660.19446626390550        62.328247540655681     
   1.7199999999999853        6.4256418891545028E-003   1.2286850968561944E-002  0.67124807835478895       0.95709954545613662        668.22763291131923        62.347393040072141     
   1.7249999999999852        6.3804037228532336E-003   1.2154360864794506E-002  0.67574912926127095       0.95534117146682351        676.35685430674050        62.369985103226227     
   1.7299999999999851        6.3352706857954973E-003   1.2022813399719631E-002  0.68018996221957906       0.95351200731182850        684.52257494995877        62.390113506387770     
   1.7349999999999850        6.2902389286751265E-003   1.1892198313702957E-002  0.68455500401327418       0.95161962041172021        692.77107941731549        62.412939292954320     
   1.7399999999999849        6.2453047598936169E-003   1.1762505702703955E-002  0.68882852015326201       0.94967234499888442        701.09277807258809        62.433982792161693     
   1.7449999999999848        6.2004646451315629E-003   1.1633726012703785E-002  0.69299490227682781       0.94767931066267896        709.43936949594638        62.453075195194806     
   1.7499999999999847        6.1557152070653605E-003   1.1505850034420527E-002  0.69703900805581875       0.94565047131030699        717.86973020197331        62.471035140177122     
   1.7549999999999846        6.1110532252229574E-003   1.1378868898297366E-002  0.70094655641897097       0.94359663451124465        726.33939279592084        62.487165179886738     
   1.7599999999999845        6.0664756359701220E-003   1.1252774069738654E-002  0.70470457890671823       0.94152949118575380        734.80815053990068        62.503527555298213     
   1.7649999999999844        6.0219795326134241E-003   1.1127557344566786E-002  0.70830192769743461       0.93946164571125135        743.49513057587751        62.520300485931081     
   1.7699999999999843        5.9775621656162998E-003   1.1003210844688308E-002  0.71172983642701915       0.93740664637669591        752.15194459180987        62.536123134262589     
   1.7749999999999841        5.9332209429115174E-003   1.0879727013933180E-002  0.71498252932661233       0.93537901614158492        760.88425669927562        62.548926186779667     
   1.7799999999999840        5.8889534303077952E-003   1.0757098614061846E-002  0.71805786670746663       0.93339428383324452        769.66308260774952        62.562193098163817     
   1.7849999999999839        5.8447573519736879E-003   1.0635318720905671E-002  0.72095801324664122       0.93146901559084938        778.45188473821588        62.571452966429177     
   1.7899999999999838        5.8006305909931669E-003   1.0514380720627693E-002  0.72369010862885652       0.92962084669824074        787.39612166614768        62.585329131466921     
   1.7949999999999837        5.7565711899806729E-003   1.0394278306081082E-002  0.72626691142028288       0.92786851362939582        796.38587581643526        62.596608571189797     
   1.7999999999999836        5.7125773517474445E-003   1.0275005473247894E-002  0.72870738424016779       0.92623188655411359        805.39068277018112        62.604900697314093     
   1.8049999999999835        5.6686474400054337E-003   1.0156556517733508E-002  0.73103717776537347       0.92473200196934546        814.47322878124567        62.613186509162368     
   1.8099999999999834        5.6247799801015389E-003   1.0038926031303410E-002  0.73328896519065323       0.92339109569849198        823.60401364450809        62.620532862627897     
   1.8149999999999833        5.5809736597697149E-003   9.9221088984381561E-003  0.73550257362793725       0.92223263617783735        832.80011642223189        62.627295155955878     
   1.8199999999999832        5.5372273298924758E-003   9.8061002928972150E-003  0.73772485500755736       0.92128135789298304        842.07114711320662        62.630631116131482     
   1.8249999999999831        5.4935400052571488E-003   9.6908956742594102E-003  0.74000923589781264       0.92056329514738311        851.52476398542944        62.647337458687339     
   1.8299999999999830        5.4499108653019625E-003   9.5764907844402176E-003  0.74241489223243340       0.92010581603101516        860.72762738906295        62.642146641635861     
   1.8349999999999829        5.4063392548368465E-003   9.4628816441563769E-003  0.74500549496157131       0.91993765656534510        870.17989855659357        62.641702889887760     
   1.8399999999999828        5.3628246847278313E-003   9.3500645493222716E-003  0.74784749099298309       0.92008895510147526        879.66059265556373        62.644864092701070     
   1.8449999999999827        5.3193668325414332E-003   9.2380360673770950E-003  0.75100789063938089       0.92059128684629832        889.20117782681382        62.644631812561329     
   1.8499999999999825        5.2759655431269909E-003   9.1267930335032898E-003  0.75455156067640772       0.92147769857962847        898.79208555218315        62.644462937474614     
   1.8549999999999824        5.2326208291360908E-003   9.0163325467430590E-003  0.75853803471445613       0.92278274353217360        908.43732761789272        62.642508127936260     
   1.8599999999999823        5.1893328714654047E-003   8.9066519659918263E-003  0.76301787979847802       0.92454251632738660        918.14151787005380        62.639086680568248     
   1.8649999999999822        5.1461020196097761E-003   8.7977489058496030E-003  0.76802867829710708       0.92679468820057498        927.93797112666380        62.636611526094747     
   1.8699999999999821        5.1029287919221299E-003   8.6896212323324170E-003  0.77359069607607833       0.92957854209699609        937.75588562844575        62.632487678418869     
   1.8749999999999820        5.0598138757587761E-003   8.5822670584099203E-003  0.77970232811012774       0.93293500799312190        947.64423494018445        62.623739937609244     
   1.8799999999999819        5.0167581275148056E-003   8.4756847393856853E-003  0.78633540661336776       0.93690669830782192        957.57474582461873        62.619870626588593     
   1.8849999999999818        4.9737625725269760E-003   8.3698728680861277E-003  0.79343046252161165       0.94153794320944861        967.54943176013489        62.612736398781124     
   1.8899999999999817        4.9308284048417148E-003   8.2648302698617292E-003  0.80089201689360623       0.94687482611919338        977.59683672306539        62.604082116309300     
   1.8949999999999816        4.8879569868371543E-003   8.1605559973895233E-003  0.80858396034814395       0.95296521910153020        987.68503595734387        62.594958630778741     
   1.8999999999999815        4.8451498486903255E-003   8.0570493252691867E-003  0.81632506260657034       0.95985881825854735        997.82710252650747        62.584660450535964     
   1.9049999999999814        4.8024086876791265E-003   7.9543097443998626E-003  0.82388462995448131       0.96760717919158357        1008.0462162465584        62.572605676214543     
   1.9099999999999813        4.7597353673151307E-003   7.8523369561463371E-003  0.83097830349883228       0.97626375221410411        1018.3141224667821        62.558874129734896     
   1.9149999999999812        4.7171319162959977E-003   7.7511308662758082E-003  0.83726398110769429       0.98588391773977946        1028.5833270125638        62.546680234957670     
   1.9199999999999811        4.6746005272687860E-003   7.6506915786654596E-003  0.84233782716830041       0.99652502134310184        1038.9284199272929        62.531967895637976     
   1.9249999999999809        4.6321435554046424E-003   7.5510193887877346E-003  0.84573033600224989        1.0082464087806118        1049.3240918940705        62.515398133659751     
   1.9299999999999808        4.5897635167653399E-003   7.4521147769497434E-003  0.84690241731655980        1.0211094609550895        1059.7854282046037        62.498373259455363     
   1.9349999999999807        4.5474630864732321E-003   7.3539784013163436E-003   0.0000000000000000       0.43454704834346192        1070.2862666086530        62.481386557467673     
   1.9399999999999806        4.5052450966605951E-003   7.2566110906850650E-003   0.0000000000000000       0.43468559956195096        1080.8434393825521        62.462611646150464     
   1.9449999999999805        4.4631125342092359E-003   7.1600138370416172E-003   0.0000000000000000       0.43481295243614188        1091.4178974994829        62.441856584136339     
   1.9499999999999804        4.4210685382673068E-003   7.0641877878820768E-003   0.0000000000000000       0.43492911428648617        1102.0535501478539        62.421081187778015     
   1.9549999999999803        4.3791163975410094E-003   6.9691342383094894E-003   0.0000000000000000       0.43503409249608671        1112.7566528573905        62.399333933034505     
   1.9599999999999802        4.3372595473630225E-003   6.8748546229138504E-003   0.0000000000000000       0.43512789450962280        1123.3924576152485        62.377366319663331     
   1.9649999999999801        4.2955015665286228E-003   6.7813505074355157E-003   0.0000000000000000       0.43521052783223924        1134.2504561984069        62.351764439683123     
   1.9699999999999800        4.2538461739062734E-003   6.6886235802253993E-003   0.0000000000000000       0.43528200002853573        1145.0676244612171        62.326147268006089     
   1.9749999999999799        4.2122972248140114E-003   6.5966756435033476E-003   0.0000000000000000       0.43534231872148949        1155.9362923088761        62.298998460549093     
   1.9799999999999798        4.1708587071649364E-003   6.5055086044239954E-003   0.0000000000000000       0.43539149159146234        1166.8467395920791        62.271168106370816     
   1.9849999999999797        4.1295347373884791E-003   6.4151244659734364E-003   0.0000000000000000       0.43542952637515864        1177.7978893278464        62.242803012901341     
   1.9899999999999796        4.0883295561180821E-003   6.3255253176863115E-003   0.0000000000000000       0.43545643086466063        1188.7828326086963        62.212026313533002     
   1.9949999999999795        4.0472475236599881E-003   6.2367133262186862E-003   0.0000000000000000       0.43547221290643229        1199.7938283931749        62.182447314001919     
   1.9999999999999793        4.0062931152341601E-003   6.1486907257668017E-003   0.0000000000000000       0.43547688040036775        1210.8668784514591        62.149924286381157     
