   0.0000000000000000        0.0000000000000000        0.0000000000000000        0.0000000000000000        0.0000000000000000        0.0000000000000000        0.0000000000000000     
   1.0000000000000000E-003   0.0000000000000000        0.0000000000000000        0.0000000000000000        0.0000000000000000        0.0000000000000000        0.0000000000000000     
   2.0000000000000000E-003   0.0000000000000000        0.0000000000000000        0.0000000000000000        0.0000000000000000        0.0000000000000000        0.0000000000000000     
   3.0000000000000001E-003   0.0000000000000000        0.0000000000000000        0.0000000000000000        0.0000000000000000        0.0000000000000000        0.0000000000000000     
   4.0000000000000001E-003   1.6279422772728962        1.1313304108044386        0.0000000000000000        0.0000000000000000        0.0000000000000000        0.0000000000000000     
   5.0000000000000001E-003   6.4323858991011766        4.4732642005743912        0.0000000000000000        0.0000000000000000        0.0000000000000000        0.0000000000000000     
   6.0000000000000001E-003   13.077948224546676        7.8092036640957732        0.0000000000000000        0.0000000000000000        0.0000000000000000        0.0000000000000000     
   7.0000000000000001E-003   21.309158464619813        11.127747087004961        0.0000000000000000        0.0000000000000000        0.0000000000000000        0.0000000000000000     
   8.0000000000000002E-003   29.487326877199447        14.417686659462559        0.0000000000000000        0.0000000000000000        0.0000000000000000        0.0000000000000000     
   9.0000000000000011E-003   37.588437039034147        17.668106259807423        0.0000000000000000        0.0000000000000000        0.0000000000000000        0.0000000000000000     
   1.0000000000000002E-002   45.588967984024912        20.868473702380243        0.0000000000000000        0.0000000000000000        0.0000000000000000        0.0000000000000000     
   1.1000000000000003E-002   53.466032892201724        24.008725957845275        0.0000000000000000        0.0000000000000000        0.0000000000000000        0.0000000000000000     
   1.2000000000000004E-002   61.197512877974233        27.079346062950837        0.0000000000000000        0.0000000000000000        0.0000000000000000        0.0000000000000000     
   1.3000000000000005E-002   68.762184809852172        30.071430674973829        0.0000000000000000        0.0000000000000000        0.0000000000000000        0.0000000000000000     
   1.4000000000000005E-002   76.139842110754259        32.976747484062329        0.0000000000000000        0.0000000000000000        0.0000000000000000        0.0000000000000000     
   1.5000000000000006E-002   83.311407513303649        35.787781963999564        0.0000000000000000        0.0000000000000000        0.0000000000000000        0.0000000000000000     
   1.6000000000000007E-002   90.259036779878429        38.497773208460934        0.0000000000000000        0.0000000000000000        0.0000000000000000        0.0000000000000000     
   1.7000000000000008E-002   96.966212444360593        41.100738856287364        0.0000000000000000        0.0000000000000000        0.0000000000000000        0.0000000000000000     
   1.8000000000000009E-002   103.41782669303818        43.591489347465149        0.0000000000000000        0.0000000000000000        0.0000000000000000        0.0000000000000000     
   1.9000000000000010E-002   109.60025257726130        45.965631964667431        0.0000000000000000        0.0000000000000000        0.0000000000000000        0.0000000000000000     
   2.0000000000000011E-002   115.50140284119466        48.219565298334679        0.0000000000000000        0.0000000000000000        0.0000000000000000        0.0000000000000000     
   2.1000000000000012E-002   121.11077575486159        50.350464923024177        0.0000000000000000        0.0000000000000000        0.0000000000000000        0.0000000000000000     
   2.2000000000000013E-002   126.41948746567384        52.356261187541165        0.0000000000000000        0.0000000000000000        0.0000000000000000        0.0000000000000000     
   2.3000000000000013E-002   131.42029052022306        54.235610101136373        0.0000000000000000        0.0000000000000000        0.0000000000000000        0.0000000000000000     
   2.4000000000000014E-002   136.10757836113447        55.987858344170924        0.0000000000000000        0.0000000000000000        0.0000000000000000        0.0000000000000000     
   2.5000000000000015E-002   140.47737576944201        57.613003446590085        0.0000000000000000        0.0000000000000000        0.0000000000000000        0.0000000000000000     
   2.6000000000000016E-002   144.52731539881970        59.111650164663814        0.0000000000000000        0.0000000000000000        0.0000000000000000        0.0000000000000000     
   2.7000000000000017E-002   148.25660073105999        60.484964049684613        0.0000000000000000        0.0000000000000000        0.0000000000000000        0.0000000000000000     
   2.8000000000000018E-002   151.66595596884548        61.734623145922086        0.0000000000000000        0.0000000000000000        0.0000000000000000        0.0000000000000000     
   2.9000000000000019E-002   154.75756356805596        62.862768683480944        0.0000000000000000        0.0000000000000000        0.0000000000000000        0.0000000000000000     
   3.0000000000000020E-002   157.53499029319124        63.871955549028570        0.0000000000000000        0.0000000000000000        0.0000000000000000        0.0000000000000000     
   3.1000000000000021E-002   160.00310285132707        64.765103227627989        6.2637256800361171E-005   0.0000000000000000        0.0000000000000000        0.0000000000000000     
   3.2000000000000021E-002   162.16797431765494        65.545447815707021        1.2845280391008955E-004   0.0000000000000000        0.0000000000000000        0.0000000000000000     
   3.3000000000000022E-002   164.03678270449444        66.216495611630606        1.9506139922793774E-004   0.0000000000000000        0.0000000000000000        0.0000000000000000     
   3.4000000000000023E-002   165.61770314137451        66.781978699022062        2.6250054735978140E-004   0.0000000000000000        0.0000000000000000        0.0000000000000000     
   3.5000000000000024E-002   166.91979522251262        67.245812850988116        3.3080735859610449E-004   0.0000000000000000        0.0000000000000000        0.0000000000000000     
   3.6000000000000025E-002   168.07095894093635        67.612058002324474        4.0001854891200014E-004   0.0000000000000000        0.0000000000000000        0.0000000000000000     
   3.7000000000000026E-002   169.64225549255951        67.912999312855689        4.7017043996716844E-004   0.0000000000000000        0.0000000000000000        0.0000000000000000     
   3.8000000000000027E-002   171.76033588433370        68.731801658189241        5.4129895910591985E-004   0.0000000000000000        0.0000000000000000        0.0000000000000000     
   3.9000000000000028E-002   173.63865241044795        69.462826465180811        6.1343963935717204E-004   0.0000000000000000        0.0000000000000000        0.0000000000000000     
   4.0000000000000029E-002   175.28568456771671        70.108960563020304        6.8662761943445217E-004   0.0000000000000000        0.0000000000000000        0.0000000000000000     
   4.1000000000000029E-002   176.71010273116954        70.673088563175668        7.6089764373589539E-004   0.0000000000000000        0.0000000000000000        0.0000000000000000     
   4.2000000000000030E-002   177.92066396694634        71.158070075644574        8.3628406234424540E-004   0.0000000000000000        0.0000000000000000        0.0000000000000000     
   4.3000000000000031E-002   178.92611650700681        71.566720188508640        9.1282083102685438E-004   0.0000000000000000        0.0000000000000000        0.0000000000000000     
   4.4000000000000032E-002   179.73511421169047        71.901793242874945        9.9054151123568394E-004   0.0000000000000000        0.0000000000000000        0.0000000000000000     
   4.5000000000000033E-002   180.35614211190847        72.165969904922747        1.0694792701073023E-003   0.0000000000000000        0.0000000000000000        0.0000000000000000     
   4.6000000000000034E-002   180.79745386292649        72.361847505467949        1.1496668804628881E-003   0.0000000000000000        0.0000000000000000        0.0000000000000000     
   4.7000000000000035E-002   181.06702165933046        72.491933583310342        1.2311367208082281E-003   0.0000000000000000        0.0000000000000000        0.0000000000000000     
   4.8000000000000036E-002   181.17249885984106        72.558642530000768        1.3139207753337160E-003   0.0000000000000000        0.0000000000000000        0.0000000000000000     
   4.9000000000000037E-002   181.12119525649490        72.564295189580804        1.3980506339143562E-003   0.0000000000000000        0.0000000000000000        0.0000000000000000     
   5.0000000000000037E-002   180.92006460223007        72.511121217077047        1.4835574921097606E-003   0.0000000000000000        0.0000000000000000        0.0000000000000000     
   5.1000000000000038E-002   180.57570369282158        72.401263944894424        1.5704721511641496E-003   0.0000000000000000        0.0000000000000000        0.0000000000000000     
   5.2000000000000039E-002   180.09436199390564        72.236787448622366        1.6588250180063534E-003   0.0000000000000000        0.0000000000000000        0.0000000000000000     
   5.3000000000000040E-002   179.48196052362508        72.019685446156103        1.7486461052498075E-003   0.0000000000000000        0.0000000000000000        0.0000000000000000     
   5.4000000000000041E-002   178.74411845934048        71.751891610380682        1.8399650311925594E-003   0.0000000000000000        0.0000000000000000        0.0000000000000000     
   5.5000000000000042E-002   177.88618574624556        71.435290830597424        1.9328110198172637E-003   0.0000000000000000        0.0000000000000000        0.0000000000000000     
   5.6000000000000043E-002   176.91327985895273        71.071730926223267        2.0272129007911834E-003   0.0000000000000000        0.0000000000000000        0.0000000000000000     
   5.7000000000000044E-002   175.83032481428512        70.663034302604743        2.1231991094661905E-003   0.0000000000000000        0.0000000000000000        0.0000000000000000     
   5.8000000000000045E-002   174.64209056104809        70.211009046656940        2.2207976868787649E-003   0.0000000000000000        0.0000000000000000        0.0000000000000000     
   5.9000000000000045E-002   173.35323098206459        69.717458991598647        2.3200362797499950E-003   0.0000000000000000        0.0000000000000000        0.0000000000000000     
   6.0000000000000046E-002   171.96831893120552        69.184192335503170        2.4209421404855795E-003   0.0000000000000000        0.0000000000000000        0.0000000000000000     
   6.1000000000000047E-002   170.49187698365591        68.613028475757687        2.5235421271758230E-003   0.0000000000000000        0.0000000000000000        0.0000000000000000     
   6.2000000000000048E-002   168.92840288595659        68.005802816714819        2.6278627035956400E-003   0.0000000000000000        0.0000000000000000        0.0000000000000000     
   6.3000000000000042E-002   167.28238903392491        67.364369414903507        2.7339299392045535E-003   0.0000000000000000        0.0000000000000000        0.0000000000000000     
   6.4000000000000043E-002   165.55833565936334        66.690601437949582        2.8417695091466958E-003   0.0000000000000000        0.0000000000000000        0.0000000000000000     
   6.5000000000000044E-002   163.76075774800049        65.986389522141408        2.9514066942508059E-003   0.0000000000000000        0.0000000000000000        0.0000000000000000     
   6.6000000000000045E-002   161.89418602057958        65.253638211977062        3.0628663810302330E-003   0.0000000000000000        0.0000000000000000        0.0000000000000000     
   6.7000000000000046E-002   159.96316256921546        64.494260746739386        3.1761730616829327E-003   0.0000000000000000        0.0000000000000000        0.0000000000000000     
   6.8000000000000047E-002   157.97223193990806        63.710172519571479        3.2913508340914727E-003   0.0000000000000000        0.0000000000000000        0.0000000000000000     
   6.9000000000000047E-002   155.92592858309311        62.903283571143724        3.4084234018230256E-003   0.0000000000000000        0.0000000000000000        0.0000000000000000     
   7.0000000000000048E-002   153.82876165683632        62.075490492469257        3.5274140741293745E-003   0.0000000000000000        0.0000000000000000        0.0000000000000000     
   7.1000000000000049E-002   151.68519816655163        61.228668101414620        3.6483457659469104E-003   0.0000000000000000        0.0000000000000000        0.0000000000000000     
   7.2000000000000050E-002   149.49964536995185        60.364661228258463        3.7712409978966346E-003   0.0000000000000000        0.0000000000000000        0.0000000000000000     
   7.3000000000000051E-002   147.27643327810188        59.485276901682674        3.8961218962841513E-003   0.0000000000000000        0.0000000000000000        0.0000000000000000     
   7.4000000000000052E-002   145.01979795605476        58.592277172782481        4.0230101930996808E-003   0.0000000000000000        0.0000000000000000        0.0000000000000000     
   7.5000000000000053E-002   142.73386618265522        57.687372756000720        4.1519272260180477E-003   0.0000000000000000        0.0000000000000000        0.0000000000000000     
   7.6000000000000054E-002   140.42264188058383        56.772217606816270        4.2828939383986846E-003   0.0000000000000000        0.0000000000000000        0.0000000000000000     
   7.7000000000000055E-002   138.08999458451311        55.848404500289107        4.4159308792856341E-003   0.0000000000000000        0.0000000000000000        0.0000000000000000     
   7.8000000000000055E-002   135.73965008492729        54.917461624962847        4.5510582034075488E-003   0.0000000000000000        0.0000000000000000        0.0000000000000000     
   7.9000000000000056E-002   133.37518327278701        53.980850164967620        4.6882956711776858E-003   0.0000000000000000        0.0000000000000000        0.0000000000000000     
   8.0000000000000057E-002   131.00001311856280        53.039962810323949        4.8276626486939153E-003   1.0339683047670181        0.0000000000000000        0.0000000000000000     
   8.1000000000000058E-002   128.61739964895432        52.096123111525124        4.9691781077387115E-003   1.0568431211822635        0.0000000000000000        0.0000000000000000     
   8.2000000000000059E-002   126.23044273503632        51.150585578943208        5.1128606257791597E-003   1.0796688206545870        0.0000000000000000        0.0000000000000000     
   8.3000000000000060E-002   123.84208247467804        50.204536419524068        5.2587283859669553E-003   1.1024471214113403        0.0000000000000000        0.0000000000000000     
   8.4000000000000061E-002   121.45510093722466        49.259094801409049        5.4067991771383989E-003   1.1251797758915636        0.0000000000000000        0.0000000000000000     
   8.5000000000000062E-002   119.07212503665656        48.315314540249794        5.5570903938144019E-003   1.1478685713590466        0.0000000000000000        0.0000000000000000     
   8.6000000000000063E-002   116.69563030774071        47.374186107793442        5.7096190362004810E-003   1.1705153306126304        0.0000000000000000        0.0000000000000000     
   8.7000000000000063E-002   114.32794537526686        46.436638872629537        5.8644017101867679E-003   1.1931219127988009        0.0000000000000000        0.0000000000000000     
   8.8000000000000064E-002   111.97125692681614        45.503543493780867        6.0214546273479972E-003   1.2156902143284325        0.0000000000000000        0.0000000000000000     
   8.9000000000000065E-002   109.62761502253744        44.575714399256711        6.1807936049435115E-003   1.2382221699006422        0.0000000000000000        0.0000000000000000     
   9.0000000000000066E-002   107.29893859942210        43.653912293087402        6.3424340659172648E-003   1.2607197536369801        0.0000000000000000        0.0000000000000000     
   9.1000000000000067E-002   104.98702105127974        42.738846645257297        6.5063910388978193E-003   1.2831849803284843        0.0000000000000000        0.0000000000000000     
   9.2000000000000068E-002   102.69353578809412        41.831178128994594        6.6726791581983459E-003   1.3056199067972782        0.0000000000000000        0.0000000000000000     
   9.3000000000000069E-002   100.42004169906176        40.931520978869585        6.8413126638166236E-003   1.3280266333760367        0.0000000000000000        0.0000000000000000     
   9.4000000000000070E-002   98.167988462021967        40.040445250987048        7.0123054014350370E-003   1.3504073055067387        0.0000000000000000        0.0000000000000000     
   9.5000000000000070E-002   95.938721658017585        39.158478973219957        7.1856708224205855E-003   1.3727641154604242        0.0000000000000000        0.0000000000000000     
   9.6000000000000071E-002   93.733487663360719        38.286110178949542        7.3614219838248713E-003   1.3950993041799395        0.0000000000000000        0.0000000000000000     
   9.7000000000000072E-002   91.553438302923396        37.423788822236155        7.5395715483841082E-003   1.4174151632467153        0.0000000000000000        0.0000000000000000     
   9.8000000000000073E-002   89.399635257583299        36.571928575837063        7.7201317845191197E-003   1.4397140369724846        0.0000000000000000        0.0000000000000000     
   9.9000000000000074E-002   87.273054226054569        35.730908516136211        7.9031145663353321E-003   1.4619983246167574        0.0000000000000000        0.0000000000000000     
  0.10000000000000007        85.174588846934157        34.901074700962141        8.0885313736227850E-003   1.4842704827303108        0.0000000000000000        0.0000000000000000     
  0.10100000000000008        83.105054390944119        34.082741647567531        8.2763932918561260E-003   1.5065330276249063        0.0000000000000000        0.0000000000000000     
  0.10200000000000008        81.065191236266145        33.276193718828551        8.4667110121946099E-003   1.5287885379681292        0.0000000000000000        0.0000000000000000     
  0.10300000000000008        79.055668141753372        32.481686426092935        8.6594948314821021E-003   1.5510396575035212        0.0000000000000000        0.0000000000000000     
  0.10400000000000008        77.077085333871466        31.699447657154053        8.8547546522470787E-003   1.5732890978935465        0.0000000000000000        0.0000000000000000     
  0.10500000000000008        75.129977423613184        30.929678837618685        9.0524999827026123E-003   1.5955396416839545        0.0000000000000000        0.0000000000000000     
  0.10600000000000008        73.214816169515302        30.172556033548709        9.2527399367463969E-003   1.6177941453887137        0.0000000000000000        0.0000000000000000     
  0.10700000000000008        71.332013102396687        29.428231002729486        9.4554832339607316E-003   1.6400555426893224        0.0000000000000000        0.0000000000000000     
  0.10800000000000008        69.481922026637690        28.696832201307902        9.6607381996125230E-003   1.6623268477484892        0.0000000000000000        0.0000000000000000     
  0.10900000000000008        67.664841411830508        27.978465751879373        9.8685127646532863E-003   1.6846111586323855        0.0000000000000000        0.0000000000000000     
  0.11000000000000008        65.881016687504243        27.273216378417771        1.0078814465719142E-002   1.7069116608364665        0.0000000000000000        0.0000000000000000     
  0.11100000000000008        64.130642452434628        26.581148312757055        1.0291650445130826E-002   1.7292316309102866        0.0000000000000000        0.0000000000000000     
  0.11200000000000009        62.413864608832775        25.902306176665981        1.0507027450893680E-002   1.7515744401760154        0.0000000000000000        0.0000000000000000     
  0.11300000000000009        60.730782430488674        25.236715842919029        1.0724951836697650E-002   1.7739435585299845        0.0000000000000000        0.0000000000000000     
  0.11400000000000009        59.081450572776362        24.584385278169300        1.0945429561917300E-002   1.7963425583253214        0.0000000000000000        0.0000000000000000     
  0.11500000000000009        57.465881031299183        23.945305369876078        1.1168466191611789E-002   1.8187751183213916        0.0000000000000000        0.0000000000000000     
  0.11600000000000009        55.884045054899893        23.319450739035609        1.1394066896524894E-002   1.8412450276963153        0.0000000000000000        0.0000000000000000     
  0.11700000000000009        54.335875017782072        22.706780540011536        1.1622236453085003E-002   1.8637561901050652        0.0000000000000000        0.0000000000000000     
  0.11800000000000009        52.821266254589290        22.107239248359036        1.1852979243405103E-002   1.8863126277802615        0.0000000000000000        0.0000000000000000     
  0.11900000000000009        51.340078861474069        21.520757437184770        1.2086299255282797E-002   1.9089184856562262        0.0000000000000000        0.0000000000000000     
  0.12000000000000009        49.892139465459287        20.947252542282250        1.2322200082200297E-002   1.9315780355070860        0.0000000000000000        0.0000000000000000     
  0.12100000000000009        48.477242963743983        20.386629616023928        1.2560684923324414E-002   1.9542956800826403        0.0000000000000000        0.0000000000000000     
  0.12200000000000009        47.095154234037899        19.838782069777995        1.2801756583506577E-002   1.9770759572268473        0.0000000000000000        0.0000000000000000     
  0.12300000000000010        45.745609816513955        19.303592404443311        1.3045417473282823E-002   1.9999235439623133        0.0000000000000000        0.0000000000000000     
  0.12400000000000010        44.428319567546701        18.780932928558276        1.3291669608873791E-002   2.0228432605226203        0.0000000000000000        0.0000000000000000     
  0.12500000000000008        43.142968285048539        18.270666463337154        1.3540514612184732E-002   2.0458400743134941        0.0000000000000000        0.0000000000000000     
  0.12600000000000008        41.889217304921615        17.772647033911188        1.3791953710805511E-002   2.0689191037794674        0.0000000000000000        0.0000000000000000     
  0.12700000000000009        40.666706067907398        17.286720546008080        1.4045987738010595E-002   2.0920856221586583        0.0000000000000000        0.0000000000000000     
  0.12800000000000009        39.475053655929024        16.812725447277899        1.4302617132759064E-002   2.1153450610993358        0.0000000000000000        0.0000000000000000     
  0.12900000000000009        38.313860296884684        16.350493372472631        1.4561841939694601E-002   2.1387030141111616        0.0000000000000000        0.0000000000000000     
  0.13000000000000009        37.182708836754195        15.899849771702330        1.4823661809145501E-002   2.1621652398278193        0.0000000000000000        0.0000000000000000     
  0.13100000000000009        36.081166177821835        15.460614521020778        1.5088075997124667E-002   2.1857376650535469        0.0000000000000000        0.0000000000000000     
  0.13200000000000009        35.008784681794957        15.032602514638700        1.5355083365329611E-002   2.2094263875580524        0.0000000000000000        0.0000000000000000     
  0.13300000000000009        33.965103536601262        14.615624238115780        1.5624682381142448E-002   2.2332376785937758        0.0000000000000000        0.0000000000000000     
  0.13400000000000009        32.949650085677739        14.209486321945498        1.5896871117629913E-002   2.2571779851011722        0.0000000000000000        0.0000000000000000     
  0.13500000000000009        31.961941118617123        13.813992075017085        1.6171647253543343E-002   2.2812539315612934        0.0000000000000000        0.0000000000000000     
  0.13600000000000009        31.001484122106884        13.428941997511155        1.6449008073318682E-002   2.3054723214683364        0.0000000000000000        0.0000000000000000     
  0.13700000000000009        30.067778490181841        13.054134272863877        1.6728950467076481E-002   2.3298401383695020        0.0000000000000000        0.0000000000000000     
  0.13800000000000009        29.160316692911195        12.689365238513753        1.7011470930621907E-002   2.3543645464467389        0.0000000000000000        0.0000000000000000     
  0.13900000000000010        28.278585402748003        12.334429835223775        1.7296565565444729E-002   2.3790528905828321        0.0000000000000000        0.0000000000000000     
  0.14000000000000010        27.422066577885872        11.989122034851999        1.7584230078719322E-002   2.4039126958727506        0.0000000000000000        0.0000000000000000     
  0.14100000000000010        26.590238502090287        11.653235246521124        1.7874459783304687E-002   2.4289516665337079        0.0000000000000000        0.0000000000000000     
  0.14200000000000010        25.782576780595797        11.326562701213495        1.8167249597744409E-002   2.4541776841603897        0.0000000000000000        0.0000000000000000     
  0.14300000000000010        24.998555291789661        11.008897814891391        1.8462594046266705E-002   2.4795988052735689        0.0000000000000000        0.0000000000000000     
  0.14400000000000010        24.237647094527631        10.700034530311401        1.8760487258784375E-002   2.5052232581083409        0.0000000000000000        0.0000000000000000     
  0.14500000000000010        23.499325291056504        10.399767637768750        1.9060922970894848E-002   2.5310594385844536        0.0000000000000000        0.0000000000000000     
  0.14600000000000010        22.783063845640910        10.107893075068318        1.9363894523880158E-002   2.5571159053963468        0.0000000000000000        0.0000000000000000     
  0.14700000000000010        22.088338359112623        9.8242082070772039        1.9669394864706931E-002   2.5834013741617126        0.0000000000000000        0.0000000000000000     
  0.14800000000000010        21.414626799678327        9.5485120852659371        1.9977416546026434E-002   2.6099247105652816        0.0000000000000000        0.0000000000000000     
  0.14900000000000010        20.761410190432123        9.2806056876940737        2.0287951726174511E-002   2.6366949224232807        0.0000000000000000        0.0000000000000000     
  0.15000000000000011        20.128173254126718        9.0202921399392384        2.0600992169171630E-002   2.6637211506058840        0.0000000000000000        0.0000000000000000     
  0.15100000000000011        19.514405015855239        8.7673769175065459        2.0916529244722867E-002   2.6910126587349184        0.0000000000000000        0.0000000000000000     
  0.15200000000000011        18.919599364390152        8.5216680302901757        2.1234553928217898E-002   2.7185788215852749        0.0000000000000000        0.0000000000000000     
  0.15300000000000011        18.343255573012289        8.2829761896873872        2.1555056800731023E-002   2.7464291121077018        0.0000000000000000        0.0000000000000000     
  0.15400000000000011        17.784878780741302        8.0511149589899897        2.1878028049021132E-002   2.7745730869896446        0.0000000000000000        0.0000000000000000     
  0.15500000000000011        17.243980434951958        7.8259008876988423        2.2203457465531731E-002   2.8030203706666752        0.0000000000000000        0.0000000000000000     
  0.15600000000000011        16.720078696424679        7.6071536304222311        2.2531334448390956E-002   2.8317806376966286        0.0000000000000000        0.0000000000000000     
  0.15700000000000011        16.212698807936530        7.3946960510317830        2.2861648001411505E-002   2.8608635933999293        0.0000000000000000        0.0000000000000000     
  0.15800000000000011        15.721373427549857        7.1883543127575136        2.3194386734090727E-002   2.8902789526670634        0.0000000000000000        0.0000000000000000     
  0.15900000000000011        15.245642927797171        6.9879579549074142        2.3529538861610563E-002   2.9200364168427675        1.5970767429495473E-004   1.6642991856707086E-003
  0.16000000000000011        14.785055661998452        6.7933399568992607        2.3867092204837560E-002   2.9501456485699005        1.0115719641320877E-003   1.0467593257332791E-002
  0.16100000000000012        14.339168198976346        6.6043367902896541        2.4207034190322874E-002   2.9806162444912032        2.0819117449189838E-003   2.1362677612377975E-002
  0.16200000000000012        13.907545527457057        6.4207884594807432        2.4549351850302280E-002   3.0114577056925977        3.4002373169116011E-003   3.4575017179671021E-002
  0.16300000000000012        13.489761231461578        6.2425385317772806        2.4894031822696144E-002   3.0426794057871493        4.9797516596172525E-003   5.0157253967699940E-002
  0.16400000000000012        13.085397638003284        6.0694341574574118        2.5241060351109460E-002   3.0742905564929899        6.8472386138325667E-003   6.8290060364978200E-002
  0.16500000000000012        12.694045938411705        5.9013260805073280        2.5590423284831822E-002   3.1063001706046625        9.0225636972724593E-003   8.9073315803099823E-002
  0.16600000000000012        12.315306284603583        5.7380686406572901        2.5942106078837422E-002   3.1387170222182914        1.1530452001399650E-002  0.11265040807246958     
  0.16700000000000012        11.948787861615980        5.5795197673398071        2.6296093793785075E-002   3.1715496040809819        1.4393150097624397E-002  0.13912561805032447     
  0.16800000000000012        11.594108937706569        5.4255409661733900        2.6652371096018194E-002   3.2048060819272837        1.7606054982206850E-002  0.16836753777110106     
  0.16900000000000012        11.250896893312703        5.2759972985577610        2.7010922257564820E-002   3.2384942456628281        2.1282101542478459E-002  0.20126193615719798     
  0.17000000000000012        10.918788230142008        5.1307573549454455        2.7371731156137571E-002   3.2726214572379462        2.5357526011811640E-002  0.23713599493799045     
  0.17100000000000012        10.597428561646302        4.9896932223351715        2.7734781275133708E-002   3.3071945950876374        2.9890168422070401E-002  0.27638143458952807     
  0.17200000000000013        10.286472586104843        4.8526804465103304        2.8100055703635073E-002   3.3422199949446822        3.4905600182147424E-002  0.31909054536701048     
  0.17300000000000013        9.9855840435165852        4.7195979895249511        2.8467537136408122E-002   3.3777033868997934        4.0427258925460396E-002  0.36533082657549737     
  0.17400000000000013        9.6944356574687696        4.5903281829160409        2.8837207873903946E-002   3.4136498285228001        4.6488698808976617E-002  0.41524457225672085     
  0.17500000000000013        9.4127090631185713        4.4647566771000200        2.9209049822258196E-002   3.4500636338862538        5.3115539621564414E-002  0.46889902823662760     
  0.17600000000000013        9.1400947223881577        4.3427723873872468        2.9583044493291195E-002   3.4869482983061806        6.0349429778083025E-002  0.52651265296745531     
  0.17700000000000013        8.8762918274386848        4.2242674370267821        2.9959173004507803E-002   3.4316628058878718        6.8206323150406922E-002  0.58802793520120455     
  0.17800000000000013        8.6210081934500824        4.1091370976704651        3.0337416079097540E-002   3.4680542833952255        7.6732829206650310E-002  0.65367591992395235     
  0.17900000000000013        8.3739601416953438        3.9972797276235621        3.0717754045934510E-002   3.5046892697478493        8.5950074877850877E-002  0.72343158656727591     
  0.18000000000000013        8.1348723738581299        3.8885967082268365        3.1100166839577434E-002   3.5415669137288202        9.5893573323882889E-002  0.79743429782215269     
  0.18100000000000013        7.9034778385026483        3.7829923786937205        3.1484634000269657E-002   3.5786862550433671       0.10662005630061576       0.87590932980545377     
  0.18200000000000013        7.6795175905635045        3.6803739697048048        3.1871134673939101E-002   3.6160462215776654       0.11813469036413914       0.95873450377394487     
  0.18300000000000013        7.4627406446831239        3.5806515360414393        3.2259647612198322E-002   3.6536456266038413       0.13048580435527629        1.0460607853301609     
  0.18400000000000014        7.2529038231831597        3.4837378885203898        3.2650151172344467E-002   3.6914831659331591       0.14375556476155685        1.1383569974554830     
  0.18500000000000014        7.0497715994156405        3.3895485254715840        3.3041478254225681E-002   3.7295574150155120       0.15790796966052964        1.2350359765477203     
  0.18600000000000014        6.8531159371994663        3.2980015639830254        3.3428928493091058E-002   3.7678668259882349       0.17304963581769728        1.3367653035994711     
  0.18700000000000014        6.6627161270081503        3.2090176711182825        3.3811730694880818E-002   3.8064097246749906       0.18918035719879187        1.4432666120275255     
  0.18800000000000014        6.4783586195352285        3.1225199952950664        3.4189575492030895E-002   3.8451843075342063       0.20589204555259188        1.5519449767558062     
  0.18900000000000014        6.2998368572254320        3.0384340979966322        3.4562151198827468E-002   3.8841886385606066       0.22468434822765460        1.6716929590258660     
  0.19000000000000014        6.1269511043223943        2.9566878859722272        3.4929144076554140E-002   3.9234206461393879       0.24413136420313611        1.7936318767450721     
  0.19100000000000014        5.9595082759464741        2.8772115440673414        3.5290238607451785E-002   3.9628781198556648       0.26485144859614640        1.9214143475742378     
  0.19200000000000014        5.7973217666811099        2.7999374688108345        3.5645117777360298E-002   4.0025587072592330       0.28673462318294690        2.0540085381607600     
  0.19300000000000014        5.6402112791111136        2.7248002028718323        3.5993463366896378E-002   4.0424599105900407       0.30996416927813852        2.1923486850062366     
  0.19400000000000014        5.4880026527233028        2.6517363704871664        3.6334956251006641E-002   4.0825790834609545       0.33457515839401109        2.3364351283635028     
  0.19500000000000015        5.3405276935471333        2.5806846139475912        3.6669276706720128E-002   4.1229134275051100       0.36058399128714741        2.4860870274103841     
  0.19600000000000015        5.1976240048824964        2.5115855312201703        3.6996104728908734E-002   4.1634599889857933       0.38813331640999627        2.6419177108078067     
  0.19700000000000015        5.0591348194316055        2.4443816147733002        3.7315120353849394E-002   4.2042156553757515       0.41718365208860336        2.8034289784661022     
  0.19800000000000015        4.9249088331234478        2.3790171916611649        3.7626003990365260E-002   4.2451771519034276       0.44783280885363330        2.9708984042582256     
  0.19900000000000015        4.7948000408926035        2.3154383649153258        3.7928436758309175E-002   4.2863410380732843       0.48022306218200428        3.1448635495037123     
  0.20000000000000015        4.6686675746472215        2.2535929562822048        3.8222100834135735E-002   4.3277037041610527       0.51434212479644204        3.3248940314694759     
  0.20100000000000015        4.5463755436374598        2.1934304503379418        3.8506679803293947E-002   4.3692613676867484       0.55028908302103452        3.5113788079350003     
  0.20200000000000015        4.4277928774113926        2.1349019400041875        3.8781859019156158E-002   4.4110100698700059       0.58812394079222408        3.7043197456332937     
  0.20300000000000015        4.3127931715237775        2.0779600734821906        3.9047325968184360E-002   4.4529456720703271       0.62796665977366573        3.9040467508518941     
  0.20400000000000015        4.2012545361419926        2.0225590026160076        3.9302770641018794E-002   4.4950638522163997       0.66982574835948150        4.1101770512896918     
  0.20500000000000015        4.0930594476739035        1.9686543326904553        3.9547885909159225E-002   4.5373601012287530       0.71386060924535677        4.3234676948637336     
  0.20600000000000016        3.9880946035238369        1.9162030736638700        3.9782367906893878E-002   4.5798297194370754       0.75794464184041954        4.5339300476111468     
  0.20700000000000016        3.8862507800657173        1.8651635928314954        4.0005916418115996E-002   4.6224678130032792       0.80859837688949288        4.7703038814941499     
  0.20800000000000016        3.7874226939061106        1.8154955689110099        4.0218235267653640E-002   4.6652692903442903       0.85959167389750268        5.0048616320309520     
  0.20900000000000016        3.6915088664950058        1.7671599475378865        4.0419032716722904E-002   4.7082288585722223       0.91310020423155458        5.2466774527671642     
  0.21000000000000016        3.5984114921280810        1.7201188981551079        4.0608021862101627E-002   4.7513410199438004       0.96915817841863805        5.4956638999716363     
  0.21100000000000016        3.5080363093712914        1.6743357722786565        4.0784921038605315E-002   4.7946000683350594        1.0279317009424078        5.7523622070874803     
  0.21200000000000016        3.4202924759267064        1.6297750631177881        4.0949454224434197E-002   4.8380000857397345        1.0894499386801715        6.0164378002161998     
  0.21300000000000016        3.3350924469474434        1.5864023665265881        4.1101351448946027E-002   4.8815349388006819        1.1539666153711241        6.2885844997814528     
  0.21400000000000016        3.2523518567993275        1.5441843432615383        4.1240349202396935E-002   4.9251982753778236        1.2214651350139338        6.5685748813218838     
  0.21500000000000016        3.1719894042580470        1.5030886825181684        4.1366190847178734E-002   4.9689835211619435        1.2921535545899363        6.8567198839145398     
  0.21600000000000016        3.0939267411217033        1.4630840667182610        4.1478627030069715E-002   5.0128838763358861        1.3660483336534495        7.1528757811478423     
  0.21700000000000016        3.0180883642113079        1.4241401375181177        4.1577416095003379E-002   5.0568923122956813        1.4432938551415511        7.4572173021583756     
  0.21800000000000017        2.9444015107248909        1.3862274630073863        4.1662324495847926E-002   5.1010015684317898        1.5241146582588909        7.7702321252518347     
  0.21900000000000017        2.8727960569045616        1.3493175060672131        4.1733127208678583E-002   5.1452041489847735        1.6085646741128958        8.0918269309019628     
  0.22000000000000017        2.8032044199704997        1.3133825938558989        4.1789608143013871E-002   5.1894923199747716        1.6968967438877134        8.4225523258187600     
  0.22100000000000017        2.7355614632709644        1.2783958883900564        4.1831560551476729E-002   5.2338581062206178        1.7889268292277083        8.7611176631691112     
  0.22200000000000017        2.6698044045929317        1.2443313581887048        4.1858787437332873E-002   5.2782932884479061        1.8849263589879901        9.1084600341788367     
  0.22300000000000017        2.6058727275745257        1.2111637509481139        4.1871101959347595E-002   5.3227894005024918        1.9853668575267225        9.4658316376498117     
  0.22400000000000017        2.5437080961568705        1.1788685672148060        4.1962831359638506E-002   5.3673377266690352        2.0903179442523507        9.8328748384722484     
  0.22500000000000017        2.4832542720105342        1.1474220350247053        4.2407543978478832E-002   5.4119292991109127        2.1992897819513715        10.207544801014361     
  0.22600000000000017        2.4244570348691825        1.1168010854763666        4.2881320940948306E-002   5.4565548954346976        2.3133208527061662        10.593167341469643     
  0.22700000000000017        2.3672641057013184        1.0869833292067459        4.3385371456993754E-002   5.5012050363903882        2.4318828051866745        10.987405997939502     
  0.22800000000000017        2.3116250726495173        1.0579470337384478        4.3920877529847836E-002   5.5458699837143710        2.5556008014347769        11.391808960770732     
  0.22900000000000018        2.2574913196652213        1.0296711016676745        4.4488991239423133E-002   5.5905397381288022        2.6844207051134168        11.806039145091962     
  0.23000000000000018        2.2048159577666167        1.0021350496629722        4.5090831909595140E-002   5.6352040375014463        2.8096818676645210        12.203817653645666     
  0.23100000000000018        2.1535537588462996       0.97531898824517282        4.5727483169696839E-002   5.6798523551802145        2.9488626080434246        12.636948349169552     
  0.23200000000000018        2.1036610919554795       0.94920360231985568        4.6399989921730118E-002   5.7244738985066901        3.1039130227242313        13.109901478582941     
  0.23300000000000018        2.0550958619912105       0.92377013243417649        4.7109355226177908E-002   5.7690576075261042        3.2551441200553883        13.564241732731727     
  0.23400000000000018        2.0078174507134992       0.89900035673065304        4.7856537120216758E-002   5.8135921538963169        3.4015993924951275        13.999703920211502     
  0.23500000000000018        1.9617866600196052       0.87487657357137694        4.8642445383425957E-002   5.8580659400114019        3.5761882302264913        14.505023476439403     
  0.23600000000000018        1.9169656574033351       0.85138158480667048        4.9467938266765515E-002   5.9024670983469525        3.7464145869612553        14.992275366169668     
  0.23700000000000018        1.8733179235279742       0.82849867966315083        5.0333819201603028E-002   5.9467834910393300        3.9231110365555018        15.489186444505879     
  0.23800000000000018        1.8308082018424929       0.80621161922691786        5.1240833506118529E-002   5.9910027097098402        4.1070914476630165        15.998370726745877     
  0.23900000000000018        1.7894024501715171       0.78450462149824951        5.2189665107048602E-002   6.0351120755410257        4.2980441533122828        16.518172319947848     
  0.24000000000000019        1.7490677942109751       0.76336234699515149        5.3180933295188422E-002   6.0790986396202911        4.4958635890575849        17.047693347328536     
  0.24100000000000019        1.7097724828623746       0.74276988488376716        5.4215189533256665E-002   6.1229491835590988        4.7015708652174570        17.589001778533625     
  0.24200000000000019        1.6714858453400827       0.72271273961444027        5.5292914334941531E-002   6.1666502203985303        4.9145455125808475        18.140955838632784     
  0.24300000000000019        1.6341782499874933       0.70317681804307364        5.6414514234051603E-002   6.2101879958121664        5.1366961426950208        18.707310337204611     
  0.24400000000000019        1.5978210647392659       0.68414841701806683        5.7580318862314225E-002   6.2535484896175548        5.3659993553598415        19.282038478952408     
  0.24500000000000019        1.5623866191685432       0.66561421141398447        5.8790578154423762E-002   6.2967174176074074        5.6043933958091108        19.870330412593606     
  0.24600000000000019        1.5278481680593645       0.64756124259367087        6.0045459698266766E-002   6.3396802337066207        5.8504970725981771        20.467392449858266     
  0.24700000000000019        1.4941798564464781       0.62997690728147704        6.1345046247932716E-002   6.3824221324755248        6.1064228694815519        21.078574137140560     
  0.24800000000000019        1.4613566860658780       0.61284894683070079        6.2689333416328999E-002   6.4249280519563454        6.3705559797262818        21.699223392597816     
  0.24900000000000019        1.4293544831614993       0.59616543686922530        6.4078227563528101E-002   6.4671826768869618        6.6443899229431356        22.332275021638118     
  0.25000000000000017        1.3981498675947928       0.57991477730788632        6.5511543896022817E-002   6.5091704422779966        6.9043030973707546        22.927320131586757     
  0.25100000000000017        1.3677202232057426       0.56408568269677606        6.6989004791290510E-002   6.5508755373769363        7.2207126532500601        23.632876769998955     
  0.25200000000000017        1.3380436693754609       0.54866717291534339        6.8510238360643516E-002   6.5922819100204730        7.5236610323922601        24.300045284753722     
  0.25300000000000017        1.3090990337420791       0.53364856418267725        7.0074777262493726E-002   6.6333732713826743        7.8369662962205151        24.979541693290344     
  0.25400000000000017        1.2808658260233505       0.51901946037500946        7.1682057776785255E-002   6.6741331011348466        8.1611862100950727        25.671678314431755     
  0.25500000000000017        1.2533242129008928       0.50476974463799607        7.3331419150081373E-002   6.7145446530216866        8.4936700217564916        26.369159667216159     
  0.25600000000000017        1.2264549939226699       0.49088957128191507        7.5022103219411038E-002   6.7545909608649604        8.8389851726628805        27.083057355513699     
  0.25700000000000017        1.2002395783817019       0.47736935794837304        7.6753254321548850E-002   6.7942548449921834        9.1949949341958401        27.807322747581868     
  0.25800000000000017        1.1746599631306842       0.46419977803767487        7.8523919493090372E-002   6.8335189191195820        9.5621167330146477        28.543083059479045     
  0.25900000000000017        1.1496987112935730       0.45137175338648827        8.0333048965052542E-002   6.8723655976656675        9.9391267040811293        29.284796417396329     
  0.26000000000000018        1.1253389318366955       0.43887644718584190        8.2179496954444764E-002   6.9107771035366135        10.329427452591016        30.042681469689466     
  0.26100000000000018        1.1015642599633497       0.42670525712999802        8.4062022753562782E-002   6.9487354763559024        10.731032196818756        30.810011540163671     
  0.26200000000000018        1.0783588382972433       0.41484980878714195        8.5979292116468764E-002   6.9862225811701535        11.144397547841027        31.588253609900747     
  0.26300000000000018        1.0557072988215270       0.40330194918323758        8.7929878940566558E-002   7.0232201176164590        11.569738988607778        32.376718222862451     
  0.26400000000000018        1.0335947455413836       0.39205374059076770        8.9912267239815449E-002   7.0597096295727297        12.005203768965888        33.169229641006083     
  0.26500000000000018        1.0120067378395416       0.38109745451449317        9.1924853404677195E-002   7.0956725152733755        12.455239105474549        33.976630338923648     
  0.26600000000000018       0.99092927449521706       0.37042556586667891        9.3965948742473437E-002   7.1310900379151461        12.915994809749574        34.788967394198153     
  0.26700000000000018       0.97034877833826616       0.36003074732460139        9.6033782290831163E-002   7.1659433367370156        13.390563222897436        35.617277793346936     
  0.26800000000000018       0.95025208151142004       0.34990586386344297        9.8126503895164585E-002   7.2002134385881362        13.876030873776912        36.448834003225834     
  0.26900000000000018       0.93062641131468349       0.34004396745803178       0.10024218754039114        7.2338812699694426        14.373619906840482        37.287743950327119     
  0.27000000000000018       0.91145937660698462       0.33043829194714319       0.10237883492582725        7.2669276695677869        14.889305947803221        38.154421198558275     
  0.27100000000000019       0.89273895474128573       0.32108224805436547       0.10453437927090818        7.2993334012559128        15.409029444139444        38.996790237543578     
  0.27200000000000019       0.87445347901030335       0.31196941855981952       0.10670668933902384        7.3310791675834945        15.944350725683755        39.859618723322498     
  0.27300000000000019       0.85659162658104093       0.30309355361724810       0.10889357366515140        7.3621456237273746        16.492263863575999        40.729582888920923     
  0.27400000000000019       0.83914240689722874       0.29444856621126625       0.11109278497286248        7.3925133919198389        17.053113293819308        41.607453593582342     
  0.27500000000000019       0.82209515052965088       0.28602852774974519       0.11330202476495208        7.4221630763336801        17.625231108856521        42.488603398911479     
  0.27600000000000019       0.80543949845529472       0.27782766378658336       0.11551894807192624        7.4510752784244323        18.210303588482233        43.377314369280157     
  0.27700000000000019       0.78916539174697309       0.26984034987025646       0.11774116834147395        7.4792306127144350        18.751166366367983        44.193077631291537     
  0.27800000000000019       0.77326306165599790       0.26206110751381645       0.11996626245232932        7.5066097230254369        19.358842690658072        45.090000281974035     
  0.27900000000000019       0.75772302007115677       0.25448460028211567       0.12219177583480738        7.5331932991229920        19.978252640079948        45.990164000100997     
  0.28000000000000019       0.74253605033803916       0.24710562999227567       0.12441522768040608        7.5589620937898987        20.669915110819197        46.973626977526017     
  0.28100000000000019       0.72769319842343361       0.23991913302355583       0.12663411622323348        7.5838969402932328        21.312138077095106        47.878462356778932     
  0.28200000000000019       0.71318576441024795       0.23292017673294504       0.12884592407472684        7.6079787702392929        21.967686151266612        48.789685064145317     
  0.28300000000000020       0.69900529430896452       0.22610395597295710       0.13104812359469825        7.6311886318131466        22.633116638131298        49.699735403638776     
  0.28400000000000020       0.68514357217239708       0.21946578970828057       0.13323818227991990        7.6535077083519294        23.309716946725558        50.616622599054864     
  0.28500000000000020       0.67159261250094637       0.21300111772798735       0.13541356815418559        7.6749173372787505        23.997069284582906        51.526560832658944     
  0.28600000000000020       0.65834465292630073       0.20670549745027494       0.13757175514089520        7.6953990293380397        24.694092956820430        52.439469314107598     
  0.28700000000000020       0.64539214716193671       0.20057460081670653       0.13971022840293879        7.7149344881417736        25.333155775245974        53.272429513816455     
  0.28800000000000020       0.63272775820933136       0.19460421127310840       0.14182648963188677        7.7335056299807450        26.117707652265430        54.263990018820841     
  0.28900000000000020       0.62034435180935599       0.18879022083438662       0.14391806227126902        7.7510946038940638        26.844095816955981        55.175825871511968     
  0.29000000000000020       0.60823499012871962       0.18312862723062506       0.14598249665838814        7.7676838119695937        27.579220404040441        56.085962369610364     
  0.29100000000000020       0.59639292567180924       0.17761553113191519       0.14801737506892879        7.7832559298379680        28.322327692816685        56.990435252536948     
  0.29200000000000020       0.58481159540873751       0.17224713344950793       0.15002031665089116        7.7977939273508827        29.073709446813055        57.893416242530250     
  0.29300000000000020       0.57348461511078686       0.16701973271091120       0.15198898223412449        7.8112810894086060        29.833195204377208        58.793202216523071     
  0.29400000000000021       0.56240577388483937       0.16192972250671167       0.15392107900123916        7.8237010368907480        30.526837482231329        59.609677191113697     
  0.29500000000000021       0.55156902889878567       0.15697358900692795       0.15581436500962259        7.8350377476913282        31.375630026576125        60.583396242982801     
  0.29600000000000021       0.54096850029020560       0.15214790854479818       0.15766665355154488        7.8452755778039336        32.156692370243057        61.470176854510228     
  0.29700000000000021       0.53059846625106610       0.14744934526602804       0.15947581734259375        7.8543992824267885        32.943728352827748        62.350706167905400     
  0.29800000000000021       0.52045335828136818       0.14287464884151513       0.16123979252801734        7.8623940370562071        33.737777474446204        63.228216689301640     
  0.29900000000000021       0.51052775660508531       0.13842065224167985       0.16295658249871539        7.8692454585439551        34.536851410911190        64.097873680574381     
  0.30000000000000021       0.50081638574202936       0.13408426957064776       0.16462426150815579        7.8749396260624058        35.342083461112921        64.963374146950088     
  0.30100000000000021       0.49131411022948357       0.12986249395846877       0.16624097808345822        7.8794631019593711        36.150826302118190        65.819172214389212     
  0.30200000000000021       0.48201593048782881       0.12575239550975778       0.16780495822389002        7.8828029524519660        36.887171663724331        66.597805264000769     
  0.30300000000000021       0.47291697882454548       0.12175111930708955       0.16931450838143372        7.8849467681310417        37.707968432536958        67.442486724886678     
  0.30400000000000021       0.46401251557125911       0.11785588346760051       0.17076801821908910        7.8858826842312260        38.603981014181507        68.343276477929464     
  0.30500000000000022       0.45529792534875285       0.11406397725127083       0.17216396314273061        7.8855994006275969        39.431192946188375        69.174566740028396     
  0.30600000000000022       0.44676871345505226       0.11037275921943507       0.17350090660361989        7.8840862015251245        40.258812678083068        69.990535506654851     
  0.30700000000000022       0.43842050237191549       0.10677965544209087       0.17477750216993504        7.8813329747881973        41.085282796957102        70.787599279731438     
  0.30800000000000022       0.43024902838529583       0.10328215775264779       0.17599249536543998        7.8773302308828681        41.923519987383266        71.600820343323946     
  0.30900000000000022       0.42225013831544200        9.9877822048773907E-002  0.17714472527559305        7.8720691213845591        42.759384080869943        72.391999485561982     
  0.31000000000000022       0.41441978635263360        9.6564266638077823E-002  0.17823312592006413        7.8655414570033937        43.523337693409886        73.115621069467650     
  0.31100000000000022       0.40675403099456808        9.3339170627365825E-002  0.17925672739496415        7.8649068382304659        44.434414660506285        73.945215491632226     
  0.31200000000000022       0.39924903208169216        9.0200272354276467E-002  0.18021465678356280        7.8631131816632536        45.275052957949505        74.709981511981638     
  0.31300000000000022       0.39190104792688113        8.7145367860136116E-002  0.18110613884109478        7.8601549052072128        46.115246459128272        75.463522007335456     
  0.31400000000000022       0.38470643253601661        8.4172309402881285E-002  0.18193049645434212        7.8560271469461966        46.955946847602704        76.204711741685884     
  0.31500000000000022       0.37766163291619986        8.1279004008981470E-002  0.18268715088087620        7.8507257801775072        47.797402839724718        76.938725951756325     
  0.31600000000000023       0.37076318646841738        7.8463412063279933E-002  0.18337562177284197        7.8442474277587371        48.639447454401399        77.661432255450521     
  0.31700000000000023       0.36400771846164720        7.5723545935729011E-002  0.18399552698852073        7.8365894756531871        49.481041307346871        78.375396317477566     
  0.31800000000000023       0.35739193958551907        7.3057468644023321E-002  0.18454658219908890        7.8277500857143210        50.251336642446795        79.025195302738382     
  0.31900000000000023       0.35091264357871693        7.0463292551154827E-002  0.18502860029519697        7.8177282076151950        51.161774469219232        79.770508837655271     
  0.32000000000000023       0.34456670493050240        6.7939178096960831E-002  0.18544149060043441        7.8065235899044572        52.000992104856600        80.451129363760714     
  0.32100000000000023       0.33835107665274905        6.5483332562736543E-002  0.18578525789844125        7.7941367901659211        52.837983363676400        81.118652097426889     
  0.32200000000000023       0.33226278812007815        6.3094008868032125E-002  0.18606000128075295        7.7805691842230233        53.676004735422048        81.783626309031561     
  0.32300000000000023       0.32629894297572759        6.0769504398784042E-002  0.18626992601786596        7.7658229743727905        54.511119658861737        82.433863966089490     
  0.32400000000000023       0.32045671710086321        5.8508159865924760E-002  0.18643848169087979        7.7499011966112770        55.344988991338361        83.073219558546711     
  0.32500000000000023       0.31473335664520419        5.6308358193669174E-002  0.18656970319393912        7.7328077268208251        56.178037053280669        83.700292085031592     
  0.32600000000000023       0.30912617611684412        5.4168523436695579E-002  0.18666391820856901        7.7145472858922988        56.934950337977099        84.272961913983337     
  0.32700000000000023       0.30363255652928584        5.2087119725439252E-002  0.18672145885060978        7.6951254437474228        57.830879592418825        84.923231619265948     
  0.32800000000000024       0.29824994360373780        5.0062650238759186E-002  0.18674266085050237        7.6745486222528507        58.655107158211727        85.519997967781421     
  0.32900000000000024       0.29297584602483778        4.8093656203260733E-002  0.18672786275058539        7.6528240969807291        59.478102216670521        86.106002063225006     
  0.33000000000000024       0.28780783374802815        4.6178715918562464E-002  0.18667740512190720        7.6299599978249981        60.297668359051436        86.682688040559043     
  0.33100000000000024       0.28274353635685928        4.4316443807821931E-002  0.18659162980178112        7.6059653084160015        61.114080279604451        87.247245750255715     
  0.33200000000000024       0.27778064146856180        4.2505489492858990E-002  0.18647087915489086        7.5808498643542936        61.928144862256246        87.800807783888203     
  0.33300000000000024       0.27291689318633683        4.0744536893223070E-002  0.18631549535989611        7.5546243502301662        62.738852358837029        88.345477583746998     
  0.33400000000000024       0.26815009059680944        3.9032303348585935E-002  0.18612581972367961        7.5273002954167820        63.546645608569996        88.878442623392118     
  0.33500000000000024       0.26347808631118474        3.7367538763832135E-002  0.18590219202616576        7.4988900686377136        64.350610055364044        89.401508073283338     
  0.33600000000000024       0.25889878504869696        3.5749024776265556E-002  0.18564494989860250        7.4694068712921977        65.152171167005150        89.914590886028378     
  0.33700000000000024       0.25441014226099579        3.4175573944343202E-002  0.18535442823786247        7.4388647295464958        65.949645627668147        90.416979211530801     
  0.33800000000000024       0.25001016279612609        3.2646028957373334E-002  0.18503095866106292        7.4072784851767040        66.744105263453747        90.909004248547575     
  0.33900000000000025       0.24569689960089111        3.1159261865635449E-002  0.18467486900378496        7.3746637851774866        67.536601989246563        91.394104357538183     
  0.34000000000000025       0.24146845246032630        2.9714173330381805E-002  0.18428648286603500        7.3410370701321446        68.322763348688540        91.865650130561292     
  0.34100000000000025       0.23732296677314557        2.8309691893200088E-002  0.18386611921175033        7.3064155613559603        69.057987818684666        92.302569154450495     
  0.34200000000000025       0.23325863236201649        2.6944773264239809E-002  0.18341409202660819        7.2708172468233112        69.837248341243338        92.754210658654145     
  0.34300000000000025       0.22927368231755732        2.5618399628797420E-002  0.18293071004059203        7.2342608658896577        70.662847566730349        93.224941112730932     
  0.34400000000000025       0.22536639187504845        2.4329578971796235E-002  0.18241627652259626        7.1967658928284113        71.441617795708510        93.666761543252946     
  0.34500000000000025       0.22153507732277131        2.3077344419677254E-002  0.18187108915570729        7.1583525191960033        72.204277946754488        94.080778980865290     
  0.34600000000000025       0.21777809494106806        2.1860753599265568E-002  0.18129544000102951        7.1190416350512891        72.970249759482158        94.497401597645108     
  0.34700000000000025       0.21409383997112694        2.0678888013155521E-002  0.18068961556272656        7.0788548090514380        73.732034257420764        94.902603983319835     
  0.34800000000000025       0.21048074561259100        1.9530852431190508E-002  0.18005389696511961        7.0378142674627009        74.490421349503862        95.301335616130771     
  0.34900000000000025       0.20693728204912026        1.8415774297621149E-002  0.17938856025592528        6.9959428720849139        75.241643786297175        95.683124146014961     
  0.35000000000000026       0.20346195550104534        1.7332803153527275E-002  0.17869387685289195        6.9532640971725748        75.991899586558276        96.063254603950440     
  0.35100000000000026       0.20005330730428597        1.6281110074112176E-002  0.17797011415088265        6.9098020053379337        76.736705809991136        96.429672357630409     
  0.35200000000000026       0.19670991301474977        1.5259887120482034E-002  0.17721753631086737        6.8655812225069006        77.479062097062908        96.791228526465019     
  0.35300000000000026       0.19343038153743711        1.4268346805529899E-002  0.17643640525652721        6.8206269119579872        78.216459689132748        97.140920051104700     
  0.35400000000000026       0.19021335427950795        1.3305721573562170E-002  0.17562698190437370        6.7749647474827510        78.950798589458628        97.487347292003960     
  0.35500000000000026       0.18705750432659618        1.2371263293309804E-002  0.17478952766083916        6.7286208857225001        79.680710972427647        97.816884932302330     
  0.35600000000000026       0.18396153564168216        1.1464242763975421E-002  0.17392430622281246        6.6816219377209887        80.405974534703759        98.143393638275938     
  0.35700000000000026       0.18092418228584184        1.0583949233975373E-002  0.17303158572349300        6.6339949397495683        81.126765999074991        98.458991728490503     
  0.35800000000000026       0.17794420766022848        9.7296899320575368E-003  0.17211164127338288        6.5857673234490459        81.846280388233225        98.766712087069294     
  0.35900000000000026       0.17502040376866787        8.9007896104579803E-003  0.17116475795002814        6.5369668853455574        82.583571705961845        99.088601620586203     
  0.36000000000000026       0.17215159050024467        8.0965900998004325E-003  0.17019123430275368        6.4876217558037554        83.270397803016991        99.360819272724740     
  0.36100000000000027       0.16933661493130603        7.3164498754209042E-003  0.16919138644398110        6.4377603674541524        83.977332260472693        99.646635032837736     
  0.36200000000000027       0.16657435064630297        6.5597436348291994E-003  0.16816555281147641        6.3874114231726296        84.679483163990966        99.923969681561445     
  0.36300000000000027       0.16386369707692944        5.8258618860135506E-003  0.16711409969737939        6.3366038636560882        85.376566361387034        100.18854573232289     
  0.36400000000000027       0.16120357885902387        5.1142105463147982E-003  0.16603742765365490        6.2853668346769247        86.070601320258035        100.45390082320928     
  0.36500000000000027       0.15859294520670447        4.4242105515843446E-003  0.16493597889795356        6.2337296540466349        86.736900995012903        100.69478387509997     
  0.36600000000000027       0.15603076930326704        3.7552974753730351E-003  0.16381024586193971        6.1817217783711431        87.452185722026528        100.95217059378409     
  0.36700000000000027       0.15351604770833216        3.1069211578773643E-003  0.16266078104254503        6.1293727696656264        88.134012529095131        101.18853130440667     
  0.36800000000000027       0.15104779978079283        2.4785453444029744E-003  0.16148820833660618        6.0767122618727925        88.815342556929693        101.42240078307385     
  0.36900000000000027       0.14862506711710324        1.8696473330897698E-003  0.16029323606218451        6.0237699273608580        89.491452716905215        101.64697585873741     
  0.37000000000000027       0.14624691300446629        1.2797176316631932E-003  0.15907667189259814        5.9705754434622413        90.163694943940953        101.86302432113565     
  0.37100000000000027       0.14391242188850345        7.0825962297856103E-004  0.15783943995377667        5.9171584591214570        90.833778820095219        102.07445740065471     
  0.37200000000000027       0.14162069885498058        1.5478923912424180E-004  0.15658260035737864        5.8635485616993810        91.495630931111535        102.27596411266822     
  0.37300000000000028       0.13937086912520621       -3.8116535612446308E-004  0.15530737146475251        5.8097752440147943        92.155734726330266        102.47448733828658     
  0.37400000000000028       0.13716207756470150       -9.0006407673491520E-004  0.15401515519210715        5.7558678716786638        92.817750909384927        102.66412891419478     
  0.37500000000000028       0.13499348820477508       -1.4023552159218705E-003  0.15270756567404381        5.7018556507704394        93.473280503437536        102.84851653203381     
  0.37600000000000028       0.13286428377663109       -1.8884757399473841E-003  0.15138646159802993        5.6477675959408380        94.123708665441328        103.02356713568760     
  0.37700000000000028       0.13077366525767223       -2.3588515744026738E-003  0.15005398249035498        5.5936324989780477        94.770787485292388        103.19386743122737     
  0.37800000000000028       0.12872085142963421       -2.8138978831777476E-003  0.14871258917545613        5.5394788979050213        95.416155472647162        103.35874407048335     
  0.37900000000000028       0.12670507844824039       -3.2540193403004453E-003  0.14736510851548462        5.4853350466627999        96.055900711873036        103.51675494897954     
  0.38000000000000028       0.12472559942403878       -3.6796103948289320E-003  0.14601478235894561        5.4312288854324322        96.694721259579111        103.66885486317435     
  0.38100000000000028       0.12278168401412579       -4.0910555289835017E-003  0.14466532034070689        5.3771880116553588        97.308538293098309        103.79785231812858     
  0.38200000000000028       0.12087261802443601       -4.4887295096847210E-003  0.14332095575461276        5.3232396517935845        97.960643168321283        103.95550909282053     
  0.38300000000000028       0.11899770302231957       -4.8729976336740026E-003  0.14198650309858460        5.2694106338797617        98.590092521275835        104.09049605328362     
  0.38400000000000029       0.11715625595911507       -5.2442159663784434E-003  0.14066741500705648        5.2157273609110346        99.212940169610718        104.21735275096661     
  0.38500000000000029       0.11534760880243952       -5.6027315746872437E-003  0.13936983504087275        5.1622157851308774        99.836571340752087        104.34301714615795     
  0.38600000000000029       0.11357110817793556       -5.9488827537860604E-003  0.13810064108527920        5.1089013832261720        100.45362538989708        104.45887947126411     
  0.38700000000000029       0.11182611502021042       -6.2829992482164483E-003  0.13686747178332545        5.0558091324974095        101.07223613229063        104.57364625149897     
  0.38800000000000029       0.11011200423271011       -6.6054024672968191E-003  0.13567872535178865        5.0029634880310585        101.68145366153551        104.67653935196223     
  0.38900000000000029       0.10842816435629354       -6.9164056950613033E-003  0.13454351616281948        4.9503883609054444        102.29362115682538        104.77904912933946     
  0.39000000000000029       0.10677399724625999       -7.2163142948485038E-003  0.13347156957027750        4.8981070974616525        102.89104283925344        104.87311195148889     
  0.39100000000000029       0.10514891775760660       -7.5054259086829106E-003  0.13247302975498132        4.8461424596838807        103.50463778963908        104.96553516716435     
  0.39200000000000029       0.10355235343828201       -7.7840306515858460E-003  0.13155814939933230        4.7945166066847618        104.09757482095775        105.05001569237993     
  0.39300000000000029       0.10198374423023063       -8.0524113009392967E-003  0.13073682516269261        4.7432510773477796        104.70718719075013        105.13635528765502     
  0.39400000000000029       0.10044254217800418       -8.3108434810366307E-003  0.13001794205910636        4.6923667741348360        105.30008423838503        105.21076114187052     
  0.39500000000000030        9.8928211144746175E-002  -8.5595958429416450E-003  0.12940849836598523        4.6418839480668330        105.89939797594779        105.28450465119391     
  0.39600000000000030        9.7440226535342414E-002  -8.7989302397761364E-003  0.12891251003852947        4.5918221849106082        106.48883559137204        105.35090309384519     
  0.39700000000000030        9.5978075026546400E-002  -9.0291018975554461E-003  0.12852975459835550        4.5422003925639416        107.07798537831135        105.41579801837833     
  0.39800000000000030        9.4541254303893277E-002  -9.2503595816857305E-003  0.12825452862803294        4.4930367896657142        107.66312312778940        105.46941647524349     
  0.39900000000000030        9.3129272805220945E-002  -9.4629457592333554E-003  0.12807477594920061        4.4443488954151649        108.24023791556934        105.52630820996156     
  0.40000000000000030        9.1741649470613057E-002  -9.6670967570781138E-003  0.12797217630502439        4.3961535206196709        108.82849468570268        105.57513238047066     
  0.40100000000000030        9.0377913498602844E-002  -9.8630429160543893E-003  0.12792393745473360        4.3484667599641078        109.40271376341670        105.61491260953429     
  0.40200000000000030        8.9037604108464924E-002  -1.0051008741181802E-002  0.12790674721269765        4.3013039854946866        109.98276325495675        105.65915772049115     
  0.40300000000000030        8.7720270308428744E-002  -1.0231213048090099E-002  0.12790205423327294        4.2546798413139850        110.55725901179851        105.69668931801854     
  0.40400000000000030        8.6425470669665647E-002  -1.0403869105732174E-002  0.12789967598398830        4.2086082394812134        111.13135509765772        105.73053888446088     
  0.40500000000000030        8.5152773105887022E-002  -1.0569184775482004E-002  0.12789652540594393        4.1631023570993886        111.70013400860897        105.75945733347895     
  0.40600000000000031        8.3901754658408045E-002  -1.0727362646711768E-002  0.12789228888621740        4.1181746345754799        112.26300540561806        105.78245959553090     
  0.40700000000000031        8.2672001286534680E-002  -1.0878600168935817E-002  0.12788702202895499        4.0738367750467992        112.83141572900770        105.80229994368014     
  0.40800000000000031        8.1463107663130654E-002  -1.1023089780611249E-002  0.46071020840719901        4.0300997449358738        113.38999038976920        105.82588141123637     
  0.40900000000000031        8.0274676975222586E-002  -1.1161019034682489E-002  0.45784407579071495        3.9869737756305366        113.84673489481621        105.72991918598136     
  0.41000000000000031        7.9106320729522936E-002  -1.1292570720950091E-002  0.45496292572237668        3.9444683662523161        114.51850886347428        105.84151560858081     
  0.41100000000000031        7.7957658562729723E-002  -1.1417922985345032E-002  0.45206699084137913        3.9025922874933991        115.07742529403401        105.85238936546327     
  0.41200000000000031        7.6828318056483005E-002  -1.1537249446194388E-002  0.44915153760702897        3.8613535864907420        115.63288884059023        105.85581197298235     
  0.41300000000000031        7.5717934556853883E-002  -1.1650719307546284E-002  0.44618611686662746        3.8207595927093276        116.17912888266486        105.85011519079808     
  0.41400000000000031        7.4626150998252011E-002  -1.1758497469635778E-002  0.44309078725872053        3.7808169248031760        116.73548825934893        105.84940344448701     
  0.41500000000000031        7.3552617731627037E-002  -1.1860744636563057E-002  0.43974228858711684        3.7415314984174968        117.28429020592490        105.84266210025352     
  0.41600000000000031        7.2496992356863188E-002  -1.1957617421255166E-002  0.43600761099384761        3.7029085348996951        117.83256480433005        105.82892888739116     
  0.41700000000000031        7.1458939559248508E-002  -1.2049268447779033E-002  0.43177915941176359        3.6649525708829414        118.37945173440487        105.81820353690358     
  0.41800000000000032        7.0438130949916647E-002  -1.2135846451081138E-002  0.42699559546502946        3.6276674687031734        118.92672766911856        105.80142560253734     
  0.41900000000000032        6.9434244910161605E-002  -1.2217496374205274E-002  0.42164666364718389        3.5910564276123171        119.47039395155174        105.78231696555694     
  0.42000000000000032        6.8446966439515936E-002  -1.2294359463070562E-002  0.41576683955497190        3.5551219957454787        120.01362945337900        105.76057183492368     
  0.42100000000000032        6.7475987007504998E-002  -1.2366573358856253E-002  0.40942348959434460        3.5198660828064727        120.55398100550849        105.73566520653237     
  0.42200000000000032        6.6521004408976098E-002  -1.2434272188065596E-002  0.40270386908817252        3.4852899734229368        121.09520899067044        105.70793784450697     
  0.42300000000000032        6.5581722622911662E-002  -1.2497586650321128E-002  0.39570355330726370        3.4513943411395416        121.62889887498989        105.67767448679919     
  0.42400000000000032        6.4657851674638084E-002  -1.2556644103954620E-002  0.38851747601492681        3.4181792629934451        122.16492841300209        105.64159948186463     
  0.42500000000000032        6.3749107501343577E-002  -1.2611568649441858E-002  0.38123379764418486        3.3856442346425299        122.69640013982881        105.60386017388912     
  0.42600000000000032        6.2855211820815507E-002  -1.2662481210744687E-002  0.37393029161163943        3.3537881859976011        123.23108303056620        105.56608704865870     
  0.42700000000000032        6.1975892003319391E-002  -1.2709499614605923E-002  0.36667271081664926        3.3226094973123237        123.76099832257668        105.52325875326942     
  0.42800000000000032        6.1110880946540262E-002  -1.2752738667856334E-002  0.35951456296725026        3.2921060156940540        124.28945435738757        105.47907230036073     
  0.42900000000000033        6.0259916953503107E-002  -1.2792310232778305E-002  0.35249779178008750        3.2622750719915805        124.81916128366765        105.43422009307642     
  0.43000000000000033        5.9422743613397833E-002  -1.2828323300581989E-002  0.34565396892783729        3.2331134980132541        125.34624513051301        105.38336608807525     
  0.43100000000000033        5.8599109685241693E-002  -1.2860884063033758E-002  0.33900571220770198        3.2046176440379761        125.87124158656421        105.33209973936205     
  0.43200000000000033        5.7788768984295698E-002  -1.2890095982293726E-002  0.33256814079769781        3.1767833965777594        126.39708546405232        105.27925465434447     
  0.43300000000000033        5.6991480271173976E-002  -1.2916059858999874E-002  0.32635025265236700        3.1496061963449975        126.92050625118313        105.22442612774559     
  0.43400000000000033        5.6207007143576543E-002  -1.2938873898646598E-002  0.32035616250252424        3.1230810563914071        127.44379508801890        105.16701261984447     
  0.43500000000000033        5.5435117930572653E-002  -1.2958633776303307E-002  0.31458617489137791        3.0972025803750989        127.96457427112047        105.10555596505618     
  0.43600000000000033        5.4675585589381515E-002  -1.2975432699709579E-002  0.30903768927951542        3.0719649809177261        128.48605136661121        105.04486853998768     
  0.43700000000000033        5.3928187604576440E-002  -1.2989361470793808E-002  0.30370594730174377        3.0473620980156353        129.00138504789530        104.97745116957253     
  0.43800000000000033        5.3192705889659797E-002  -1.3000508545651329E-002  0.29858463884736541        3.0233874174656266        129.52108811923341        104.91384157312282     
  0.43900000000000033        5.2468926690941844E-002  -1.3008960093024579E-002  0.29366638609698470        3.0000340892709016        130.03221523409471        104.83695131678236     
  0.44000000000000034        5.1756640493674469E-002  -1.3014800051319532E-002  0.28894312463346344        2.9772949459963671        130.55010106826521        104.77290880486518     
  0.44100000000000034        5.1055641930373936E-002  -1.3018110184199396E-002  0.28440639938004025        2.9551625210316259        131.05637056468353        104.69475778108998     
  0.44200000000000034        5.0365729691285784E-002  -1.3018970134787198E-002  0.28004759109970340        2.9336290667408327        131.57540061517921        104.62459854979889     
  0.44300000000000034        4.9686706436934590E-002  -1.3017457478517737E-002  0.27585808698533343        2.9126865724580804        132.09020235188305        104.55058812335263     
  0.44400000000000034        4.9018378712703793E-002  -1.3013647774668766E-002  0.27182940670850481        2.8923267823059073        132.60035275629144        104.47568571071103     
  0.44500000000000034        4.8360556865404768E-002  -1.3007614616606310E-002  0.26795329332274265        2.8725412128075574        133.12558789596167        104.40201221202480     
  0.44600000000000034        4.7713054961772999E-002  -1.2999429680778675E-002  0.26422177668742458        2.8533211702649828        133.61887061338274        104.31210719739188     
  0.44700000000000034        4.7075690708855991E-002  -1.2989162774486109E-002  0.26062721559723662        2.8346577678767315        134.12016348045000        104.22534850319794     
  0.44800000000000034        4.6448285376233453E-002  -1.2976881882462939E-002  0.25716232357170155        2.8165419425790681        134.62949459328811        104.14235619749887     
  0.44900000000000034        4.5830663720039196E-002  -1.2962653212296850E-002  0.25382018223681713        2.7989644715758502        135.13737346939035        104.05777079559806     
  0.45000000000000034        4.5222653908724722E-002  -1.2946541238717886E-002  0.25059424540169734        2.7819159885500704        135.64231485896153        103.97054420149247     
  0.45100000000000035        4.4624087450534616E-002  -1.2928608746785360E-002  0.24747833626667198        2.7653869995264393        136.14401202005217        103.88031189884374     
  0.45200000000000035        4.4034799122642736E-002  -1.2908916873999173E-002  0.24446663965892923        2.7493678983766046        136.65470659056191        103.79509241045403     
  0.45300000000000035        4.3454626901913374E-002  -1.2887525151363420E-002  0.24155369076624475        2.7338489819410876        137.12670901722373        103.68618390604432     
  0.45400000000000035        4.2883411897246468E-002  -1.2864491543429982E-002  0.23873436149902094        2.7188204647635472        137.65191622234423        103.60602785744955     
  0.45500000000000035        4.2320998283466527E-002  -1.2839872487344670E-002  0.23600384534904770        2.7042724934162634        138.14818771946418        103.50843712995525     
  0.45600000000000035        4.1767233236717841E-002  -1.2813722930925090E-002  0.23335764139160187        2.6901951604074501        138.64687255739594        103.41173633941985     
  0.45700000000000035        4.1221966871334247E-002  -1.2786096369790367E-002  0.23079153792904486        2.6765785176609302        139.14283429434784        103.31241595360201     
  0.45800000000000035        4.0685052178136553E-002  -1.2757044883571218E-002  0.22830159613200091        2.6634125895565677        139.64295233081000        103.21658129315851     
  0.45900000000000035        4.0156344964136198E-002  -1.2726619171218411E-002  0.22588413394359214        2.6506873855269988        140.16876275160766        103.13654243656774     
  0.46000000000000035        3.9635703793600291E-002  -1.2694868585437105E-002  0.22353571043396159        2.6383929122007030        140.63370226947336        103.01460733796661     
  0.46100000000000035        3.9122989930450547E-002  -1.2661841166265238E-002  0.22125311072860884        2.6265191850877851        141.12666583686618        102.91191276956573     
  0.46200000000000035        3.8618067281962681E-002  -1.2627583673820110E-002  0.21903333159802435        2.6150562398050479        141.62638049622416        102.81082430385332     
  0.46300000000000036        3.8120802343734252E-002  -1.2592141620232861E-002  0.21687356775409419        2.6039941428370676        142.11661928622291        102.70447539119138     
  0.46400000000000036        3.7631064145890396E-002  -1.2555559300790936E-002  0.21477119887638446        2.5933230018298463        142.61403141328762        102.60214080752655     
  0.46500000000000036        3.7148724200497911E-002  -1.2517879824309606E-002  0.21272377737500334        2.5830329754207493        143.09487640974714        102.48991699592948     
  0.46600000000000036        3.6673656450158847E-002  -1.2479145142750879E-002  0.21072901687999046        2.5731142825989473        143.58866850243669        102.38435018924774     
  0.46700000000000036        3.6205737217755773E-002  -1.2439396080107882E-002  0.20878478143383014        2.5635572116064922        144.07695161121387        102.27468714499646     
  0.46800000000000036        3.5744845157317982E-002  -1.2398672360576903E-002  0.20688907537139145        2.5543521283727202        144.57359681404449        102.16897248955293     
  0.46900000000000036        3.5290861205987831E-002  -1.2357012636028558E-002  0.20504003384596270        2.5454894844938090        145.05895772130424        102.05737990190140     
  0.47000000000000036        3.4843668537053160E-002  -1.2314454512803167E-002  0.20323591397332769        2.5369598247573641        145.54646537851048        101.94497090760500     
  0.47100000000000036        3.4403152514027271E-002  -1.2271034577839781E-002  0.20147508656507276        2.5287537942179612        146.03008154848732        101.83192782427143     
  0.47200000000000036        3.3969200645747856E-002  -1.2226788424162610E-002  0.19975602840546772        2.5208621448299247        146.51335325698039        101.71765762967509     
  0.47300000000000036        3.3541702542469590E-002  -1.2181750675734399E-002  0.19807731504731260        2.5132757416449452        146.99893155869054        101.60444585630148     
  0.47400000000000037        3.3120549872933495E-002  -1.2135955011697175E-002  0.19643761409054802        2.5059855685792174        147.48309398017904        101.48936095069060     
  0.47500000000000037        3.2705636322378481E-002  -1.2089434190014818E-002  0.19483567890780940        2.4989827337620061        147.96568956229930        101.37239996032748     
  0.47600000000000037        3.2296857551485127E-002  -1.2042220070529186E-002  0.19327034279297048        2.4922584744694549        148.43727880803155        101.25103204126916     
  0.47700000000000037        3.1894111156218097E-002  -1.1994343637450684E-002  0.19174051349869328        2.4858041616570601        148.92131882645421        101.13440295113271     
  0.47800000000000037        3.1497296628559102E-002  -1.1945835021289136E-002  0.19024516813812833        2.4796113040975660        149.40968125902404        101.02047629187354     
  0.47900000000000037        3.1106315318093668E-002  -1.1896723520247720E-002  0.18878334842382544        2.4736715521359414        149.88715438652034        100.90358147035731     
  0.48000000000000037        3.0721070394446152E-002  -1.1847037621086630E-002  0.18735415622032595        2.4679767010699147        150.36711614878891        100.78129939404523     
  0.48100000000000037        3.0341466810533787E-002  -1.1796805019472105E-002  0.18595674938972373        2.4625186941694261        150.84428515931580        100.65962246720314     
  0.48200000000000037        2.9967411266625107E-002  -1.1746052639824719E-002  0.18459033790727677        2.4572896253429932        151.32419504250308        100.54115866816021     
  0.48300000000000037        2.9598812175180681E-002  -1.1694806654677769E-002  0.18325418022740222        2.4522817414649993        151.80114175121906        100.41983148852313     
  0.48400000000000037        2.9235579626461700E-002  -1.1643092503558461E-002  0.18194757988693519        2.4474874443738903        152.27416390815372        100.29589060615170     
  0.48500000000000038        2.8877625354883973E-002  -1.1590934911404028E-002  0.18066988232377340        2.4428992925524344        152.76189328989940        100.18043933569416     
  0.48600000000000038        2.8524862706105117E-002  -1.1538357906523695E-002  0.17942047189890137        2.4385100025037270        153.22677986834657        100.05081707096660     
  0.48700000000000038        2.8177206604821672E-002  -1.1485384838118760E-002  0.17819876910657614        2.4343124498329520        153.69989831159469        99.927209188726380     
  0.48800000000000038        2.7834573523266268E-002  -1.1432038393370954E-002  0.17700422796184836        2.4302996700480279        154.17291381877152        99.802623068475810     
  0.48900000000000038        2.7496881450383929E-002  -1.1378340614109892E-002  0.17583633355142825        2.4264648590908799        154.64676519399507        99.679309376412718     
  0.49000000000000038        2.7164049861672680E-002  -1.1324312913070502E-002  0.17469459973710313        2.4228013736100915        155.11395609572864        99.551137938861658     
  0.49100000000000038        2.6835999689673668E-002  -1.1269976089750160E-002  0.17357856700394186        2.4193027309895876        155.58033317275303        99.426086119148181     
  0.49200000000000038        2.6512653295097468E-002  -1.1215350345875966E-002  0.17248780044304524        2.4159626091417552        156.24738778449489        99.437871118970023     
  0.49300000000000038        2.6193934438568368E-002  -1.1160455300490613E-002  0.17142188785743998        2.4127748460805680        156.54922657579866        99.166563172050616     
  0.49400000000000038        2.5879768252974552E-002  -1.1105310004668084E-002  0.17038043798994648        2.4097334392825331        157.00139173700302        99.055553584270655     
  0.49500000000000038        2.5570081216410218E-002  -1.1049932955867385E-002  0.16936307885855872        2.4068325448504719        157.46586416466397        98.922334911692246     
  0.49600000000000039        2.5264801125695131E-002  -1.0994342111932382E-002  0.16836945619862265        2.4040664764887758        157.92976090149511        98.792598363165794     
  0.49700000000000039        2.4963857070460137E-002  -1.0938554904748545E-002  0.16739923200115592        2.4014297043036992        158.39738508028137        98.665382745965246     
  0.49800000000000039        2.4667179407782909E-002  -1.0882588253562777E-002  0.16645208314611074        2.3989168534370564        158.85744777431984        98.533801164949296     
  0.49900000000000039        2.4374699737363881E-002  -1.0826458577977607E-002  0.16552770012182602        2.3965227025471139        159.32577954211388        98.407418869826856     
  0.50000000000000033        2.4086350877229667E-002  -1.0770181810623905E-002  0.16462578582745560        2.3942421821444815        159.78588464616797        98.275657577329127     
