   0.0000000000000000        0.0000000000000000        0.0000000000000000        0.0000000000000000        0.0000000000000000        0.0000000000000000        0.0000000000000000     
   1.0000000000000000E-003   0.0000000000000000        0.0000000000000000        0.0000000000000000        0.0000000000000000        0.0000000000000000        0.0000000000000000     
   2.0000000000000000E-003   2.7333118427988143        1.4266091045726259        0.0000000000000000        0.0000000000000000        0.0000000000000000        0.0000000000000000     
   3.0000000000000001E-003   9.4500058780242195        4.9376122326152538        0.0000000000000000        0.0000000000000000        0.0000000000000000        0.0000000000000000     
   4.0000000000000001E-003   18.864940501217305        8.4391852826731100        0.0000000000000000        0.0000000000000000        0.0000000000000000        0.0000000000000000     
   5.0000000000000001E-003   30.503550958363487        11.914890436098871        0.0000000000000000        0.0000000000000000        0.0000000000000000        0.0000000000000000     
   6.0000000000000001E-003   42.041773452416116        15.348654757094666        0.0000000000000000        0.0000000000000000        0.0000000000000000        0.0000000000000000     
   7.0000000000000001E-003   53.436142383237069        18.724953738474419        0.0000000000000000        0.0000000000000000        0.0000000000000000        0.0000000000000000     
   8.0000000000000002E-003   64.644148607240226        22.028981691337989        0.0000000000000000        0.0000000000000000        0.0000000000000000        0.0000000000000000     
   9.0000000000000011E-003   75.624518497807202        25.246805519720382        0.0000000000000000        0.0000000000000000        0.0000000000000000        0.0000000000000000     
   1.0000000000000002E-002   86.337487930646759        28.365499030393899        0.0000000000000000        0.0000000000000000        0.0000000000000000        0.0000000000000000     
   1.1000000000000003E-002   96.745069308883245        31.373255614908775        0.0000000000000000        0.0000000000000000        0.0000000000000000        0.0000000000000000     
   1.2000000000000004E-002   106.81130946816522        34.259477870965156        0.0000000000000000        0.0000000000000000        0.0000000000000000        0.0000000000000000     
   1.3000000000000005E-002   116.50253603025715        37.014843468355565        0.0000000000000000        0.0000000000000000        0.0000000000000000        0.0000000000000000     
   1.4000000000000005E-002   125.78758952269844        39.631347277986251        0.0000000000000000        0.0000000000000000        0.0000000000000000        0.0000000000000000     
   1.5000000000000006E-002   134.63803837092294        42.102320441697820        0.0000000000000000        0.0000000000000000        0.0000000000000000        0.0000000000000000     
   1.6000000000000007E-002   143.02837371615126        44.422427641918638        0.0000000000000000        0.0000000000000000        0.0000000000000000        0.0000000000000000     
   1.7000000000000008E-002   150.93618093471198        46.587644316026484        0.0000000000000000        0.0000000000000000        0.0000000000000000        0.0000000000000000     
   1.8000000000000009E-002   158.34228474750330        48.595215939788474        0.0000000000000000        0.0000000000000000        0.0000000000000000        0.0000000000000000     
   1.9000000000000010E-002   165.23086492461317        50.443601773114828        0.0000000000000000        0.0000000000000000        0.0000000000000000        0.0000000000000000     
   2.0000000000000011E-002   171.58953981856055        52.132405621351658        0.0000000000000000        0.0000000000000000        0.0000000000000000        0.0000000000000000     
   2.1000000000000012E-002   177.40941530479040        53.662296223340434        0.0000000000000000        0.0000000000000000        0.0000000000000000        0.0000000000000000     
   2.2000000000000013E-002   182.68509716965232        55.034919844415079        0.0000000000000000        0.0000000000000000        0.0000000000000000        0.0000000000000000     
   2.3000000000000013E-002   187.41466555849135        56.252807542104996        0.0000000000000000        0.0000000000000000        0.0000000000000000        0.0000000000000000     
   2.4000000000000014E-002   191.59961076853565        57.319279399876827        0.0000000000000000        0.0000000000000000        0.0000000000000000        0.0000000000000000     
   2.5000000000000015E-002   195.24473042639428        58.238347805568019        0.0000000000000000        0.0000000000000000        0.0000000000000000        0.0000000000000000     
   2.6000000000000016E-002   198.35798890639413        59.014621601563768        0.0000000000000000        0.0000000000000000        0.0000000000000000        0.0000000000000000     
   2.7000000000000017E-002   200.95034069742451        59.653212667355064        0.0000000000000000        0.0000000000000000        0.0000000000000000        0.0000000000000000     
   2.8000000000000018E-002   203.03552028246924        60.159646224271711        0.0000000000000000        0.0000000000000000        0.0000000000000000        0.0000000000000000     
   2.9000000000000019E-002   204.62980192422509        60.539775887244232        0.0000000000000000        0.0000000000000000        0.0000000000000000        0.0000000000000000     
   3.0000000000000020E-002   205.75173351871024        60.799704237573643        0.0000000000000000        0.0000000000000000        0.0000000000000000        0.0000000000000000     
   3.1000000000000021E-002   206.42184935369860        60.945709459906027        6.2637256800361171E-005   0.0000000000000000        0.0000000000000000        0.0000000000000000     
   3.2000000000000021E-002   206.66236715958138        60.984178379941419        1.2845280391008955E-004   0.0000000000000000        0.0000000000000000        0.0000000000000000     
   3.3000000000000022E-002   206.49687524022983        60.921546059124481        1.9506139922793774E-004   0.0000000000000000        0.0000000000000000        0.0000000000000000     
   3.4000000000000023E-002   205.95001569955565        60.764241949433000        2.6250054735978140E-004   0.0000000000000000        0.0000000000000000        0.0000000000000000     
   3.5000000000000024E-002   205.04716982168816        60.518642484978621        3.3080735859610449E-004   0.0000000000000000        0.0000000000000000        0.0000000000000000     
   3.6000000000000025E-002   204.36918408964928        60.191029886118002        4.0001854891200014E-004   0.0000000000000000        0.0000000000000000        0.0000000000000000     
   3.7000000000000026E-002   203.86685484491292        59.813858786948586        4.7017043996716844E-004   0.0000000000000000        0.0000000000000000        0.0000000000000000     
   3.8000000000000027E-002   204.09500679869296        59.933602699181996        5.4129895910591985E-004   0.0000000000000000        0.0000000000000000        0.0000000000000000     
   3.9000000000000028E-002   204.06200093815727        59.984341247646562        6.1343963935717204E-004   0.0000000000000000        0.0000000000000000        0.0000000000000000     
   4.0000000000000029E-002   203.78752323087252        59.970031090028144        6.8662761943445217E-004   0.0000000000000000        0.0000000000000000        0.0000000000000000     
   4.1000000000000029E-002   203.29044514113949        59.894432712223832        7.6089764373589539E-004   0.0000000000000000        0.0000000000000000        0.0000000000000000     
   4.2000000000000030E-002   202.58865086839231        59.761097422105344        8.3628406234424540E-004   0.0000000000000000        0.0000000000000000        0.0000000000000000     
   4.3000000000000031E-002   201.69889886901493        59.573358364964172        9.1282083102685438E-004   0.0000000000000000        0.0000000000000000        0.0000000000000000     
   4.4000000000000032E-002   200.63671833014010        59.334325371403935        9.9054151123568394E-004   0.0000000000000000        0.0000000000000000        0.0000000000000000     
   4.5000000000000033E-002   199.41634048013128        59.046883490813961        1.0694792701073023E-003   0.0000000000000000        0.0000000000000000        0.0000000000000000     
   4.6000000000000034E-002   198.05066390596593        58.713695103215919        1.1496668804628881E-003   0.0000000000000000        0.0000000000000000        0.0000000000000000     
   4.7000000000000035E-002   196.55125240813044        58.337205532080716        1.2311367208082281E-003   0.0000000000000000        0.0000000000000000        0.0000000000000000     
   4.8000000000000036E-002   194.92836335607632        57.919652093543981        1.3139207753337160E-003   0.0000000000000000        0.0000000000000000        0.0000000000000000     
   4.9000000000000037E-002   193.19100400241678        57.463076506813643        1.3980506339143562E-003   0.0000000000000000        0.0000000000000000        0.0000000000000000     
   5.0000000000000037E-002   191.34701275871541        56.969340551314701        1.4835574921097606E-003   0.0000000000000000        0.0000000000000000        0.0000000000000000     
   5.1000000000000038E-002   189.40316201712599        56.440144785391183        1.5704721511641496E-003   0.0000000000000000        0.0000000000000000        0.0000000000000000     
   5.2000000000000039E-002   187.36527871231155        55.877050039548465        1.6588250180063534E-003   0.0000000000000000        0.0000000000000000        0.0000000000000000     
   5.3000000000000040E-002   185.23837845818647        55.281501268696182        1.7486461052498075E-003   0.0000000000000000        0.0000000000000000        0.0000000000000000     
   5.4000000000000041E-002   183.02680877749918        54.654853201629685        1.8399650311925594E-003   0.0000000000000000        0.0000000000000000        0.0000000000000000     
   5.5000000000000042E-002   180.73439669562859        53.998397075537419        1.9328110198172637E-003   0.0000000000000000        0.0000000000000000        0.0000000000000000     
   5.6000000000000043E-002   178.36459583077317        53.313387605751565        2.0272129007911834E-003   0.0000000000000000        0.0000000000000000        0.0000000000000000     
   5.7000000000000044E-002   175.92062812439030        52.601069235341903        2.1231991094661905E-003   0.0000000000000000        0.0000000000000000        0.0000000000000000     
   5.8000000000000045E-002   173.40561555972312        51.862700654082559        2.2207976868787649E-003   0.0000000000000000        0.0000000000000000        0.0000000000000000     
   5.9000000000000045E-002   170.82269764264029        51.099576587012926        2.3200362797499950E-003   0.0000000000000000        0.0000000000000000        0.0000000000000000     
   6.0000000000000046E-002   168.17513107776585        50.313045938260814        2.4209421404855795E-003   0.0000000000000000        0.0000000000000000        0.0000000000000000     
   6.1000000000000047E-002   165.46636894738171        49.504525536500523        2.5235421271758230E-003   0.0000000000000000        0.0000000000000000        0.0000000000000000     
   6.2000000000000048E-002   162.70011774551341        48.675508955365807        2.6278627035956400E-003   0.0000000000000000        0.0000000000000000        0.0000000000000000     
   6.3000000000000042E-002   159.88037176405049        47.827570157260212        2.7339299392045535E-003   0.0000000000000000        0.0000000000000000        0.0000000000000000     
   6.4000000000000043E-002   157.01142548333274        46.962362007329048        2.8417695091466958E-003   0.0000000000000000        0.0000000000000000        0.0000000000000000     
   6.5000000000000044E-002   154.09786569231895        46.081609997382458        2.9514066942508059E-003   0.0000000000000000        0.0000000000000000        0.0000000000000000     
   6.6000000000000045E-002   151.14454596678431        45.187101779386296        3.0628663810302330E-003   0.0000000000000000        0.0000000000000000        0.0000000000000000     
   6.7000000000000046E-002   148.15654680096577        44.280673311417139        3.1761730616829327E-003  0.80535890632878238        0.0000000000000000        0.0000000000000000     
   6.8000000000000047E-002   145.13912507962530        43.364192550008099        3.2913508340914727E-003  0.83329216267089168        0.0000000000000000        0.0000000000000000     
   6.9000000000000047E-002   142.09765668593380        42.439541675198335        3.4084234018230256E-003  0.86104917640543688        0.0000000000000000        0.0000000000000000     
   7.0000000000000048E-002   139.03757588794022        41.508598811292060        3.5274140741293745E-003  0.88863291608452732        0.0000000000000000        0.0000000000000000     
   7.1000000000000049E-002   135.96431477838888        40.573220118190449        3.6483457659469104E-003  0.91604638139552297        0.0000000000000000        0.0000000000000000     
   7.2000000000000050E-002   132.88324552000600        39.635222991507753        3.7712409978966346E-003  0.94329260118485525        0.0000000000000000        0.0000000000000000     
   7.3000000000000051E-002   129.79962753724683        38.696370943421918        3.8961218962841513E-003  0.97037463140029312        0.0000000000000000        0.0000000000000000     
   7.4000000000000052E-002   126.71856115890212        37.758360559047013        4.0230101930996808E-003  0.99729555295273853        0.0000000000000000        0.0000000000000000     
   7.5000000000000053E-002   123.64494860722220        36.822810751375705        4.1519272260180477E-003   1.0240584694994792        0.0000000000000000        0.0000000000000000     
   7.6000000000000054E-002   120.58346268814512        35.891254384053667        4.2828939383986846E-003   1.0506665051503905        0.0000000000000000        0.0000000000000000     
   7.7000000000000055E-002   117.53852308885062        34.965132203569532        4.4159308792856341E-003   1.0771228021001387        0.0000000000000000        0.0000000000000000     
   7.8000000000000055E-002   114.51427984438119        34.045788924791125        4.5510582034075488E-003   1.1034305181885879        0.0000000000000000        0.0000000000000000     
   7.9000000000000056E-002   111.51460329413889        33.134471246459050        4.6882956711776858E-003   1.1295928243934406        0.0000000000000000        0.0000000000000000     
   8.0000000000000057E-002   108.54307970287520        32.232327533866780        4.8276626486939153E-003   1.1556129022583714        0.0000000000000000        0.0000000000000000     
   8.1000000000000058E-002   105.60301165523687        31.340408890388549        4.9691781077387115E-003   1.1814939412612124        0.0000000000000000        0.0000000000000000     
   8.2000000000000059E-002   102.69742233140168        30.459671342785597        5.1128606257791597E-003   1.2072391361267756        0.0000000000000000        0.0000000000000000     
   8.3000000000000060E-002   99.829062816969753        29.590978882227272        5.2587283859669553E-003   1.2328516840898545        0.0000000000000000        0.0000000000000000     
   8.4000000000000061E-002   97.000421677497670        28.735107128975468        5.4067991771383989E-003   1.2583347821131317        0.0000000000000000        0.0000000000000000     
   8.5000000000000062E-002   94.213736123527212        27.892747419649844        5.5570903938144019E-003   1.2836916240676639        0.0000000000000000        0.0000000000000000     
   8.6000000000000063E-002   91.471004194993924        27.064511148692187        5.7096190362004810E-003   1.3089253978807631        0.0000000000000000        0.0000000000000000     
   8.7000000000000063E-002   88.773997496468979        26.250934227684564        5.8644017101867679E-003   1.3340392826598069        0.0000000000000000        0.0000000000000000     
   8.8000000000000064E-002   86.124274111237455        25.452481555915426        6.0214546273479972E-003   1.3590364457988422        0.0000000000000000        0.0000000000000000     
   8.9000000000000065E-002   83.523191409251567        24.669551422042282        6.1807936049435115E-003   1.3839200400752820        0.0000000000000000        0.0000000000000000     
   9.0000000000000066E-002   80.971918539700852        23.902479779397463        6.3424340659172648E-003   1.4086932007472310        0.0000000000000000        0.0000000000000000     
   9.1000000000000067E-002   78.471448462726556        23.151544356320436        6.5063910388978193E-003   1.4333590426572522        0.0000000000000000        0.0000000000000000     
   9.2000000000000068E-002   76.022609426981390        22.416968578052540        6.6726791581983459E-003   1.4579206573551358        0.0000000000000000        0.0000000000000000     
   9.3000000000000069E-002   73.626075841167022        21.698925288520897        6.8413126638166236E-003   1.4823811102463249        0.0000000000000000        0.0000000000000000     
   9.4000000000000070E-002   71.282378519552253        20.997540269190463        7.0123054014350370E-003   1.5067434377786579        0.0000000000000000        0.0000000000000000     
   9.5000000000000070E-002   68.991914305133349        20.312895558527661        7.1856708224205855E-003   1.5310106446762901        0.0000000000000000        0.0000000000000000     
   9.6000000000000071E-002   66.754955090881666        19.645032579941041        7.3614219838248713E-003   1.5551857012326262        0.0000000000000000        0.0000000000000000     
   9.7000000000000072E-002   64.571656270709909        18.993955088755097        7.5395715483841082E-003   1.5792715406726976        0.0000000000000000        0.0000000000000000     
   9.8000000000000073E-002   62.442064658546528        18.359631950205362        7.7201317845191197E-003   1.6032710565979260        0.0000000000000000        0.0000000000000000     
   9.9000000000000074E-002   60.366125917231734        17.741999760928238        7.9031145663353321E-003   1.6271871005242398        0.0000000000000000        0.0000000000000000     
  0.10000000000000007        58.343691539720155        17.140965326227136        8.0885313736227850E-003   1.6510224795250465        0.0000000000000000        0.0000000000000000     
  0.10100000000000008        56.374525423993006        16.556408004738913        8.2763932918561260E-003   1.6747799539942807        0.0000000000000000        0.0000000000000000     
  0.10200000000000008        54.458310080734861        15.988181931176330        8.4667110121946099E-003   1.6984622355399330        0.0000000000000000        0.0000000000000000     
  0.10300000000000008        52.594652509672301        15.436118126711987        8.6594948314821021E-003   1.7220719850218307        0.0000000000000000        0.0000000000000000     
  0.10400000000000008        50.783089776863036        14.900026505398676        8.8547546522470787E-003   1.7456118107478549        0.0000000000000000        0.0000000000000000     
  0.10500000000000008        49.023094321428985        14.379697783861713        9.0524999827026123E-003   1.7690842668405826        0.0000000000000000        0.0000000000000000     
  0.10600000000000008        47.314079016447408        13.874905300399195        9.2527399367463969E-003   1.7924918517904895        0.0000000000000000        0.0000000000000000     
  0.10700000000000008        45.655402005087822        13.385406748621371        9.4554832339607316E-003   1.8158370072055230        0.0000000000000000        0.0000000000000000     
  0.10800000000000008        44.046371329703447        12.910945829867048        9.6607381996125230E-003   1.8391221167761722        0.0000000000000000        0.0000000000000000     
  0.10900000000000008        42.486249368513448        12.451253827863306        9.8685127646532863E-003   1.8623495054655734        0.0000000000000000        0.0000000000000000     
  0.11000000000000008        40.974257091775286        12.006051108445476        1.0078814465719142E-002   1.8855214389406838        0.0000000000000000        0.0000000000000000     
  0.11100000000000008        39.509578146959214        11.575048546623739        1.0291650445130826E-002   1.9086401232589891        0.0000000000000000        0.0000000000000000     
  0.11200000000000009        38.091362780392224        11.157948882862829        1.0507027450893680E-002   1.9317077048242264        0.0000000000000000        0.0000000000000000     
  0.11300000000000009        36.718731601121469        10.754448010121319        1.0724951836697650E-002   1.9547262706227910        0.0000000000000000        0.0000000000000000     
  0.11400000000000009        35.390779191341949        10.364236192968345        1.0945429561917300E-002   1.9776978487603170        0.0000000000000000        0.0000000000000000     
  0.11500000000000009        34.106577566605502        9.9869992199426001        1.1168466191611789E-002   2.0006244093052206        0.0000000000000000        0.0000000000000000     
  0.11600000000000009        32.865179488156784        9.6224194902329785        1.1394066896524894E-002   2.0235078654584697        0.0000000000000000        0.0000000000000000     
  0.11700000000000009        31.665621629095984        9.2701770357290645        1.1622236453085003E-002   2.0463500750576928        0.0000000000000000        0.0000000000000000     
  0.11800000000000009        30.506927595616897        8.9299504795026721        1.1852979243405103E-002   2.0691528424340193        0.0000000000000000        0.0000000000000000     
  0.11900000000000009        29.388110804289685        8.6014179318296904        1.2086299255282797E-002   2.0919179206280742        0.0000000000000000        0.0000000000000000     
  0.12000000000000009        28.308177216217299        8.2842578249351266        1.2322200082200297E-002   2.1146470139829878        0.0000000000000000        0.0000000000000000     
  0.12100000000000009        27.266127928878124        7.9781496877362112        1.2560684923324414E-002   2.1373417811211621        0.0000000000000000        0.0000000000000000     
  0.12200000000000009        26.260961626542784        7.6827748619624261        1.2801756583506577E-002   2.1600038383200855        0.0000000000000000        0.0000000000000000     
  0.12300000000000010        25.291676890308661        7.3978171611407646        1.3045417473282823E-002   2.1826347632945367        0.0000000000000000        0.0000000000000000     
  0.12400000000000010        24.357274369008721        7.1229634740450756        1.3291669608873791E-002   2.2052360993967519        0.0000000000000000        0.0000000000000000     
  0.12500000000000008        23.456758812506472        6.8579043143164045        1.3540514612184732E-002   2.2278093602433411        0.0000000000000000        0.0000000000000000     
  0.12600000000000008        22.589140969175489        6.6023343180628986        1.3791953710805511E-002   2.2503560347779699        0.0000000000000000        0.0000000000000000     
  0.12700000000000009        21.753439349663566        6.3559526913408444        1.4045987738010595E-002   2.2728775927768758        0.0000000000000000        0.0000000000000000     
  0.12800000000000009        20.948681859351556        6.1184636095012888        1.4302617132759064E-002   2.2953754908024595        0.0000000000000000        0.0000000000000000     
  0.12900000000000009        20.173907302224748        5.8895765704573648        1.4561841939694601E-002   2.3178511786161557        0.0000000000000000        0.0000000000000000     
  0.13000000000000009        19.428166759173912        5.6690067039856000        1.4823661809145501E-002   2.3403061060469330        0.0000000000000000        0.0000000000000000     
  0.13100000000000009        18.710524844027088        5.4564750392192272        1.5088075997124667E-002   2.3627417303287777        0.0000000000000000        0.0000000000000000     
  0.13200000000000009        18.020060840879321        5.2517087325231593        1.5355083365329611E-002   2.3851595239003127        0.0000000000000000        0.0000000000000000     
  0.13300000000000009        17.355869726529242        5.0544412579587705        1.5624682381142448E-002   2.4075609826766837        0.0000000000000000        0.0000000000000000     
  0.13400000000000009        16.717063082047762        4.8644125625513004        1.5896871117629913E-002   2.4299476347857403        0.0000000000000000        0.0000000000000000     
  0.13500000000000009        16.102769897694746        4.6813691885669915        1.6171647253543343E-002   2.4523210497743846        0.0000000000000000        0.0000000000000000     
  0.13600000000000009        15.512137275559361        4.5050643649876392        1.6449008073318682E-002   2.4746828482753105        0.0000000000000000        0.0000000000000000     
  0.13700000000000009        14.944331034431729        4.3352580703417001        1.6728950467076481E-002   2.4970347121368146        0.0000000000000000        0.0000000000000000     
  0.13800000000000009        14.398536221517094        4.1717170690116898        1.7011470930621907E-002   2.5193783950038942        0.0000000000000000        0.0000000000000000     
  0.13900000000000010        13.873957535677238        4.0142149230900088        1.7296565565444729E-002   2.5417157333462477        0.0000000000000000        0.0000000000000000     
  0.14000000000000010        13.369819666930798        3.8625319817991288        1.7584230078719322E-002   2.5640486579231010        0.0000000000000000        0.0000000000000000     
  0.14100000000000010        12.885367556964788        3.7164553504297748        1.7874459783304687E-002   2.5863792056725079        0.0000000000000000        0.0000000000000000     
  0.14200000000000010        12.419866585403183        3.5757788406813633        1.8167249597744409E-002   2.6087095320144300        0.0000000000000000        0.0000000000000000     
  0.14300000000000010        11.972602686551459        3.4403029042160114        1.8462594046266705E-002   2.6310419235469240        0.0000000000000000        0.0000000000000000     
  0.14400000000000010        11.542882401283688        3.3098345511590472        1.8760487258784375E-002   2.6533788111264327        0.0000000000000000        0.0000000000000000     
  0.14500000000000010        11.130032868669613        3.1841872551984975        1.9060922970894848E-002   2.6757227833053401        0.0000000000000000        0.0000000000000000     
  0.14600000000000010        10.733401761848677        3.0631808468523616        1.9363894523880158E-002   2.6980766001056473        0.0000000000000000        0.0000000000000000     
  0.14700000000000010        10.352357172554049        2.9466413963882427        1.9669394864706931E-002   2.7204432071109710        0.0000000000000000        0.0000000000000000     
  0.14800000000000010        9.9862874485688700        2.8344010877936610        1.9977416546026434E-002   2.7428257498396373        0.0000000000000000        0.0000000000000000     
  0.14900000000000010        9.6346009882650119        2.7262980851101530        2.0287951726174511E-002   2.7652275883787865        0.0000000000000000        0.0000000000000000     
  0.15000000000000011        9.2967259962315580        2.6221763923586972        2.0600992169171630E-002   2.7876523122426948        0.0000000000000000        0.0000000000000000     
  0.15100000000000011        8.9721102038473806        2.5218857081996271        2.0916529244722867E-002   2.8101037554212365        0.0000000000000000        0.0000000000000000     
  0.15200000000000011        8.6602205584933678        2.4252812763875555        2.1234553928217898E-002   2.8325860115779387        0.0000000000000000        0.0000000000000000     
  0.15300000000000011        8.3605428849339987        2.3322237330007591        2.1555056800731023E-002   2.8551034493682135        0.0000000000000000        0.0000000000000000     
  0.15400000000000011        8.0725815222281305        2.2425789513455929        2.1878028049021132E-002   2.8776607278152651        0.0000000000000000        0.0000000000000000     
  0.15500000000000011        7.7958589393570046        2.1562178853607445        2.2203457465531731E-002   2.9002628117116207        0.0000000000000000        0.0000000000000000     
  0.15600000000000011        7.5299153325829238        2.0730164122724570        2.2531334448390956E-002   2.9229149869954507        0.0000000000000000        0.0000000000000000     
  0.15700000000000011        7.2743082073776817        1.9928551751817734        2.2861648001411505E-002   2.9456228760353111        0.0000000000000000        0.0000000000000000     
  0.15800000000000011        7.0286119475861017        1.9156194261976094        2.3194386734090727E-002   2.9683924527797729        0.0000000000000000        0.0000000000000000     
  0.15900000000000011        6.7924173743182141        1.8411988706657643        2.3529538861610563E-002   2.9912300577075839        2.6630763900408692E-004   2.1170929001982346E-003
  0.16000000000000011        6.5653312968937909        1.7694875129835659        2.3867092204837560E-002   3.0141424125068226        1.6781641262164459E-003   1.3243327091765027E-002
  0.16100000000000012        6.3469760579969936        1.7003835044327356        2.4207034190322874E-002   3.0371366344256598        3.4387404463889610E-003   2.6900137697454921E-002
  0.16200000000000012        6.1369890750368530        1.6337889934097614        2.4549351850302280E-002   3.0602202502179674        5.5944179518277503E-003   4.3345798443257436E-002
  0.16300000000000012        5.9350223795518895        1.5696099783828925        2.4894031822696144E-002   3.0834012095952947        8.1643470281012164E-003   6.2619119671733628E-002
  0.16400000000000012        5.7407421563443064        1.5077561638580668        2.5241060351109460E-002   3.1066878981330639        1.1190002539615811E-002   8.4917777705641753E-002
  0.16500000000000012        5.5538282838830941        1.4481408195929981        2.5590423284831822E-002   3.1300891495167802        1.4701887926418975E-002  0.11034166083563486     
  0.16600000000000012        5.3739738773738601        1.3906806432584360        2.5942106078837422E-002   3.1536142570579107        1.8737867153348884E-002  0.13903926781871434     
  0.16700000000000012        5.2008848357582655        1.3352956267086333        2.6296093793785075E-002   3.1772729843779612        2.3332471835026673E-002  0.17111540225976288     
  0.16800000000000012        5.0342793937780215        1.2819089259894618        2.6652371096018194E-002   3.2010755751656901        2.8474089878683908E-002  0.20637069532727254     
  0.16900000000000012        4.8738876801154394        1.2304467351814934        2.7010922257564820E-002   3.2250327619019417        3.4350173748560975E-002  0.24589612713798120     
  0.17000000000000012        4.7194512825075421        1.1808381641474055        2.7371731156137571E-002   3.2491557734497558        4.0849816333990513E-002  0.28881132748695282     
  0.17100000000000012        4.5707228206214019        1.1330151202276102        2.7734781275133708E-002   3.2734563413888695        4.8066805948800952E-002  0.33557691524800665     
  0.17200000000000013        4.4274655273761061        1.0869121939053605        2.8100055703635073E-002   3.2979467049875102        5.6041353734405039E-002  0.38628134449782436     
  0.17300000000000013        4.2894528393001723        1.0424665484417086        2.8467537136408122E-002   3.3226396146787849        6.4810212640468517E-002  0.44098221180945280     
  0.17400000000000013        4.1564679964241442       0.99961781346310397        2.8837207873903946E-002   3.3475483339163246        7.4427073950454170E-002  0.49982936421523039     
  0.17500000000000013        4.0283036521243281       0.95830798246792936        2.9209049822258196E-002   3.3726866392878527        8.4932690845519021E-002  0.56288139478918719     
  0.17600000000000013        3.9047614932558781       0.91848131420422385        2.9583044493291195E-002   3.3980688187218377        9.6391583130534794E-002  0.63036314733724685     
  0.17700000000000013        3.7856518708427354       0.88008423785895928        2.9959173004507803E-002   3.4237096676706917       0.10883175698955774       0.70219905314991715     
  0.17800000000000013        3.6707934415254106       0.84306526198834397        3.0337416079097540E-002   3.4496244830994902       0.12232674198452805       0.77863484489378310     
  0.17900000000000013        3.5600128199074064       0.80737488710977501        3.0717754045934510E-002   3.4758290551377229       0.13691346378478528       0.85962927150682567     
  0.18000000000000013        3.4531442418864837       0.77296552186878775        3.1100166839577434E-002   3.5023396562234761       0.15264590195434441       0.94531038907052523     
  0.18100000000000013        3.3500292390059987       0.73979140268779253        3.1484634000269657E-002   3.5291730275703919       0.16962014794147814        1.0359447280199512     
  0.18200000000000013        3.2505163238172874       0.70780851679878776        3.1871134673939101E-002   3.5563463627935938       0.18784275751654828        1.1313488455343779     
  0.18300000000000013        3.1544606862024773       0.67697452855814000        3.2259647612198322E-002   3.5838772885032548       0.20739546115343657        1.2316973441806729     
  0.18400000000000014        3.0617239005710881       0.64724870893875153        3.2650151172344467E-002   3.6117838416791952       0.22840829545191610        1.3374980025108605     
  0.18500000000000014        2.9721736438112205       0.61859186809288924        3.3042623317359299E-002   3.6400844436377215       0.25083452774468162        1.4480924720727024     
  0.18600000000000014        2.8856834238474209       0.59096629087783414        3.3437041615909206E-002   3.6687978703926669       0.27484083808943316        1.5642039490107471     
  0.18700000000000014        2.8021323186322702       0.56433567523592221        3.3833383242345152E-002   3.6979432191817994       0.30043473791612679        1.6855118011675925     
  0.18800000000000014        2.7214047253769116       0.53866507332084335        3.4231624976702735E-002   3.7275398709744496       0.32688652732995932        1.8086762578662401     
  0.18900000000000014        2.6433901198068783       0.51392083526256516        3.4631743204702144E-002   3.7576074487204449       0.35684057162785748        1.9449328260013021     
  0.19000000000000014        2.5679828252140244       0.49007055546460826        3.5033713917748191E-002   3.7881657711081722       0.38778076571580677        2.0830451444854656     
  0.19100000000000014        2.4950817910615903       0.46708302132887691        3.5437512712930289E-002   3.8192348016069966       0.42078716089025631        2.2275242660606502     
  0.19200000000000014        2.4245903808890676       0.44492816430520266        3.5843114793022463E-002   3.8508345925453082       0.45567814394440004        2.3771632573796229     
  0.19300000000000014        2.3564161692545849       0.42357701316500884        3.6250494966483339E-002   3.8829852239726805       0.49276992272669617        2.5330659454071873     
  0.19400000000000014        2.2904707474461947       0.40300164940104238        3.6659627647456172E-002   3.9157067370421510       0.53211978733694332        2.6951960333550193     
  0.19500000000000015        2.2266695376882546       0.38317516465764884        3.7070486855768796E-002   3.9490190616564464       0.57376030981331572        2.8633356395540832     
  0.19600000000000015        2.1649316155666551       0.36407162009913618        3.7483046216933678E-002   3.9829419380924338       0.61793983636129379        3.0381991146069027     
  0.19700000000000015        2.1051795403943818       0.34566600762654315        3.7897278962147882E-002   4.0174948323286985       0.66459116722850675        3.2191665097259343     
  0.19800000000000015        2.0473391932391114       0.32793421285632329        3.8313157928293068E-002   4.0526968447802121       0.71389483812719945        3.4065709037360845     
  0.19900000000000015        1.9913396223354023       0.31085297977752929        3.8730655557935541E-002   4.0885666121432189       0.76608953115442102        3.6010603574920887     
  0.20000000000000015        1.9371128956060031       0.29439987700724507        3.9149743899326170E-002   4.1251222020331006       0.82117698120732374        3.8021289015396489     
  0.20100000000000015        1.8845939600198538       0.27855326556720872        3.9570394606400494E-002   4.1623810001200914       0.87931697584340363        4.0101645458174842     
  0.20200000000000015        1.8337205075182004       0.26329226810768097        3.9992578938778570E-002   4.2003595894119465       0.94062210035703053        4.2251742809445192     
  0.20300000000000015        1.7844328472447410       0.24859673950785988        4.0416267761765150E-002   4.2390736213690117        1.0053136997344025        4.4475468465992982     
  0.20400000000000015        1.7366737838208390       0.23444723878509441        4.0841431546349546E-002   4.2785376784875826        1.0734226494717753        4.6768784346167420     
  0.20500000000000015        1.6903885014126101       0.22082500224834012        4.1268040369205700E-002   4.3187651280255634        1.1452047322239118        4.9139437153718291     
  0.20600000000000016        1.6455244533426530       0.20771191783415283        4.1696063912692156E-002   4.3597679664926678        1.2167546329802996        5.1461546642843681     
  0.20700000000000016        1.6020312570059163       0.19509050056654895        4.2125471464852057E-002   4.4015566545270310        1.3001660388334078        5.4100751387893267     
  0.20800000000000016        1.5598605938556545       0.18294386908476787        4.2556231919413164E-002   4.4441399417961831        1.3838391383666304        5.6702406686966533     
  0.20900000000000016        1.5189661142326916       0.17125572318580826        4.2988313775787844E-002   4.4875246815185559        1.4718612225917869        5.9383482925987812     
  0.21000000000000016        1.4793033468182137       0.16001032233118120        4.3421685139073081E-002   4.5317156342181661        1.5642886310571706        6.2142321315027003     
  0.21100000000000016        1.4408296124975941       0.14919246506993517        4.3856313720050451E-002   4.5767152602748249        1.6614135461074921        6.4984852790069150     
  0.21200000000000016        1.4035039424302649       0.13878746933245772        4.4292166835186157E-002   4.6225235009026173        1.7633141793779175        6.7907471429611297     
  0.21300000000000016        1.3672870001277329       0.12878115355185552        4.4729211406630991E-002   4.6691375470669856        1.8704728744573631        7.0919216593335133     
  0.21400000000000016        1.3321410073495430       0.11915981857208614        4.5167413962220383E-002   4.7165515959353321        1.9828395393648355        7.4015861749767957     
  0.21500000000000016        1.2980296736339232       0.10991023030405424        4.5606740635474333E-002   4.7647565944033463        2.1008494730626981        7.7202301649307916     
  0.21600000000000016        1.2649181292874792       0.10101960309303892        4.6047157165597458E-002   4.8137399692533887        2.2245091337916882        8.0475867124044278     
  0.21700000000000016        1.2327728616651499        9.2475583762761507E-002   4.6488628897479033E-002   5.0275281651844130        2.3541053018373801        8.3838800592003953     
  0.21800000000000017        1.2015616545788099        8.4266236303255859E-002   4.6931120781692877E-002   5.0750923650863964        2.4900742938681106        8.7297438079349003     
  0.21900000000000017        1.1712535306797665        7.6380027171499790E-002   4.7374597374497451E-002   5.1227181959836665        2.6325268309701184        9.0849824672971380     
  0.22000000000000017        1.1418186966670734        6.8805811175460765E-002   4.7819022837835824E-002   5.1703957177004725        2.7819458641820849        9.4503093328588292     
  0.22100000000000017        1.1132284911802603        6.1532817913815145E-002   4.8264360939335643E-002   5.2181147202195097        2.9380397299446912        9.8241976847244423     
  0.22200000000000017        1.0854553352413223        5.4550638745087338E-002   4.8710575052309205E-002   5.2658647209921448        3.1012807770716573        10.207624998361192     
  0.22300000000000017        1.0584726851171544        4.7849214261441259E-002   4.9157628155753384E-002   5.3136349623923707        3.2725862164371047        10.602238006852776     
  0.22400000000000017        1.0322549874795124        4.1418822243672153E-002   4.9604430715340667E-002   5.3614144093231317        3.4521318215922894        11.007663852705761     
  0.22500000000000017        1.0067776367454551        3.5250066075248533E-002   5.0040747804109088E-002   5.4091917469894089        3.6390186360047361        11.421180016732174     
  0.22600000000000017       0.98201693448681515        2.9333863594484973E-002   5.0463617691867468E-002   5.4569553788438512        3.8351985014465138        11.847005256507055     
  0.22700000000000017       0.95795005080264561        2.3661436365002165E-002   5.0872561034487250E-002   5.5046934247223556        4.0397057890161134        12.282143638574899     
  0.22800000000000017       0.93455498755377053        1.8224299345795957E-002   5.1267103414770789E-002   5.5523937191757060        4.2537639968203678        12.728701197594541     
  0.22900000000000018       0.91181054336368439        1.3014250943201871E-002   5.1646775962073233E-002   5.6000438100122825        4.4772746188875345        13.185996561786435     
  0.23000000000000018       0.88969628029462999        8.0233634279629831E-003   5.2011115977227365E-002   5.6476309570633694        4.6928192569032534        13.620218096488971     
  0.23100000000000018       0.86819249211252048        3.2439737016001480E-003   5.2359667562047636E-002   5.6951421311813073        4.9355725635281971        14.098311130976803     
  0.23200000000000018       0.84728017405863343       -1.3313256029568595E-003   5.2691982252667580E-002   5.7425640134867768        5.2095429037533778        14.625855009383914     
  0.23300000000000018       0.82694099405021060       -5.7096947006881850E-003   5.3007619655946331E-002   5.7898829948719479        5.4751102572431272        15.127783502201204     
  0.23400000000000018       0.80715726523624587       -9.8980549272091930E-003   5.3306148088160199E-002   5.8370851757784763        5.7299004734025392        15.602783806724155     
  0.23500000000000018       0.78791191983847908       -1.3903096717669060E-002   5.3587145215177379E-002   5.8841563662587086        6.0414643584175494        16.167247526148572     
  0.23600000000000018       0.76918848421123798       -1.7731287303939008E-002   5.3850198693296700E-002   5.9310820863357900        6.3430029461794097        16.705463420385797     
  0.23700000000000018       0.75097105505745476       -2.1388878141561814E-002   5.4094906809914432E-002   5.9778475666728754        6.6569820020486148        17.254518263841831     
  0.23800000000000018       0.73324427674128501       -2.4881912077353248E-002   5.4320879123167902E-002   6.0244377495671433        6.9849326269451817        17.817319784480645     
  0.23900000000000018       0.71599331964104207       -2.8216230268043874E-002   5.4527737099690297E-002   6.0708372902815091        7.3263080420191171        18.391841978496835     
  0.24000000000000019       0.69920385948917074       -3.1397478859762927E-002   5.4715114749596845E-002   6.1170305587252551        7.6809523198908130        18.976989059984607     
  0.24100000000000019       0.68286205764876029       -3.4431115437733723E-002   5.4882659257810204E-002   6.1630016414990987        8.0510064733676501        19.575584738071530     
  0.24200000000000019       0.66695454227888651       -3.7322415255087907E-002   5.5030031610821963E-002   6.2087343443156549        8.4350993896799054        20.185436436877875     
  0.24300000000000019       0.65146839034358084       -4.0076477249258502E-002   5.5156907217976003E-002   6.2542121948110552        8.8371379654992275        20.811951523547712     
  0.24400000000000019       0.63639111042172958       -4.2698229854020893E-002   5.5262976526349962E-002   6.2994184457581017        9.2532270145365949        21.447352270340300     
  0.24500000000000019       0.62171062627742868       -4.5192436614899759E-002   5.5347945628304619E-002   6.3443360786954717        9.6871291312221981        22.097975283044409     
  0.24600000000000019       0.60741526115259725       -4.7563701615231213E-002   5.5421383431871640E-002   6.3889478079842483        10.136343011802715        22.757982311074691     
  0.24700000000000019       0.59349372274564860       -4.9816474719927166E-002   5.5688320439344761E-002   6.4332360853073656        10.604989204610499        23.434015025430170     
  0.24800000000000019       0.57993508884204070       -5.1955056643598868E-002   5.5970232130845947E-002   6.4771831046180086        11.089859318250808        24.120053427631287     
  0.24900000000000019       0.56672879356431383       -5.3983603849439267E-002   5.6268770473464028E-002   6.5207708075569304        11.594113948077753        24.820027381811826     
  0.25000000000000017       0.55386461421105349       -5.5906133284954633E-002   5.6585560979152308E-002   6.5639808893455331        12.066659319057822        25.467387897965104     
  0.25100000000000017       0.54133265865579339       -5.7726526960419196E-002   5.6922203289829970E-002   6.6067948051629708        12.659933769058739        26.257807222303128     
  0.25200000000000017       0.52912335327852245       -5.9448536375603184E-002   5.7280271600327774E-002   6.6491937770282057        13.222676762089053        26.995295818439654     
  0.25300000000000017       0.51722743140383476       -6.1075786800165822E-002   5.7661314896486307E-002   6.6911588011850007        13.806155257881551        27.746229903171248     
  0.25400000000000017       0.50563592222129428       -6.2611781412817091E-002   5.8066856987581704E-002   6.7326706560102378        14.411602456626333        28.511260068305660     
  0.25500000000000017       0.49434014016474037       -6.4059905304197820E-002   5.8498396314487069E-002   6.7737099104503482        15.034306073224492        29.281121627508501     
  0.25600000000000017       0.48333167472867333       -6.5423429348171705E-002   5.8957405517428264E-002   6.8142569329899985        15.682771132541404        30.069701721284709     
  0.25700000000000017       0.47260238070090910       -6.6705513946073228E-002   5.9445330749885325E-002   6.8542919011724015        16.353166355380072        30.869358527443325     
  0.25800000000000017       0.46214436879184745       -6.7909212648267755E-002   5.9963590728125675E-002   6.8937948116696282        17.046123495840192        31.681158378864389     
  0.25900000000000017       0.45194999664175101       -6.9037475657194619E-002   6.0513575508868558E-002   6.9327454909105537        17.760048959886845        32.499293345092269     
  0.26000000000000018       0.44201186018842459       -7.0093153215922563E-002   6.1096644990773975E-002   6.9711236062754507        18.500388149368828        33.335034387163411     
  0.26100000000000018       0.43232278537857771       -7.1078998886073552E-002   6.1714127138768629E-002   7.0089086778625136        19.264397454632693        34.180669634461196     
  0.26200000000000018       0.42287582020705666       -7.1997672718840874E-002   6.2367315933401925E-002   7.0460800908244599        20.052480431714802        35.037546441720330     
  0.26300000000000018       0.41366422706898770       -7.2851744322679574E-002   6.3057469050843612E-002   7.0826171082849623        20.865383676191762        35.905094213316850     
  0.26400000000000018       0.40468147541060379       -7.3643695831109232E-002   6.3785805282320113E-002   7.1184988848365549        21.699680309750256        36.776629593636727     
  0.26500000000000018       0.39592123466528067       -7.4375924773968080E-002   6.4553501704998212E-002   7.1537044806132721        22.564351681137421        37.664435187816700     
  0.26600000000000018       0.38737736746205043       -7.5050746855299708E-002   6.5361690619334820E-002   7.1882128759482411        23.451729881470357        38.556853319796076     
  0.26700000000000018       0.37904392309443241       -7.5670398640959063E-002   6.6211456270890867E-002   7.2220029866098256        24.366505296734303        39.465153046757848     
  0.26800000000000018       0.37091513123811592       -7.6237040158926697E-002   6.7103831377209641E-002   7.2550536796114447        25.304963221521721        40.376460440974135     
  0.26900000000000018       0.36298539590656925       -7.6752757415184544E-002   6.8039793483024441E-002   7.2873437895967159        26.268839238650532        41.294941866921647     
  0.27000000000000018       0.35524928963422625       -7.7219564827925080E-002   6.9020261169181182E-002   7.3188521357916807        27.268176136828878        42.241152583752275     
  0.27100000000000019       0.34770154787740182       -7.7639407582778194E-002   7.0046090142686965E-002   7.3495575395156996        28.280402551568738        43.162946857038598     
  0.27200000000000019       0.34033706362359178       -7.8014163911612935E-002   7.1118069237146114E-002   7.3794388422515578        29.323318227162826        44.104158437055077     
  0.27300000000000019       0.33315088220028222       -7.8345647297423271E-002   7.2236916354099304E-002   7.4084749242498189        30.392600818813413        45.051913816821589     
  0.27400000000000019       0.32613819627479135       -7.8635608607698040E-002   7.3403274376974942E-002   7.4366447236736501        31.488987839819597        46.006880642188158     
  0.27500000000000019       0.31929434103715720       -7.8885738158591664E-002   7.4617707090260887E-002   7.4639272562631680        32.609313001074142        46.963843823003906     
  0.27600000000000019       0.31261478955837996       -7.9097667712150710E-002   7.5880695136858467E-002   7.4903016355004093        33.756549617744476        47.927436040787846     
  0.27700000000000019       0.30609514831679308       -7.9272972408764866E-002   7.7192632046853671E-002   7.5157470932715214        34.796604500800505        48.791400964444307     
  0.27800000000000019       0.29973115288559871       -7.9413172636928347E-002   7.8553820370764249E-002   7.5402430009988377        35.990842416068318        49.760337993413330     
  0.27900000000000019       0.29351866377499558       -7.9519735842356318E-002   7.9964467949996162E-002   7.5637688912256129        37.209858345743974        50.731126244740558     
  0.28000000000000019       0.28745366242261117       -7.9594078278404159E-002   8.1424684356358357E-002   7.5863044796371630        38.597186817499569        51.809730403586968     
  0.28100000000000019       0.28153224732625265       -7.9637566699684678E-002   8.2934477531763098E-002   7.6078296874935196        39.864720879578520        52.780967151102558     
  0.28200000000000019       0.27575063031326597       -7.9651520000729364E-002   8.4493750657471889E-002   7.6283246644435208        41.159862144502604        53.757420812499376     
  0.28300000000000020       0.27010513294105876       -7.9637210801450323E-002   8.6102299281558881E-002   7.6477698117060307        42.476029261326282        54.730366902314600     
  0.28400000000000020       0.26459218302359305       -7.9595866981127417E-002   8.7759808730610442E-002   7.6661458055809923        43.813728042138692        55.707053077958676     
  0.28500000000000020       0.25920831127889910       -7.9528673162578500E-002   8.9465851830519666E-002   7.6834336212624130        45.176665972528461        56.676011440632657     
  0.28600000000000020       0.25395014809286326       -7.9436772148114579E-002   9.1219886958730442E-002   7.6996145569302650        46.558297921285103        57.644486087094748     
  0.28700000000000020       0.24881442039478027       -7.9321266308836749E-002   9.3021256448073700E-002   7.7146702580723137        47.796177997175803        58.504049770902732     
  0.28800000000000020       0.24379794864034959       -7.9183218928777818E-002   9.4869185360077143E-002   7.7285827420192499        49.382440354833051        59.571955140137945     
  0.28900000000000020       0.23889764389799539       -7.9023655505334703E-002   9.6762780643069909E-002   7.7413344226454361        50.824095019713717        60.530923348712427     
  0.29000000000000020       0.23411050503454281       -7.8843565007412672E-002   9.8701030687674496E-002   7.7529081351979476        52.283298307348822        61.484924394353762     
  0.29100000000000020       0.22943361599651180       -7.8643901092630530E-002  0.10068280529001201        7.7632871612174039        53.759264299730624        62.430350904476533     
  0.29200000000000020       0.22486414318338396       -7.8425583284910311E-002  0.10270685602983720        7.7724552535105440        55.251462995303513        63.370640365429658     
  0.29300000000000020       0.22039933290941491       -7.8189498113729730E-002  0.10477181706853081        7.7803966611269644        56.759522445529036        64.304501049159214     
  0.29400000000000021       0.21603650895067592       -7.7936500216265206E-002  0.10687620636888211        7.7870961543007802        58.102976503424166        65.126957080141864     
  0.29500000000000021       0.21177307017414310       -7.7667413403628108E-002  0.10901842733628231        7.7925390493059465        59.821257758628576        66.152583711261599     
  0.29600000000000021       0.20760648824583608       -7.7383031692341578E-002  0.11119677087803026        7.7967112331811155        61.371227944700230        67.062798266084499     
  0.29700000000000021       0.20353430541506620       -7.7084120302192555E-002  0.11340941787539704        7.7995991882839988        62.932304919576339        67.963041672819116     
  0.29800000000000021       0.19955413237202319       -7.6771416621522134E-002  0.11565444206004688        7.8011900166044006        64.506191543291280        68.856506105286371     
  0.29900000000000021       0.19566364617603615       -7.6445631141024289E-002  0.11792981328476614        7.8014714638090963        66.089267468151789        69.738296912748268     
  0.30000000000000021       0.19186058825193794       -7.6107448357054144E-002  0.12023340117592864        7.8004319429549396        67.682950068988504        70.612217442720421     
  0.30100000000000021       0.18814276245207731       -7.5757527645435030E-002  0.12256297915287737        7.7980605578155817        69.282469714719753        71.472228143482795     
  0.30200000000000021       0.18450803318162526       -7.5396504106715931E-002  0.12491622879808088        7.7943471257762331        70.697557176892630        72.228379941400789     
  0.30300000000000021       0.18095432358491495       -7.5024989383794705E-002  0.12729074455931963        7.7892822002385218        72.319108158014473        73.071119037985582     
  0.30400000000000021       0.17747961379063643       -7.4643572452809462E-002  0.12968403876449239        7.7828570924778990        74.125487391465612        73.985856743829984     
  0.30500000000000022       0.17408193921380885       -7.4252820388152854E-002  0.13209354692757053        7.7750638929120468        75.753668175466203        74.806036217712986     
  0.30600000000000022       0.17075938891251716       -7.3853279102445005E-002  0.13451663332277439        7.7658954917035201        77.381495169527298        75.606754383833163     
  0.30700000000000022       0.16751010399750088       -7.3445474062278818E-002  0.13695059680391378        7.7553455986643041        79.006213721646532        76.384811236204271     
  0.30800000000000022       0.16433227609272968       -7.3029910980516463E-002  0.13939267684360176        7.7434087623928489        80.648335044294058        77.174709607156714     
  0.30900000000000022       0.16122414584520708       -7.2607076485898134E-002  0.14184005976770611        7.7300803885952618        82.285239986775039        77.939070813529895     
  0.31000000000000022       0.15818400148226802       -7.2177438770693797E-002  0.14428988515834232        7.7153567575309836        83.736393231389727        78.613688647460577     
  0.31100000000000022       0.15521017741476201       -7.1741448217110107E-002  0.14673925239960367        7.6992350405369683        85.555637661129509        79.426984004079813     
  0.31200000000000022       0.15230105288449927       -7.1299538003138721E-002  0.14918522733906975        7.6817133155710851        87.192671855260585        80.153386650263343     
  0.31300000000000022       0.14945505065446990       -7.0852124688512055E-002  0.15162484903866297        7.6627905817223301        88.825037715173409        80.864744376983950     
  0.31400000000000022       0.14667063574036232       -7.0399608781411341E-002  0.15405513658807923        7.6424667726490867        90.456069254552204        81.560433048806104     
  0.31500000000000022       0.14394631418196996       -6.9942375286546468E-002  0.15647309595417627        7.6207427688678164        92.084441418130552        82.245135110458492     
  0.31600000000000023       0.14128063185313630       -6.9480794235221285E-002  0.15887572684076934        7.5976204088832784        93.710838003772167        82.915662722600359     
  0.31700000000000023       0.13867217330891959       -6.9015221197951157E-002  0.16126002953229784        7.5731024990759552        95.332380359246542        83.573396857928444     
  0.31800000000000023       0.13611956066874481       -6.8545997780217013E-002  0.16362301169779406        7.5471928223256874        96.771846090679404        84.149783757396818     
  0.31900000000000023       0.13362145253430482       -6.8073452101889656E-002  0.16596169512917205        7.5198961453173832        98.558942274742293        84.846381575405488     
  0.32000000000000023       0.13117654294106113       -6.7597899260860406E-002  0.16827312239162515        7.4912182244977874        100.16467559305916        85.461383437829340     
  0.32100000000000023       0.12878356034221677       -6.7119641781386977E-002  0.17055436336355545        7.4611658106351131        101.76256447523548        86.060090266537046     
  0.32200000000000023       0.12644126662407629       -6.6638970047655760E-002  0.17280252164334098        7.4297466519450586        103.35615443259292        86.653241176261133     
  0.32300000000000023       0.12414845615175239       -6.6156162723034442E-002  0.17501474080390328        7.3969694957661076        104.94087041465363        87.228740236039968     
  0.32400000000000023       0.12190395484421281       -6.5671487155484515E-002  0.17718821047494721        7.3628440887309390        106.51949307610428        87.790663207841803     
  0.32500000000000023       0.11970661927768753       -6.5185199769581439E-002  0.17932017223475669        7.3273811754244358        108.09393603808373        88.338055496082575     
  0.32600000000000023       0.11755533581652525       -6.4697546445576334E-002  0.18140792529543881        7.2905924955004240        109.47286396307176        88.816263930386853     
  0.32700000000000023       0.11544901977056822       -6.4208762885925350E-002  0.18344883196477138        7.2524907792234199        111.19725750864170        89.392517259812834     
  0.32800000000000024       0.11338661457819775       -6.3719074969688885E-002  0.18544032287157519        7.2130897414415207        112.73871517734905        89.901445238817502     
  0.32900000000000024       0.11136709101420091       -6.3228699095196572E-002  0.18737990194117743        7.1724040739516202        114.27422390221275        90.397757791218055     
  0.33000000000000024       0.10938944642165155       -6.2737842511363440E-002  0.18926515110937672        7.1304494362714843        115.79755845761844        90.882129894601334     
  0.33100000000000024       0.10745270396702361       -6.2246703638023086E-002  0.19109373476491820        7.0872424447860825        117.31041758340423        91.352517836036682     
  0.33200000000000024       0.10555591191778851       -6.1755472375635174E-002  0.19286340391108567        7.0428006602920501        118.81499128792971        91.810013636366719     
  0.33300000000000024       0.10369814294175796       -6.1264330404716114E-002  0.19457200004009975        6.9971425739217121        120.30752835098292        92.256427980496071     
  0.33400000000000024       0.10187849342748362       -6.0773451475325438E-002  0.19621745871247723        6.9502875914646056        121.79048388160315        92.689666781471445     
  0.33500000000000024       0.10009608282502688       -6.0283001686934692E-002  0.19779781283794978        6.9046720812434943        123.26080815328216        93.111073476513923     
  0.33600000000000024        9.8350053006446378E-002  -5.9793139758985835E-002  0.19931119565334721        6.8685305321887737        124.72248224617557        93.521091382282492     
  0.33700000000000024        9.6639567645373681E-002  -5.9304017292453194E-002  0.20075584339552047        6.8314225570051130        126.17139401130726        93.918802101346387     
  0.33800000000000024        9.4963811615067145E-002  -5.8815779022691757E-002  0.20213009766828199        6.7933712920076195        127.61042397494683        94.304829346097492     
  0.33900000000000025        9.3321990404350963E-002  -5.8328563063865038E-002  0.20343240750275851        6.7544006796743057        129.04050073976890        94.682761045823284     
  0.34000000000000025        9.1713329550870734E-002  -5.7842501145218043E-002  0.20466133111296439        6.7145354437325899        130.45380642664972        95.045645478751013     
  0.34100000000000025        9.0137074091129546E-002  -5.7357718839473201E-002  0.20581553734813343        6.6738010627987032        131.74088372449859        95.369069763906879     
  0.34200000000000025        8.8592488026746519E-002  -5.6874335783593757E-002  0.20689380684552530        6.6322237425935526        133.13314755106458        95.710205111898830     
  0.34300000000000025        8.7078853806450390E-002  -5.6392465892173456E-002  0.20789503288721572        6.5898303868105144        134.63196141528070        96.073213288317589     
  0.34400000000000025        8.5595471823304098E-002  -5.5912217563691531E-002  0.20881822196673358        6.5466485666546017        136.01381346282275        96.402820373486037     
  0.34500000000000025        8.4141659926672066E-002  -5.5433693879860260E-002  0.20966249407083190        6.5027064891180721        137.36061270979303        96.703760853940125     
  0.34600000000000025        8.2716752948482825E-002  -5.4956992798298909E-002  0.21042708268243260        6.4580329640378560        138.70877406689308        97.006499232702609     
  0.34700000000000025        8.1320102243326864E-002  -5.4482207338749207E-002  0.21111881554134032        6.4126573700147231        140.04517100877200        97.297540503343612     
  0.34800000000000025        7.9951075241966735E-002  -5.4009425763039784E-002  0.21176933508945625        6.3666096192279236        141.37001318059617        97.581327557470090     
  0.34900000000000025        7.8609055017832913E-002  -5.3538731749010866E-002  0.21238241116940945        6.3199201212382574        142.67842081697296        97.847991212005724     
  0.35000000000000026        7.7293439866109023E-002  -5.3070204558592099E-002  0.21295822733330161        6.2726197458229764        143.97943868267859        98.112374576518448     
  0.35100000000000026        7.6003642895010978E-002  -5.2603919200226584E-002  0.21349697740448564        6.2247397849459727        145.26721210704264        98.363010198484744     
  0.35200000000000026        7.4739091628882634E-002  -5.2139946585826352E-002  0.21399886430753651        6.1763119139059244        146.54545478139070        98.608355059614638     
  0.35300000000000026        7.3499227622745716E-002  -5.1678353682437193E-002  0.21446409887723850        6.1273681517646654        147.81103269285055        98.841990930452639     
  0.35400000000000026        7.2283506087945107E-002  -5.1219203658787599E-002  0.21489289864758521        6.0779408211255799        149.06532102374740        99.071643405581170     
  0.35500000000000026        7.1091395528557491E-002  -5.0762556026890539E-002  0.21528548661870475        6.0280625073437273        150.31038232829977        99.285519043888470     
  0.35600000000000026        6.9922377388217660E-002  -5.0308466778856011E-002  0.21564209000238557        5.9777660172611506        151.54028633021832        99.495717273190664     
  0.35700000000000026        6.8775945707063565E-002  -4.9856988519076877E-002  0.21596293894280158        5.9270843375386653        152.75894348183718        99.695274249506497     
  0.35800000000000026        6.7651606788466559E-002  -4.9408170591934190E-002  0.21624826521307230        5.8760505926896434        153.97295823509904        99.887477348599091     
  0.35900000000000026        6.6548878875271819E-002  -4.8962059205176454E-002  0.21649830088322217        5.8246980028912470        155.21905385386975        100.09381608187643     
  0.36000000000000026        6.5467291835238667E-002  -4.8518697549103665E-002  0.21671327695889836        5.7730598416724002        156.35896257980863        100.25058235323010     
  0.36100000000000027        6.4406386855418149E-002  -4.8078125911708278E-002  0.21689342198581871        5.7211693935568784        157.53738209444097        100.42144168289822     
  0.36200000000000027        6.3365716145184450E-002  -4.7640381789892140E-002  0.21703896061727412        5.6690599117686382        158.70333290194230        100.58415244659153     
  0.36300000000000027        6.2344842647661491E-002  -4.7205499996897972E-002  0.21715011214049820        5.6167645760784843        159.85786957181088        100.73500940967587     
  0.36400000000000027        6.1343339759295352E-002  -4.6773512766074540E-002  0.21722708895542300        5.5643164508877216        161.00074684640842        100.88633830601805     
  0.36500000000000027        6.0360791057321589E-002  -4.6344449851098486E-002  0.21727009500192992        5.5117484436334836        162.08690521395167        101.01556556891661     
  0.36600000000000027        5.9396790034890762E-002  -4.5918338622769471E-002  0.21727932412742040        5.4590932636166576        163.27132317294709        101.16016104040102     
  0.36700000000000027        5.8450939843623914E-002  -4.5495204162489492E-002  0.21725495838806583        5.4063833813307811        164.38454585178559        101.28490118353960     
  0.36800000000000027        5.7522853043373741E-002  -4.5075069352537266E-002  0.21719716627466920        5.3536509883789343        165.49370201857712        101.40780884437071     
  0.36900000000000027        5.6612151358976091E-002  -4.4657954963243568E-002  0.21710610085332288        5.3009279580705071        166.59060589153148        101.52227096388511     
  0.37000000000000027        5.5718465443783734E-002  -4.4243879737167521E-002  0.21698189781116056        5.2482458067788933        167.67800288095077        101.62898880250724     
  0.37100000000000027        5.4841434649775846E-002  -4.3832860470374067E-002  0.21682467339286959        5.1956356561370205        168.75872713670793        101.73175779436293     
  0.37200000000000027        5.3980706804059045E-002  -4.3424912090910268E-002  0.21663452221590879        5.1431281961549473        169.82067656728580        101.82550092190270     
  0.37300000000000028        5.3135937991551911E-002  -4.3020047734567204E-002  0.21641151494707050        5.0907536493310106        170.87666871014932        101.91679564999393     
  0.37400000000000028        5.2306792343690602E-002  -4.2618278818024505E-002  0.21615569582450295        5.0385417358368922        171.93669670639073        102.00076360468290     
  0.37500000000000028        5.1492941832956961E-002  -4.2219615109456071E-002  0.21586708000316579        4.9865216398364991        172.98102098066852        102.08020479889824     
  0.37600000000000028        5.0694066073075736E-002  -4.1824064796688751E-002  0.21554565070336218        4.9347219770133428        174.01391780494563        102.15112197042686     
  0.37700000000000028        4.9909852124699908E-002  -4.1431634552987352E-002  0.21519135613500362        4.8831707633660217        175.03808131543070        102.21838972910611     
  0.37800000000000028        4.9139994306430554E-002  -4.1042329600550508E-002  0.21480410617028242        4.8318953853302613        176.05743969940903        102.28110748289123     
  0.37900000000000028        4.8384194011010101E-002  -4.0656153771790313E-002  0.21438376873223078        4.7809225712876176        177.06377271638718        102.33797322756415     
  0.38000000000000028        4.7642159526542223E-002  -4.0273109568467857E-002  0.21393016586202748        4.7302783645023618        178.06759640637250        102.39005724777802     
  0.38100000000000028        4.6913605862586756E-002  -3.9893198218760070E-002  0.21344306942506069        4.6799880975442409        179.02125813821669        102.42089848309168     
  0.38200000000000028        4.6198254580988397E-002  -3.9516419732320320E-002  0.21292219640813878        4.6300763682337136        180.04735774380072        102.47979631443576     
  0.38300000000000028        4.5495833631304890E-002  -3.9142772953405465E-002  0.21236720375637994        4.5805670171457802        181.02900789246857        102.51808597617813     
  0.38400000000000029        4.4806077190695834E-002  -3.8772255612129609E-002  0.21177768268982758        4.5314831067116383        181.99611870531888        102.54937070472592     
  0.38500000000000029        4.4128725508144673E-002  -3.8404864373906993E-002  0.21115315243406907        4.4828469019424748        182.96351314026464        102.58042363050271     
  0.38600000000000029        4.3463524752890129E-002  -3.8040594887146027E-002  0.21049305328893833        4.4346798528018585        183.91708207059949        102.60270635164332     
  0.38700000000000029        4.2810226866944856E-002  -3.7679441829251800E-002  0.20979673895226533        4.3870025782417468        184.87322677609220        102.62545704392338     
  0.38800000000000029        4.2168589421577085E-002  -3.7321398950991139E-002  0.20906346800254946        4.3398348519247723        185.81023882446644        102.63728749924299     
  0.38900000000000029        4.1538375477652961E-002  -3.6966459119279045E-002  0.20829239443782374        4.2931955896355785        186.75210934509653        102.64996424044631     
  0.39000000000000029        4.0919353449718227E-002  -3.6614614358434945E-002  0.20748255715164668        4.2471028383851053        187.66929470445069        102.65650227171965     
  0.39100000000000029        4.0311296973715438E-002  -3.6265855889962312E-002  0.20663286822074703        4.2015737672170212        188.60762248122001        102.66025147325495     
  0.39200000000000029        3.9713984778234998E-002  -3.5920174170899433E-002  0.20574209986223635        4.1566246597048160        189.51445192305133        102.65934319892364     
  0.39300000000000029        3.9127200559195684E-002  -3.5577558930790960E-002  0.20480886991399458        4.1122709081311299        190.44281080483717        102.65942512194573     
  0.39400000000000029        3.8550732857856713E-002  -3.5237999207322068E-002  0.20383162568115751        4.0685270093387924        191.34313605769057        102.64971774083556     
  0.39500000000000030        3.7984374942069625E-002  -3.4901483380666211E-002  0.20280862599283744        4.0254065622340551        192.25721106721011        102.64084410679050     
  0.39600000000000030        3.7427924690675116E-002  -3.4567999206584335E-002  0.20173792132309862        3.9829222669220963        193.15032879254858        102.62567807263684     
  0.39700000000000030        3.6881184480956848E-002  -3.4237533848319152E-002  0.20061733185163513        3.9410859254473882        194.04181278755308        102.60991571952415     
  0.39800000000000030        3.6343961079063382E-002  -3.3910073907325110E-002  0.19944442339311291        3.8999084441072274        194.92746849268548        102.58491760322330     
  0.39900000000000030        3.5816065533318370E-002  -3.3585605452872279E-002  0.19821648121001625        3.8593998373094056        195.79926448625616        102.56458376584006     
  0.40000000000000030        3.5297313070334679E-002  -3.3264114050563863E-002  0.19693048187362219        3.8195692329322859        196.68448548711885        102.53569029471620     
  0.40100000000000030        3.4787522993853043E-002  -3.2945584789800753E-002  0.19558306357784297        3.7804248791488364        197.54710424219539        102.50009251057179     
  0.40200000000000030        3.4286518586230108E-002  -3.2630002310231040E-002  0.19417049569262484        3.7419741526712929        198.42004668830157        102.46974973062959     
  0.40300000000000030        3.3794127012501708E-002  -3.2317350827217754E-002  0.19268864893842585        3.7042235683647973        199.28186877579139        102.43410116938118     
  0.40400000000000030        3.3310179226948157E-002  -3.2007614156358201E-002  0.19113296848658851        3.6671787901882351        200.14305567564415        102.39583346029553     
  0.40500000000000030        3.2834509882091571E-002  -3.1700775737085948E-002  0.18949845371339355        3.6308446434006818        200.99403470391155        102.35408064060707     
  0.40600000000000031        3.2366957240058912E-002  -3.1396818655387931E-002  0.18777965052395942        3.5952251279871170        201.83732303847626        102.30797558439737     
  0.40700000000000031        3.1907363086241702E-002  -3.1095725665664931E-002  0.18597066552020874        3.5603234332392129        202.68358624913807        102.25880731053675     
  0.40800000000000031        3.1455572645194073E-002  -3.0797479211766593E-002  0.18406521645021398        3.5261419534368676        203.51294929033358        102.21535872039669     
  0.40900000000000031        3.1011434498698805E-002  -3.0502061447225306E-002  0.18205674129422011        3.4926823045691151        204.16197194807944        102.05930030048715     
  0.41000000000000031        3.0574800505951492E-002  -3.0209454254721674E-002  0.17993860050811405        3.4599453420309429        205.20029101601384        102.09939296355904     
  0.41100000000000031        3.0145525725794303E-002  -2.9919639264800721E-002  0.17770442555906280        3.4279311792340570        206.02883770616185        102.04619919086579     
  0.41200000000000031        2.9723468340948224E-002  -2.9632597873870480E-002  0.17534869525173163        3.3966392070654381        206.85337181137615        101.98688222536515     
  0.41300000000000031        2.9308489584191435E-002  -2.9348311261504976E-002  0.17286766403257586        3.3660681141336468        207.66421782660473        101.92022370148743     
  0.41400000000000031        2.8900453666421279E-002  -2.9066760407072970E-002  0.17026082929904024        3.3362159077297995        208.48668146542659        101.85832633669034     
  0.41500000000000031        2.8499227706556943E-002  -2.8787926105720122E-002  0.16753321321612016        3.3070799354458287        209.30149360657387        101.79249326098804     
  0.41600000000000031        2.8104681663227819E-002  -2.8511788983722464E-002  0.16469884793625417        3.2786569073751171        210.11052096276740        101.72035932618019     
  0.41700000000000031        2.7716688268201027E-002  -2.8238329513235932E-002  0.16178596668942410        3.2509429188397840        210.91988204563395        101.65234233607053     
  0.41800000000000032        2.7335122961497763E-002  -2.7967528026460270E-002  0.15884441923218839        3.2239334735705212        211.72646359567344        101.57895585275422     
  0.41900000000000032        2.6959863828154188E-002  -2.7699364729237754E-002  0.15595545448983242        3.1976235072787702        212.52854350321346        101.50481380200016     
  0.42000000000000032        2.6590791536585300E-002  -2.7433819714108829E-002  0.15324247372654867        3.1720074115578765        213.32942702683528        101.42874519223980     
  0.42100000000000032        2.6227789278500155E-002  -2.7170872972838711E-002  0.15087689005657856        3.1470790580461299        214.12514879778129        101.35082191550777     
  0.42200000000000032        2.5870742710335320E-002  -2.6910504408437144E-002  0.14906278583347482        3.1228318227947280        214.92313854654935        101.27111386470474     
  0.42300000000000032        2.5519539896159377E-002  -2.6652693846687503E-002  0.14796712488378716        3.0992586107750917        215.70499724675329        101.18991182889454     
  0.42400000000000032        2.5174071252011598E-002  -2.6397421047201004E-002  0.14756701013087400        3.0763518804712247        216.49233692250075        101.10363530070717     
  0.42500000000000032        2.4834229491635870E-002  -2.6144665714015049E-002  0.14754063119183028        3.0541036684948808        217.27061084505260        101.01701038315606     
  0.42600000000000032        2.4499909573569852E-002  -2.5894407505748212E-002  0.14757024584219330        3.0325056141713547        218.05545060983249        100.93109540337930     
  0.42700000000000032        2.4171008649558231E-002  -2.5646626045330977E-002  0.34651773649940337        3.0115489840402998        218.83045070203173        100.84122262170025     
  0.42800000000000032        2.3847426014248149E-002  -2.5401300929323689E-002  0.34407646574271822        2.9912246962172953        219.60230419142405        100.75087831295443     
  0.42900000000000033        2.3529063056137743E-002  -2.5158411736838422E-002  0.34148235648042857        2.9715233445734688        220.37951152709789        100.66111040211678     
  0.43000000000000033        2.3215823209741304E-002  -2.4917938038076806E-002  0.33781728165176039        2.9524352226747914        221.14793780458143        100.56581283198385     
  0.43100000000000033        2.2907611908940077E-002  -2.4679859402499726E-002  0.33215237145388887        2.9339503474453741        221.91528095037796        100.47148152174238     
  0.43200000000000033        2.2604336541486324E-002  -2.4444155406638669E-002  0.32463704955628719        2.9160584825050719        222.68027745041223        100.37575877006091     
  0.43300000000000033        2.2305906404630722E-002  -2.4210805641564151E-002  0.31604932417496540        2.8987491611442930        223.44442896133910        100.27982937459319     
  0.43400000000000033        2.2012232661842625E-002  -2.3979789720021363E-002  0.30716584891560123        2.8820117088949515        224.20545607748770        100.18171463555687     
  0.43500000000000033        2.1723228300594703E-002  -2.3751087283245993E-002  0.29851876104743136        2.8658352656639563        224.96310262207740        100.08044409618397     
  0.43600000000000033        2.1438808091183197E-002  -2.3524678007470740E-002  0.29039699288022564        2.8502088073937011        225.72108450910983        99.980783916173408     
  0.43700000000000033        2.1158888546558462E-002  -2.3300541610134607E-002  0.28291978577693055        2.8351211672206404        226.46762104714131        99.875439898751466     
  0.43800000000000033        2.0883387883136553E-002  -2.3078657855803930E-002  0.27610651585019064        2.8205610561014525        227.22241848342458        99.774601052496905     
  0.43900000000000033        2.0612225982566120E-002  -2.2859006561816390E-002  0.26992483977550796        2.8065170828829302        227.96094450592577        99.661435001155240     
  0.44000000000000034        2.0345324354430244E-002  -2.2641567603658916E-002  0.26431957022939595        2.7929777737901773        228.71212915493007        99.562018655875661     
  0.44100000000000034        2.0082606099851352E-002  -2.2426320920086614E-002  0.25922855366114200        2.7799315913143472        229.44077250340837        99.449632831734732     
  0.44200000000000034        1.9823995875981951E-002  -2.2213246517994348E-002  0.25459074662318232        2.7673669524784854        230.19397490558225        99.345264090172407     
  0.44300000000000034        1.9569419861354149E-002  -2.2002324477047780E-002  0.25034990902517268        2.7552722464687629        230.93769207551617        99.237959060539069     
  0.44400000000000034        1.9318805722067706E-002  -2.1793534954085349E-002  0.24645595376166010        2.7436358516151165        231.67080897916671        99.131071207331445     
  0.44500000000000034        1.9072082578794235E-002  -2.1586858187295971E-002  0.24286510715615406        2.7324461517097278        232.44022611701720        99.024784931465689     
  0.44600000000000034        1.8829180974576001E-002  -2.1382274500184199E-002  0.23953951118141775        2.7216915516560460        233.14043430033371        98.904907362484352     
  0.44700000000000034        1.8590032843397952E-002  -2.1179764305327680E-002  0.23644660172184995        2.7113604924394927        233.85852919074176        98.788561463471666     
  0.44800000000000034        1.8354571479517291E-002  -2.0979308107936540E-002  0.23355843332069473        2.7014414654151202        234.59137542581058        98.676081794156204     
  0.44900000000000034        1.8122731507522399E-002  -2.0780886509220067E-002  0.23085103222198627        2.6919230259107740        235.32073729981977        98.562767257183467     
  0.45000000000000034        1.7894448853114062E-002  -2.0584480209570582E-002  0.22830381257510277        2.6827938061433234        236.04467751058726        98.447692122231260     
  0.45100000000000035        1.7669660714578293E-002  -2.0390070011567594E-002  0.22589906654193181        2.6740425274502768        236.76343733671806        98.330601450036497     
  0.45200000000000035        1.7448305534942754E-002  -2.0197636822812712E-002  0.22362152723466633        2.6656580118369817        237.49661028891111        98.218345392820837     
  0.45300000000000035        1.7230322974793613E-002  -2.0007161658598466E-002  0.22145799815280467        2.6576291928480749        238.16077574662773        98.085838239766957     
  0.45400000000000035        1.7015653885736493E-002  -1.9818625644418698E-002  0.21939704092037904        2.6499451257650453        238.92139231063632        97.979056956261857     
  0.45500000000000035        1.6804240284489475E-002  -1.9632010018327518E-002  0.21742871296403662        2.6425949971400162        239.62620990502393        97.857138593251292     
  0.45600000000000035        1.6596025327585102E-002  -1.9447296133149505E-002  0.21554434736913905        2.6355681336740351        240.33653959208840        97.736682939803998     
  0.45700000000000035        1.6390953286671967E-002  -1.9264465458550567E-002  0.21373636808118496        2.6288540104499312        241.04203843052980        97.614390710019890     
  0.45800000000000035        1.6188969524396284E-002  -1.9083499582970627E-002  0.21199813457437844        2.6224422585315805        241.75407673352160        97.496019182444329     
  0.45900000000000035        1.5990020470853235E-002  -1.8904380215427858E-002  0.21032381104662570        2.6163226719426089        242.51995913361887        97.392767209150364     
  0.46000000000000035        1.5794053600588182E-002  -1.8727089187195529E-002  0.20870825600486273        2.6104852140376678        243.16073901755973        97.251095433362423     
  0.46100000000000035        1.5601017410138713E-002  -1.8551608453358407E-002  0.20714692881825750        2.6049200232812972        243.85918550594732        97.128014417804522     
  0.46200000000000035        1.5410861396101228E-002  -1.8377920094253000E-002  0.20563581040299278        2.5996174184497640        244.56823838505960        97.006352642909107     
  0.46300000000000036        1.5223536033710188E-002  -1.8206006316796603E-002  0.20417133570359011        2.5945679032727629        245.26187866230941        96.880884554232310     
  0.46400000000000036        1.5038992755914592E-002  -1.8035849455707315E-002  0.20275033603723472        2.5897621705306149        245.96716226543737        96.759449053539512     
  0.46500000000000036        1.4857183932944029E-002  -1.7867431974623278E-002  0.20136998971182110        2.5851911056267269        246.64241356747357        96.629864063462179     
  0.46600000000000036        1.4678062852346857E-002  -1.7700736467120726E-002  0.20002777959423462        2.5808457896511254        247.33996732345642        96.506401481098223     
  0.46700000000000036        1.4501583699492011E-002  -1.7535745657638477E-002  0.19872145654226142        2.5767175019544784        248.02842987722221        96.379732007892443     
  0.46800000000000036        1.4327701538521417E-002  -1.7372442402310031E-002  0.19744900779024790        2.5727977222530725        248.72970593517968        96.256887246873887     
  0.46900000000000036        1.4156372293742222E-002  -1.7210809689708319E-002  0.19620862953568771        2.5690781322804206        249.41081399262393        96.129550437988939     
  0.47000000000000036        1.3987552731448225E-002  -1.7050830641506708E-002  0.19499870309728812        2.5655506170081659        250.09518339777756        96.001469666502103     
  0.47100000000000036        1.3821200442159795E-002  -1.6892488513059124E-002  0.19381777411773418        2.5622072654537047        250.77367512498336        95.873938138167929     
  0.47200000000000036        1.3657273823270446E-002  -1.6735766693902216E-002  0.19266453437092992        2.5590403710949166        251.45001075325879        95.745502567217628     
  0.47300000000000036        1.3495732062092512E-002  -1.6580648708184435E-002  0.19153780580147386        2.5560424319112780        252.12947359484755        95.618373265705685     
  0.47400000000000037        1.3336535119289688E-002  -1.6427118215022723E-002  0.19043652648519885        2.5532061500706713        252.80683508328852        95.489867925133041     
  0.47500000000000037        1.3179643712688677E-002  -1.6275159008792013E-002  0.18935973824337052        2.5505244312813833        253.48091384274770        95.359909300240560     
  0.47600000000000037        1.3025019301460003E-002  -1.6124755019349180E-002  0.18830657569170353        2.5479903838282922        254.13533428748994        95.227197654281483     
  0.47700000000000037        1.2872624070657585E-002  -1.5975890312194142E-002  0.18727625652644062        2.5455973173124473        254.81036954930829        95.098455923340225     
  0.47800000000000037        1.2722420916111398E-002  -1.5828549088571682E-002  0.18626807289433747        2.5433387411121666        255.49546185965531        94.972482532734517     
  0.47900000000000037        1.2574373429661039E-002  -1.5682715685515602E-002  0.18528138369850869        2.5412083625845994        256.15831597228669        94.845347364522894     
  0.48000000000000037        1.2428445884724453E-002  -1.5538374575838282E-002  0.18431560772909883        2.5392000850255463        256.82438931354125        94.711954532061455     
  0.48100000000000037        1.2284603222191656E-002  -1.5395510368067441E-002  0.18337021751447982        2.5373080054044710        257.48565142906511        94.580161683547374     
  0.48200000000000037        1.2142811036638737E-002  -1.5254107806334051E-002  0.18244473380376575        2.5355264118932901        258.15306459248484        94.452102170169681     
  0.48300000000000037        1.2003035562849210E-002  -1.5114151770210764E-002  0.18153872060755066        2.5338497812043395        258.81368806359228        94.321605492661504     
  0.48400000000000037        1.1865243662640610E-002  -1.4975627274505949E-002  0.18065178073308838        2.5322727757546097        259.46555387911405        94.189101414287791     
  0.48500000000000038        1.1729402811986084E-002  -1.4838519469014062E-002  0.17978355175270547        2.5307902406716871        260.14616433162661        94.064469370430714     
  0.48600000000000038        1.1595481088422933E-002  -1.4702813638223244E-002  0.17893370236141620        2.5293972006570065        260.78355731639959        93.927478789821834     
  0.48700000000000038        1.1463447158744788E-002  -1.4568495200985149E-002  0.17810192907938058        2.5280888567207866        261.43553404748377        93.796519297016005     
  0.48800000000000038        1.1333270266966095E-002  -1.4435549710145294E-002  0.17728795326165697        2.5268605828029940        262.08855902334722        93.664792006044195     
  0.48900000000000038        1.1204920222556878E-002  -1.4303962852138689E-002  0.17649151838464877        2.5257079222944623        262.74164101460821        93.534772453328245     
  0.49000000000000038        1.1078367388937029E-002  -1.4173720446550487E-002  0.17571238757969981        2.5246265844706373        263.38237960843151        93.400604924549015     
  0.49100000000000038        1.0953582672227423E-002  -1.4044808445644465E-002  0.17495034138986496        2.5236124408507226        264.00283846159937        93.270110192768584     
  0.49200000000000038        1.0830537510249051E-002  -1.3917212933860291E-002  0.17420517572698471        2.5226615214946650        265.01268815482848        93.266944558606696     
  0.49300000000000038        1.0709203861766116E-002  -1.3790920127281546E-002  0.17347670001297721        2.5217700112484800        265.34581298492782        92.993176703120895     
  0.49400000000000038        1.0589554195966243E-002  -1.3665916373075878E-002  0.17276473548495186        2.5209342459502637        265.96826176352664        92.883644399429315     
  0.49500000000000038        1.0471561482173007E-002  -1.3542188148908920E-002  0.17206911365140817        2.5201507086048651        266.60741205776702        92.745543589063416     
  0.49600000000000039        1.0355199179783565E-002  -1.3419722062332527E-002  0.17138967488601514        2.5194160255402989        267.24051098790522        92.611922793225034     
  0.49700000000000039        1.0240441228428578E-002  -1.3298504850150163E-002  0.17072626714777892        2.5187269625510731        267.87981910178240        92.480877625859449     
  0.49800000000000039        1.0127262038346515E-002  -1.3178523377758700E-002  0.17007874481604227        2.5180804210412266        268.50456824599183        92.346298618267326     
  0.49900000000000039        1.0015636480969257E-002  -1.3059764638470465E-002  0.16944696763182782        2.5174734341715195        269.14485517088900        92.216656282755324     
  0.50000000000000033        9.9055398797134112E-003  -1.2942215752814089E-002  0.16883079973790943        2.5169031630212353        269.76842088283291        92.082345544144914     
