   0.0000000000000000        0.0000000000000000        0.0000000000000000        1.9703404672805945E-003   0.0000000000000000        0.0000000000000000        0.0000000000000000     
   5.0000000000000001E-003   0.0000000000000000        0.0000000000000000        1.8614687621189040E-003   0.0000000000000000        0.0000000000000000        0.0000000000000000     
   1.0000000000000000E-002   0.0000000000000000        0.0000000000000000        1.7694379011850127E-003   0.0000000000000000        0.0000000000000000        0.0000000000000000     
   1.4999999999999999E-002   0.0000000000000000        0.0000000000000000        1.6939961246288115E-003   0.0000000000000000        0.0000000000000000        0.0000000000000000     
   2.0000000000000000E-002   0.0000000000000000        0.0000000000000000        1.6349063916692940E-003   0.0000000000000000        0.0000000000000000        0.0000000000000000     
   2.5000000000000001E-002   0.0000000000000000        0.0000000000000000        1.5919471970078395E-003   0.0000000000000000        0.0000000000000000        0.0000000000000000     
   3.0000000000000002E-002   0.0000000000000000        0.0000000000000000        1.5649134316423924E-003   0.0000000000000000        0.0000000000000000        0.0000000000000000     
   3.5000000000000003E-002   6.8128246844803141E-004   4.4013589548643532E-002   1.5536172898169460E-003   0.0000000000000000        0.0000000000000000        0.0000000000000000     
   4.0000000000000001E-002   4.9155105037673461E-003  0.10963351219839083        1.5578892324324830E-003   0.0000000000000000        0.0000000000000000        0.0000000000000000     
   4.4999999999999998E-002   1.3928042122350786E-002  0.19039076449401846        1.5775790090386183E-003   0.0000000000000000        0.0000000000000000        0.0000000000000000     
   4.9999999999999996E-002   2.4756560730613612E-002  0.27760766600785758        1.6125567456317603E-003   0.0000000000000000        0.0000000000000000        0.0000000000000000     
   5.4999999999999993E-002   3.7582233963876152E-002  0.37456090269278863        1.6627141024666569E-003   0.0000000000000000        0.0000000000000000        0.0000000000000000     
   5.9999999999999991E-002   5.3288045663739979E-002  0.48471914814004530        1.7279655049045517E-003   0.0000000000000000        0.0000000000000000        0.0000000000000000     
   6.4999999999999988E-002   7.2888458240561685E-002  0.61181459826451323        1.8082494541152734E-003   0.0000000000000000        0.0000000000000000        0.0000000000000000     
   6.9999999999999993E-002   9.7555555350094733E-002  0.75990626356300917        1.9035299144475619E-003   0.0000000000000000        0.0000000000000000        0.0000000000000000     
   7.4999999999999997E-002  0.12864025017400663       0.93343119762727111        2.0137977856134644E-003   1.2555705910693483E-002   0.0000000000000000        0.0000000000000000     
   8.0000000000000002E-002  0.16768671546076336        1.1372386775181869        2.1390724549544531E-003   2.5671961259837717E-002   0.0000000000000000        0.0000000000000000     
   8.5000000000000006E-002  0.21643794317946585        1.3766012377531742        2.2794034317999987E-003   3.8790488698933409E-002   0.0000000000000000        0.0000000000000000     
   9.0000000000000011E-002  0.27683020809382258        1.6571956506769705        2.4348720594361863E-003   5.1916275088361483E-002   0.0000000000000000        0.0000000000000000     
   9.5000000000000015E-002  0.35097426549840482        1.9850467663755829        2.6055933026732816E-003   6.5055284616011649E-002   0.0000000000000000        0.0000000000000000     
  0.10000000000000002       0.44112144152932919        2.3664279363737064        2.7917176017023273E-003   7.8214565695585186E-002   0.0000000000000000        0.0000000000000000     
  0.10500000000000002       0.54961345374443971        2.8077138766001828        2.9934327877436774E-003   9.1402368133170667E-002   0.0000000000000000        0.0000000000000000     
  0.11000000000000003       0.67881588248899893        3.3151854682785800        3.2109660471368331E-003  0.10462827142554103        0.0000000000000000        0.0000000000000000     
  0.11500000000000003       0.83103669432877270        3.8947910773912708        3.4445859205063274E-003  0.11790332508447951        0.0000000000000000        0.0000000000000000     
  0.12000000000000004        1.0084330009715721        4.5518750449676828        3.6946043254727822E-003  0.13124020192092159        0.0000000000000000        0.0000000000000000     
  0.12500000000000003        1.2129111123949481        5.2908901960024846        3.9613785777411880E-003  0.14465336521204358        0.0000000000000000        0.0000000000000000     
  0.13000000000000003        1.4460265995554886        6.1151163378608935        4.2453133959506426E-003  0.15815925068546377        0.0000000000000000        0.0000000000000000     
  0.13500000000000004        1.7088921534201711        7.0264094796370626        4.5468628604881647E-003  0.17177646418236411        0.0000000000000000        0.0000000000000000     
  0.14000000000000004        2.0021011793803161        8.0250058736109189        4.8665323032801256E-003  0.18552599576516568        0.0000000000000000        0.0000000000000000     
  0.14500000000000005        2.3256741043720068        9.1094005603459181        5.2048800949001340E-003  0.19943145090461331        0.0000000000000000        0.0000000000000000     
  0.15000000000000005        2.6790323287291669        10.276312358357687        5.5625192987189273E-003  0.21351929908435743        0.0000000000000000        0.0000000000000000     
  0.15500000000000005        3.0610019102514046        11.520737492297554        5.9401191525484762E-003  0.22781913985357019        0.0000000000000000        0.0000000000000000     
  0.16000000000000006        3.4698459103526074        12.836084151489780        6.3384063455777916E-003  0.24236398586158225       -2.1257843185105814E-009   4.3020038440671525E-007
  0.16500000000000006        3.9033214275535020        14.214372094320611        6.7581660429658795E-003  0.25719056172735882       -2.9957233910778787E-008   4.3407277553225601E-006
  0.17000000000000007        4.3587551874210817        15.646476354506346        7.2002426231817570E-003  0.27233961672084478       -1.1064181914653445E-007   1.3478827878025464E-005
  0.17500000000000007        4.8331304505073716        17.122392723993269        7.6655400782794569E-003  0.28785624814143279       -2.8134560270243288E-007   3.0966678397565399E-005
  0.18000000000000008        5.3231779894073581        18.631504663533356        8.1550220399160961E-003  0.30379023074518852       -5.8787746374822719E-007   6.1228368979592327E-005
  0.18500000000000008        5.8254647932355423        20.162835641620244        8.6697113836295518E-003  0.32019634578953760       -1.0807668217983149E-006   1.1048293745515608E-004
  0.19000000000000009        6.3364756585629634        21.705276348033330        9.2106893686429801E-003  0.33713470098072329       -1.8075659220199314E-006   1.8740636392047564E-004
  0.19500000000000009        6.8526845566033705        23.247781570575338        9.7790942764763127E-003  0.35467102985292964       -2.7991256842830369E-006   3.0426687250392634E-004
  0.20000000000000009        7.3706143136657172        24.779535899410497        1.0376119507388945E-002  0.37287695575187790       -4.0475510597686371E-006   4.7758815332351597E-004
  0.20500000000000010        7.8868844942648906        26.290090404530535        1.1003011102139682E-002  0.39183020182919542       -5.4742391195071332E-006   7.2991832634742237E-004
  0.21000000000000010        8.3982483362999574        27.769473986742987        1.1661064657923857E-002  0.41161472389766396       -6.8811555406747739E-006   1.0913196290901648E-003
  0.21500000000000011        8.9016201532504677        29.208283476169424        1.2351621623625483E-002  0.43232073825832446       -7.8935979242985509E-006   1.6016803996789846E-003
  0.22000000000000011        9.3940948497470753        30.597756124049241        1.3076064947234798E-002  0.45404461127252971       -7.8749148655132492E-006   2.3127307144260858E-003
  0.22500000000000012        9.8729611831500623        31.929827296495453        1.3835814075814945E-002  0.47688857227505826       -5.8273548448052552E-006   3.2905128348168170E-003
  0.23000000000000012        10.335710236269247        33.197175258916189        1.4632319307978776E-002  0.50096020655377671       -2.3731978255323815E-007   4.6187962568647106E-003
  0.23500000000000013        10.780040322705657        34.393254159323511        1.5467055506264593E-002  0.52637168134411227        1.0986093217646263E-005   6.4070651083836614E-003
  0.24000000000000013        11.203859283632536        35.512315792490199        1.6341515198443329E-002  0.55323865574600684        3.0898052742338371E-005   8.7850521766238837E-003
  0.24500000000000013        11.605284889624080        36.549420479921011        1.7257201086703554E-002  0.58167882648106173        6.3523284460160405E-005   1.1913420928243743E-002
  0.25000000000000011        11.982643852596960        37.500437395411019        1.8215618023609405E-002  0.61181006671504701        1.1423387407282214E-004   1.5985400889411461E-002
  0.25500000000000012        12.334469787751335        38.362034830938278        1.9218264498859178E-002  0.64374812589899910        1.8997343239499621E-004   2.1245374385877865E-002
  0.26000000000000012        12.659500342329856        39.131661151004401        2.0266623702280703E-002  0.67760387667923672        2.9971150395951526E-004   2.7960803254855528E-002
  0.26500000000000012        12.956673621539531        39.807517450779670        2.1362154244994973E-002  0.71348012076418976        4.5484217887818994E-004   3.6471221239483625E-002
  0.27000000000000013        13.225123984935840        40.388523157540099        2.2506280609587394E-002  0.75146800102205580        6.6966569989529380E-004   4.7186731153356774E-002
  0.27500000000000013        13.464177251761690        40.874275960472481        2.3700383440322100E-002  0.79164311003461296        9.6017368084271113E-004   6.0448147298158228E-002
  0.28000000000000014        13.673345334837439        41.265007506386311        2.4945789750518491E-002  0.83406143478812966        1.3490084068486618E-003   7.6878912076678754E-002
  0.28500000000000014        13.852320314487210        41.561536260777011        2.6243763167184981E-002  0.87875533011978979        1.8597732636697404E-003   9.6985079249167300E-002
  0.29000000000000015        14.000967962779670        41.765218819579978        2.7595494310685968E-002  0.92572976165918919        2.5236605459249503E-003  0.12146470382001395     
  0.29500000000000015        14.119320731271745        41.877900788044315        2.9002091416091589E-002  0.97495909766783362        3.3765461011457643E-003  0.15104027144747317     
  0.30000000000000016        14.207570220579964        41.901868142652070        3.0464571299289613E-002   1.0263847469875460        4.4581881299981512E-003  0.18648242609463814     
  0.30500000000000016        14.266059156240802        41.839799781621302        3.1983850771032933E-002   1.0799139295243616        5.8185573397672805E-003  0.22873679148087339     
  0.31000000000000016        14.295272901717826        41.694721767217146        3.3560738598571407E-002   1.1354198207495443        7.5128425481764882E-003  0.27876662316362161     
  0.31500000000000017        14.295830545634958        41.469963581978256        3.5195928068506660E-002   1.1927432270232541        9.6034780458136380E-003  0.33760927266971663     
  0.32000000000000017        14.268475606139141        41.169116569199929        3.6889990275168795E-002   1.2516958317129723        1.2164894265355271E-002  0.40648580603948398     
  0.32500000000000018        14.214066400597099        40.795994609242101        3.8643368138376627E-002   1.3120649096666672        1.5277729366384952E-002  0.48661056428897975     
  0.33000000000000018        14.133566133552907        40.354596997468448        4.0456371229418871E-002   1.3736192589434995        1.9028307850407294E-002  0.57917811463848956     
  0.33500000000000019        14.028032759972932        39.849073434224771        4.2329171444144179E-002   1.4361159640446359        2.3524302678372810E-002  0.68575305086424043     
  0.34000000000000019        13.898608684248082        39.283691007912324        4.4261799468273418E-002   1.4993075041087689        2.8870832869212895E-002  0.80764977952310302     
  0.34500000000000020        13.746510358168788        38.662803043728225        4.6254142131244270E-002   1.5629486734139337        3.5189620505325835E-002  0.94638492335958546     
  0.35000000000000020        13.573017843095959        37.990819697687854        4.8305940524436188E-002   1.6268027951013346        4.2616635535319636E-002   1.1036538865737699     
  0.35500000000000020        13.379464402772342        37.272180193046665        5.0416788893533342E-002   1.6906467853370291        5.1282077352372196E-002   1.2807670719754178     
  0.36000000000000021        13.167226193621893        36.511326619750676        5.2586134258956731E-002   1.7542747513948038        6.1342705903680940E-002   1.4795239200599433     
  0.36500000000000021        12.937712118932371        35.712679243363063        5.4813276638617452E-002   1.8174999634239553        7.2953403483089777E-002   1.7014509457612130     
  0.37000000000000022        12.692353912001435        34.880613295155129        5.7097369846802082E-002   1.8801552062315696        8.6268248067981487E-002   1.9478886870378063     
  0.37500000000000022        12.432596511146706        34.019437237614035        5.9437422729173392E-002   1.9420916677994202       0.10147677277945392        2.2207889682820299     
  0.38000000000000023        12.159888786460220        33.133372518112346        6.1832300738960726E-002   2.0031766420682886       0.11873269886964287        2.5212118327805761     
  0.38500000000000023        11.875674674371105        32.226534837133030        6.4280727762279499E-002   2.0632903995344467       0.13822125256589676        2.8507308280676429     
  0.39000000000000024        11.581384771526221        31.302916965947990        6.6781288045654266E-002   2.1223226102768202       0.16010817937530408        3.2104158989204552     
  0.39500000000000024        11.278428434290989        30.366373152120779        6.9332428127943685E-002   2.1801686916032557       0.18457733059582956        3.6016006693685840     
  0.40000000000000024        10.968186424402051        29.420605150006288        7.1932458650728337E-002   2.2367264053551086       0.21180597494332876        4.0254440155343358     
  0.40500000000000025        10.652004135081590        28.469149908140611        7.4579555950221102E-002   2.2918929588156560       0.24192800834286687        4.4821889423727770     
  0.41000000000000025        10.331185425360900        27.515368936720513        7.7271763287130785E-002   2.3455627800195953       0.27512397144105399        4.9729859051369498     
  0.41500000000000026        10.006987083581828        26.562439367018925        8.0006991646621686E-002   2.3976260537387759       0.31154641385167392        5.4984149696700699     
  0.42000000000000026        9.6806139341694237        25.613346701312075        8.2783019967026639E-002   2.4479680273370827       0.35128026591805983        6.0579484324749959     
  0.42500000000000027        9.3532145949162686        24.670879237423787        8.5597494736472143E-002   2.4964690327598462       0.39448856435245022        6.6523854584183182     
  0.43000000000000027        9.0258778853036681        23.737624136990018        8.8447928855679703E-002   2.5430051252506476       0.44126049053188787        7.2812861862752243     
  0.43500000000000028        8.6996298799140170        22.815965091605367        9.1331699610925451E-002   2.5874492124050801       0.49167910713201562        7.9442242683857431     
  0.44000000000000028        8.3754315948561455        21.908081526639286        9.4246045794711214E-002   2.6296725371660505       0.54581623949562441        8.6405968667225999     
  0.44500000000000028        8.0541772894189432        21.015949269135099        9.7188063708584030E-002   2.6695463828254180       0.60363199907780274        9.3684678415123397     
  0.45000000000000029        7.7366933599560435        20.141342594161813       0.10015470207754164        2.7069438825764935       0.66540274003629363        10.130122334339642     
  0.45500000000000029        7.4237377983454866        19.285837553533781       0.10314275566518448        2.7417418369620892       0.73088730743039521        10.920833684650429     
  0.46000000000000030        7.1160001833048625        18.450816482122761       0.10614885752815176        2.7738224653946095       0.80014212930680506        11.739853369797409     
  0.46500000000000030        6.8141021694034141        17.637473570160857       0.10916946970125964        2.8030750400129776       0.87318018863332092        12.586680565730502     
  0.47000000000000031        6.5185984358141562        16.846821385015151       0.11220087227896379        2.8293973691971512       0.94994368306554744        13.458673619571551     
  0.47500000000000031        6.2299780546915038        16.079698222883451       0.11523915062619308        2.8526971132183476        1.0303008026651339        14.353232391433679     
  0.48000000000000032        5.9486662375354333        15.336776169655048       0.11828018072261633        2.8728929253654729        1.1142512651812710        15.269635810996057     
  0.48500000000000032        5.6750264169900682        14.618569750696036       0.12131961248282298        2.8899154190384477        1.2016993440246975        16.205465044466621     
  0.49000000000000032        5.4093626211928374        13.925445051421097       0.12435285107572064        2.9037079653919768        1.2923949470512648        17.156207047552076     
  0.49500000000000033        5.1519220980034879        13.257629194048116       0.12737503632435149        2.9142273279908104        1.3863691760601271        18.121796510180840     
  0.50000000000000033        4.9028981471537030        12.615220060720937       0.13038102036949470        2.9214441414928221        1.4833951320465093        19.098915897659786     
  0.50500000000000034        4.6624331195208386        11.998196159050776       0.13336534407880235        2.9253432411655274        1.5832966497578640        20.084362838304475     
  0.51000000000000034        4.4306215442894130        11.406426532880108       0.13632221271073480        2.9259238495857138        1.6862437552180110        21.079828727574373     
  0.51500000000000035        4.2075133466661709        10.839680628525574       0.13924547187250672        2.9231996264440578        1.7916236453947731        22.076323978151535     
  0.52000000000000035        3.9931171210043126        10.297638034732273       0.14212858485642621        2.9171985871835333        1.8996641580468943        23.077304949226665     
  0.52500000000000036        3.7874034266129448        9.7798980228960684       0.14496461302244046        2.9079628961938044        2.0096951692245293        24.073600834978542     
  0.53000000000000036        3.5903080761256687        9.2859888226219613       0.14774620106078651        2.8955485405931030        2.1220840798897669        25.069420698121441     
  0.53500000000000036        3.4017353890254483        8.8153765762406735       0.15046556939121006        2.8800248910899362        2.2363735133118836        26.058454292357300     
  0.54000000000000037        3.2215613857215537        8.3674739243649192       0.15311451621602859        2.8614741570257718        2.3523460416349002        27.038670359398580     
  0.54500000000000037        3.0496369004049702        7.9416481828221777       0.15568443190610581        2.8399907434028950        2.4704056152403324        28.013482526910963     
  0.55000000000000038        2.8857905937272088        7.5372290792423691       0.15816632841083053        2.8156805184047555        2.5896995854255835        28.972801995667016     
  0.55500000000000038        2.7298318491192695        7.1535160251322285       0.16055088630463313        2.7886600005975208        2.7103888711559962        29.919398561532006     
  0.56000000000000039        2.5815535392584685        6.7897849063585944       0.16282852163180664        2.7590554756191508        2.8320853499271101        30.848004398871780     
  0.56500000000000039        2.4407346517735999        6.4452943815402639       0.16498947413339687        2.7270020526640089        2.9552881638411908        31.762505566474566     
  0.57000000000000040        2.3071427657301058        6.1192916838750655       0.16702391755941845        2.6926426714832070        3.0792101259846461        32.656203418619924     
  0.57500000000000040        2.1805363727378100        5.8110179273788667       0.16892209165872746        2.6561270708509257        3.2040523432204338        33.529897065696154     
  0.58000000000000040        2.0606670386593735        5.5197129233749704       0.17067445413921095        2.6176107295989297        3.3293932069782031        34.381056451695187     
  0.58500000000000041        1.9472814038581900        5.2446195173438923       0.17227184949055924        2.5772537912394018        3.4557207937689305        35.209053320469444     
  0.59000000000000041        1.8401230217025568        4.9849874599325350       0.17370569013733467        2.5352199830704718        3.5824078040211655        36.013699725035387     
  0.59500000000000042        1.7389340366361110        4.7400768290449955       0.17496814408924394        2.4916755403087523        3.7097679387628624        36.794129368418680     
  0.60000000000000042        1.6434567045318118        4.5091610225166718       0.17605232218779565        2.4467881453544997        3.8372141029455831        37.545982097168867     
  0.60500000000000043        1.5534347592715849        4.2915293429389001       0.17695245733904713        2.4007258917465011        3.9652380788017410        38.273652714045944     
  0.61000000000000043        1.4686146305403742        4.0864891977850357       0.17766406786320940        2.3536562816719964        4.0932798603047429        38.971553689680121     
  0.61500000000000044        1.3887465186992041        3.8933679391271663       0.17818409737215377        2.3057452651489667        4.2220310167954684        39.645867636218092     
  0.62000000000000044        1.3135853333151657        3.7115143679639733       0.17851102435302921        2.2571563281679796        4.3508579550172044        40.291496453640690     
  0.62500000000000044        1.2428915024873837        3.5402999285452315       0.17864493594594713        2.2080496361840347        4.4797661026357707        40.906850667394131     
  0.63000000000000045        1.1764316605269831        3.3791196181144563       0.17858756206444545        2.1585812384219887        4.6088695881269315        41.495095675641686     
  0.63500000000000045        1.1139792218385336        3.2273926372420112       0.17834226797394240        2.1089023374992895        4.7383770500152860        42.055815600141578     
  0.64000000000000046        1.0553148490211393        3.0845628054213332       0.17791400551391878        2.0591586279262470        4.8677647865723612        42.586258174235425     
  0.64500000000000046        1.0002268232725366        2.9500987658922084       0.17730922518758879        2.0094897060650312        4.9977044915769975        43.090995396922501     
  0.65000000000000047       0.94851132515007597        2.8234940027684052       0.17653575311813766        1.9600285532345454        5.1276063543555210        43.565975513921899     
  0.65500000000000047       0.89997263363164903        2.7042666925213599       0.17560263844589216        1.9109010927113217        5.2580015394538835        44.015464866472428     
  0.66000000000000048       0.85442325123719598        2.5919594107316484       0.17451997773550021        1.8622258205726909        5.3931304215895937        44.475994192790850     
  0.66500000000000048       0.81168396273012411        2.4861387138002371       0.17329872365171653        1.8141135094935581        5.5195596981336426        44.830128720064799     
  0.67000000000000048       0.77158383462670888        2.3863946140333461       0.17195048522889295        1.7666669839327602        5.6511327732354371        45.199634448387819     
  0.67500000000000049       0.73396016241096274        2.2923399652032650       0.17048732687386337        1.7199809644273159        5.7829118587845434        45.541168862902154     
  0.68000000000000049       0.69865837199095948        2.2036097743629308       0.16892157255415174        1.6741419781778946        5.9153731735329167        45.859287551073550     
  0.68500000000000050       0.66553188154874909        2.1198604543718336       0.16726562073162446        1.6292283326006076        6.0484231054966520        46.152657322743245     
  0.69000000000000050       0.63444192953681433        2.0407690302902193       0.16553177455646037        1.5853101480325686        6.1824518157931028        46.424184183689043     
  0.69500000000000051       0.60525737416657888        1.9660323115311829       0.16373209060861535        1.5424494455606164        6.3170943770813341        46.671033401633430     
  0.70000000000000051       0.57785446932415918        1.8953660404359056       0.16187824844541099        1.5007002854964187        6.4525565934798816        46.895470207121299     
  0.70500000000000052       0.55211662144068452        1.8285040267645620       0.15998144202689621        1.4601089519983914        6.5889615586644705        47.098166747134499     
  0.71000000000000052       0.52793413144359191        1.7651972764824055       0.15805229317416455        1.4207141791004165        6.7267715640312682        47.283206498785908     
  0.71500000000000052       0.50520392552468951        1.7052131221702935       0.15610078642245739        1.3825474133750986        6.8648375198344684        47.440127581326067     
  0.72000000000000053       0.48382927808368781        1.6483343614057371       0.15413622399667884        1.3456331084966733        7.0058162594096567        47.589457598763246     
  0.72500000000000053       0.46371952984491666        1.5943584085471767       0.15216719914957888        1.3099890469780606        7.1470331457855067        47.713282755150935     
  0.73000000000000054       0.44478980380166172        1.5430964645100389       0.15020158581111409        1.2756266844915076        7.2899315045192452        47.817236833304193     
  0.73500000000000054       0.42696072131871399        1.4943727083491332       0.14824654238499169        1.2425515123204758        7.4347878829406167        47.912801181897230     
  0.74000000000000055       0.41015812042006428        1.4480235137568520       0.14630852735129454        1.2107634336768469        7.5815175165837863        47.989798344256819     
  0.74500000000000055       0.39431277800587144        1.4038966929478869       0.14439332452908060        1.1802571498504777        7.7301986846827369        48.052184203484124     
  0.75000000000000056       0.37936013748124997        1.3618507698280606       0.14250607592046680        1.1510225523725270        7.8808884695442050        48.100083589574119     
  0.75500000000000056       0.36524004303862578        1.3217542838321796       0.14065132019226984        1.1230451176737684        8.0337597608067970        48.133158876445947     
  0.76000000000000056       0.35189648161578380        1.2834851253634334       0.13883303508886796        1.0963063009553071        8.1895691443717045        48.157175337752882     
  0.76500000000000057       0.33927733335176946        1.2469299033674814       0.13705468236200280        1.0707839263155638        8.3469789158785215        48.165179602424423     
  0.77000000000000057       0.32733413118300997        1.2119833452288020       0.13531925382096363        1.0464525704445578        8.5081344365749541        48.167940240151900     
  0.77500000000000058       0.31602183006042583        1.1785477288770558       0.13362931764746844        1.0232839374609786        8.6715230239786649        48.158736345206229     
  0.78000000000000058       0.30529858612484845        1.1465323467368373       0.13198706383023612        1.0012472228654856        8.8379452139414933        48.139494197188384     
  0.78500000000000059       0.29512554605122537        1.1158530009394061       0.13039434842356079       0.98030946469393243        9.0076666030867631        48.112490218992214     
  0.79000000000000059       0.28546664666109378        1.0864315290372613       0.12885273577886694       0.96043588038182126        9.1805327205831482        48.078265218571886     
  0.79500000000000060       0.27628842480628585        1.0581953593172411       0.12736353854231083       0.94159018805623063        9.3571434709357071        48.038752879582631     
  0.80000000000000060       0.26755983744413508        1.0310770946934353       0.12592785512603114       0.92373491117503881        9.5369655674359457        47.988785766150826     
  0.80500000000000060       0.25925209175392261        1.0050141240722281       0.12454660450975057       0.90683166575055751        9.7208358421486061        47.936714050292736     
  0.81000000000000061       0.25133848508523193       0.97994826001657265       0.12322055816396879       0.89084142956429724        9.9086812347675917        47.880190766465653     
  0.81500000000000061       0.24379425448036551       0.95582540149301976       0.12195036918689729       0.87572479297385575        10.100213395210130        47.817685600484943     
  0.82000000000000062       0.23659643547324641       0.93259522045711907       0.12073659846535988       0.86144219115946274        10.296356634315723        47.754010767904816     
  0.82500000000000062       0.22972372983653161       0.91021087102336218       0.11957973816721842       0.84795411771460594        10.498721577591947        47.702523732480934     
  0.83000000000000063       0.22315638192468459       0.88862871996653992       0.11848023216621857       0.83522131980462622        10.700972008611338        47.614118917780544     
  0.83500000000000063       0.21687606324399195       0.86780809731606190       0.11743849383045275       0.82320497505739243        10.910138089016517        47.542074017511915     
  0.84000000000000064       0.21086576486897590       0.84771106582650457       0.11645492092838408       0.81186685063433572        11.124083537864642        47.468623149083861     
  0.84500000000000064       0.20510969731857467       0.82830220813883748       0.11552990774461389       0.80116944495154985        11.342706781829198        47.395415205076937     
  0.85000000000000064       0.19959319750335380       0.80954843048259595       0.11466385438414968       0.79107611261145661        11.565533488852150        47.317557239679545     
  0.85500000000000065       0.19430264235689015       0.79141878181116632       0.11385717322417074       0.78155117322228962        11.793952861951388        47.242691225300675     
  0.86000000000000065       0.18922536876930410       0.77388428730711945       0.11311029252574684       0.77256000479381892        12.027086874265642        47.167188773359456     
  0.86500000000000066       0.18434959944835874       0.75691779524196023       0.11242365701769280       0.76406912250607006        12.265738289727347        47.094969658675069     
  0.87000000000000066       0.17966437434328289       0.74049383622454568       0.11179772550236133       0.75604624362552719        12.508877451379046        47.020645972270280     
  0.87500000000000067       0.17515948727770256       0.72458849392221025       0.11123296539862006       0.74846033941709178        12.757394229080237        46.947327010993860     
  0.88000000000000067       0.17082542745080279       0.70917928638952576       0.11072984414832103       0.74128167490602603        13.011124662912291        46.876384105225782     
  0.88500000000000068       0.16665332547956932       0.69424505719009955       0.11028881753622558       0.73448183733600969        13.270419323881473        46.808178268147387     
  0.89000000000000068       0.16263490366933722       0.67976587554626522       0.10991031494851386       0.72803375421568495        13.534410996907338        46.738164943400967     
  0.89500000000000068       0.15876243021484387       0.66572294480039729       0.10959472164193108       0.72191170178554087        13.804446358048617        46.676412858048991     
  0.90000000000000069       0.15502867704910053       0.65209851851854683       0.10934235830966213       0.71609130478159944        14.079598200994837        46.613988486947250     
  0.90500000000000069       0.15142688107270758       0.63887582361297857       0.10915345831677956       0.71054952830574747        14.360287623368331        46.554088683609606     
  0.91000000000000070       0.14795070851135059       0.62603898990369689       0.10902814296283753       0.70526466264077481        14.648114160836153        46.506328155343219     
  0.91500000000000070       0.14459422216423620       0.61357298558120565       0.10896639547660578       0.70021630177832517        14.937940405157436        46.442457837346048     
  0.92000000000000071       0.14135185132081837       0.60146355807229346       0.10896803446809687       0.69538531643370805        15.234371418802196        46.388725561831812     
  0.92500000000000071       0.13821836413744573       0.58969717984859216       0.10903268787374915       0.69075382225975368        15.537249289932500        46.341987066537115     
  0.93000000000000071       0.13518884227931435       0.57826099875318770       0.10915976820954292       0.68630514397277975        15.845282308540980        46.296219728029484     
  0.93500000000000072       0.13225865764632616       0.56714279245403676       0.10934845058033602       0.68202377602497033        16.158994368836296        46.253689461121496     
  0.94000000000000072       0.12942345101418229       0.55633092666457939       0.10959765430531059       0.67789534045625066        16.477599045206347        46.213982930862365     
  0.94500000000000073       0.12667911243408395       0.54581431680120285       0.10990602959162300       0.67390654249871007        16.803461726445246        46.181796090278326     
  0.95000000000000073       0.12402176324587300       0.53558239277459463       0.11027195006069154       0.67004512446232667        17.132816260316208        46.144766854585129     
  0.95500000000000074       0.12144773957036160       0.52562506663779984       0.11069351212182575       0.66629981841704822        17.468839227332420        46.116549075121974     
  0.96000000000000074       0.11895357715677241       0.51593270283717585       0.11116854180423541       0.66266029810110616        17.810354940627814        46.083775461396968     
  0.96500000000000075       0.11653599747086170       0.50649609083451386       0.11169460903612938       0.65911713049746934        18.156745734760527        46.064806316917910     
  0.97000000000000075       0.11419189491836680       0.49730641988899532       0.11226904953799614       0.65566172742441153        18.510240230028923        46.046169400756206     
  0.97500000000000075       0.11191832510680556       0.48835525580612560       0.11288899350845931       0.65228629749374090        18.867827465983790        46.026088036580020     
  0.98000000000000076       0.10971249405653861       0.47963451947800656       0.11355140022239986       0.64898379872383172        19.232738358312218        46.014169272563556     
  0.98500000000000076       0.10757174827938876       0.47113646705532469       0.11425309720819841       0.64574789206637151        19.602308860619907        46.002590851211053     
  0.99000000000000077       0.10549356564987993       0.46285367160577828       0.11499082246705856       0.64257289606370105        19.978129518195036        45.994691967062906     
  0.99500000000000077       0.10347554700045904       0.45477900612685163       0.11576126792177906       0.63945374283836620        20.359623667446787        45.989907706888324     
   1.0000000000000007       0.10151540837795253       0.44690562779322707       0.11656112241113123       0.63638593555848177        20.747420141617908        45.987542115068223     
   1.0050000000000006        9.9610973903878977E-002  0.43922696333007788       0.11738711269341563       0.63336550750135701        21.141033596628159        45.990538182972827     
   1.0100000000000005        9.7760169186192167E-002  0.43173669541351856       0.11823604084805139       0.63038898283210398        21.541105364142130        45.993000074247448     
   1.0150000000000003        9.5961015234659275E-002  0.42442875000893998       0.11910481716906104       0.62745333914427115        21.945797858000162        45.996738181128720     
   1.0200000000000002        9.4211622836241390E-002  0.41729728456607057       0.11999048778294948       0.62455597182693290        22.358679825494409        46.007608609543631     
   1.0250000000000001        9.2510187350725082E-002  0.41033667699739007       0.12089025657409390       0.62169466027809839        22.776174092746611        46.017716142093818     
   1.0300000000000000        9.0854983890408705E-002  0.40354151537341382       0.12180150152353544       0.61886753596992150        23.201405601660152        46.032868530952229     
   1.0349999999999999        8.9244362850837589E-002  0.39690658827444730       0.12272178572733243       0.61607305236057042        23.633212581724724        46.050953925563064     
   1.0399999999999998        8.7676745762649999E-002  0.39042687574455093       0.12364886365244245       0.61330995661444021        24.070130233759865        46.066686815151797     
   1.0449999999999997        8.6150621437149980E-002  0.38409754079787994       0.12458068338638871       0.61057726311228100        24.514752738498032        46.087318403158015     
   1.0499999999999996        8.4664542380859756E-002  0.37791392143299424       0.12551538563724091       0.60787422867680341        24.966055858169369        46.111242068257582     
   1.0549999999999995        8.3217121456421503E-002  0.37187152311432536       0.12645130028739135       0.60520032947880609        25.425014424787463        46.137628559046370     
   1.0599999999999994        8.1807028769344606E-002  0.36596601168408938       0.12738694125276803       0.60255523954115653        25.890066023546492        46.163926583169939     
   1.0649999999999993        8.0432988761946531E-002  0.36019320667136856       0.12832100032465921       0.59993881077247058        26.363156019438460        46.193529920098271     
   1.0699999999999992        7.9093777497496021E-002  0.35454907496793586       0.12925234043866099       0.59735105445971726        26.843423868769911        46.224062674022015     
   1.0749999999999991        7.7788220119166168E-002  0.34902972484352196       0.13017998886799029       0.59479212413374549        27.331945572945056        46.257452350383225     
   1.0799999999999990        7.6515188469757467E-002  0.34363140027548500       0.13110313051233316       0.59226229972971023        27.827357126198120        46.292238808295089     
   1.0849999999999989        7.5273598859437185E-002  0.33835047557018444       0.13202110144708940       0.58976197296274169        28.332252740315155        46.329955979310895     
   1.0899999999999987        7.4062409969898907E-002  0.33318345025547108       0.13293338277304337       0.58729163383633209        28.844230101523507        46.367910075651523     
   1.0949999999999986        7.2880620884382116E-002  0.32812694422546501       0.13383959467960771       0.58485185820384400        29.364981693028621        46.408029418537907     
   1.0999999999999985        7.1727269233922294E-002  0.32317769312041822       0.13473949063257581       0.58244329629876224        29.894754097112788        46.450335818316965     
   1.1049999999999984        7.0601429451119191E-002  0.31833254392621113       0.13563295150997587       0.58006666218221703        30.433449714098778        46.494021210622861     
   1.1099999999999983        6.9502211123384658E-002  0.31358845077892639       0.13651997954457651       0.57772272399714564        30.980573490153777        46.538415185253342     
   1.1149999999999982        6.8428757438436169E-002  0.30894247096162830       0.13740069190039311       0.57541229499937030        31.538319226897968        46.586379718180929     
   1.1199999999999981        6.7380243715379623E-002  0.30439176108128374       0.13827531374962906       0.57313622527217256        32.105182541655779        46.634831328709851     
   1.1249999999999980        6.6355876015307708E-002  0.29993357341481430       0.13914417081334954       0.57089539407797407        32.682014207711397        46.685096152814779     
   1.1299999999999979        6.5354889825886359E-002  0.29556525241425596       0.14000768121822568       0.56869070278364009        33.266446535007901        46.733513519947358     
   1.1349999999999978        6.4376548814833179E-002  0.29128423136162818       0.14086634678227830       0.56652306830791466        33.862927064396068        46.785006053362679     
   1.1399999999999977        6.3420143647674204E-002  0.28708802916510329       0.14172074373941032       0.56439341704034951        34.469398248314249        46.838286868566222     
   1.1449999999999976        6.2484990865475543E-002  0.28297424728837134       0.14257151299251503       0.56230267918550991        35.084573421655193        46.888146124668182     
   1.1499999999999975        6.1570431818699430E-002  0.27894056680615548       0.14341935005289133       0.56025178349290183        35.710179629491932        46.941449104201432     
   1.1549999999999974        6.0675831653528779E-002  0.27498474557883057       0.14426499481015351       0.55824165233180956        36.349270096006883        46.999485218515794     
   1.1599999999999973        5.9800578347423590E-002  0.27110461554016835       0.14510922129669682       0.55627319707825229        37.028511571475860        47.090024100305314     
   1.1649999999999971        5.8944081790814944E-002  0.26729808009214157       0.14595282764592934       0.55434731377679458        37.657099235684576        47.115534435573480     
   1.1699999999999970        5.8105772912172865E-002  0.26356311160156515       0.14679662632651408       0.55246487906385433        38.335919409571794        47.174817006357557     
   1.1749999999999969        5.7285102843826444E-002  0.25989774899337170       0.14764143488405473       0.55062674630684294        39.028995972380727        47.244310874760707     
   1.1799999999999968        5.6481542126190255E-002  0.25630009543601079       0.14848806724177130       0.54883374194966217        39.729699022522041        47.308243533101809     
   1.1849999999999967        5.5694579948126738E-002  0.25276831611434653       0.14933732561747393       0.54708666205100331        40.441240721413983        47.372435432435957     
   1.1899999999999966        5.4923723421445553E-002  0.24930063608614433       0.15018999323635468       0.54538626897260534        41.165451389901250        47.437606953383487     
   1.1949999999999965        5.4168496887611280E-002  0.24589533821819506       0.15104682771919722       0.54373328823311196        41.902170477877249        47.503685538098935     
   1.1999999999999964        5.3428441254901697E-002  0.24255076119850105       0.15190855525729838       0.54212840549201824        42.650594682694880        47.569193403125560     
   1.2049999999999963        5.2703113364362134E-002  0.23926529762106680       0.15277586550656225       0.54057226366373312        43.412952580287374        47.635462587062960     
   1.2099999999999962        5.1992085383044472E-002  0.23603739214021052       0.15364940725215701       0.53906546014655732        44.186746302749114        47.701232426937857     
   1.2149999999999961        5.1294944223090493E-002  0.23286553969130494       0.15452978470927606       0.53760854416012382        44.976104561714756        47.771176906049412     
   1.2199999999999960        5.0611290985328843E-002  0.22974828377513856       0.15541755449289807       0.53620201418640334        45.778785435957261        47.840782095676126     
   1.2249999999999959        4.9940740426142334E-002  0.22668421480322626       0.15631322316785057       0.53484631550942363        46.595210679222028        47.912031770017734     
   1.2299999999999958        4.9282920446447269E-002  0.22367196850155510       0.15721724540970930       0.53354183784018960        47.423783648971515        47.981278518266286     
   1.2349999999999957        4.8637471601677841E-002  0.22071022437033289       0.15813002263515821       0.53228891304143455        48.266587155485581        48.051400374750912     
   1.2399999999999956        4.8004046631771338E-002  0.21779770419754624       0.15905190217584336       0.53108781292902796        49.124884305322645        48.124553331792647     
   1.2449999999999954        4.7382310010179618E-002  0.21493317062412085       0.15998317684581106       0.52993874716744860        49.996590951871717        48.198034624207494     
   1.2499999999999953        4.6771937511007396E-002  0.21211542575868300       0.16092408502135983       0.52884186124525323        50.882211326671793        48.270773939823158     
   1.2549999999999952        4.6172615793431210E-002  0.20934330983998631       0.16187481107971338       0.52779723453818495        51.779985205456768        48.342941345706464     
   1.2599999999999951        4.5584042002595415E-002  0.20661569994517637       0.16283548622828953       0.52680487845542256        52.696479668916005        48.418350351473656     
   1.2649999999999950        4.5005923386235061E-002  0.20393150874215532       0.16380618975102892       0.52586473467900463        53.624312525595080        48.494163796462587     
   1.2699999999999949        4.4437976926309561E-002  0.20128968328436905       0.16478695058351420       0.52497667348158517        54.567583586201373        48.565452647510178     
   1.2749999999999948        4.3879928984983614E-002  0.19868920384647673       0.16577774927013986       0.52414049214653158        55.525053149405068        48.644467777474091     
   1.2799999999999947        4.3331514964308593E-002  0.19612908279935412       0.16677852022076592       0.52335591347434918        56.495969804555941        48.718687919516157     
   1.2849999999999946        4.2792478979023794E-002  0.19360836352306404       0.16778915432457156       0.52262258438494635        57.486127388805720        48.797378114590060     
   1.2899999999999945        4.2262573541885916E-002  0.19112611935634899       0.16880950184972476       0.52194007462519743        58.486880776074138        48.872684040571315     
   1.2949999999999944        4.1741559261012216E-002  0.18868145258142441       0.16983937570148505       0.52130787557603364        59.502168651866640        48.947321045284006     
   1.2999999999999943        4.1229204548713115E-002  0.18627349344277688       0.17087855484523026       0.52072539916336036        60.534699077070577        49.024152548574513     
   1.3049999999999942        4.0725285341331012E-002  0.18390139919877405       0.17192678811259096       0.52019197688225871        61.581392699906623        49.101628066581299     
   1.3099999999999941        4.0229584829642590E-002  0.18156435320501862       0.17298379816634760       0.51970685894488999        62.643689384341904        49.179320078484956     
   1.3149999999999940        3.9741893199371901E-002  0.17926156402828927       0.17404928571606079       0.51926921352793187        63.721169392273225        49.256779836417415     
   1.3199999999999938        3.9262007381399538E-002  0.17699226459001674       0.17512293391831563       0.51887812616593243        64.813362426577115        49.333706402381139     
   1.3249999999999937        3.8789730836670921E-002  0.17475571133842510       0.17620441297061890       0.51853259924987660        65.878782260523593        49.408809109630369     
   1.3299999999999936        3.8324873274936888E-002  0.17255118344822029       0.17729338477872181       0.51823155168369839        66.910191795651471        49.488656870561613     
   1.3349999999999935        3.7867250418759130E-002  0.17037798204701213       0.17838950783349630       0.51797381866596215        67.948766547273692        49.566020835211916     
   1.3399999999999934        3.7416683863891236E-002  0.16823542946759779       0.17949244205720610       0.51775815160307881        68.998913607735602        49.643766346411859     
   1.3449999999999933        3.6973000834639141E-002  0.16612286852520325       0.18060185378923474       0.51758321820140574        70.062257727246319        49.721199953129343     
   1.3499999999999932        3.6536033984691449E-002  0.16403966181893109       0.18171742073418226       0.51744760267727474        71.136641042039983        49.800385135493997     
   1.3549999999999931        3.6105621205271436E-002  0.16198519105663212       0.18283883693253628       0.51734980615820647        72.220649092508154        49.876878723224991     
   1.3599999999999930        3.5681605440316996E-002  0.15995885640239130       0.18396581761740499       0.51728824721962718        73.311411747402531        49.955880440442542     
   1.3649999999999929        3.5263834508443004E-002  0.15796007584601907       0.18509810404363039       0.51726126261591965        74.422572944673817        50.031290824340424     
   1.3699999999999928        3.4852160931419761E-002  0.15598828459379535       0.18623546815108136       0.51726710816505839        75.543572932194564        50.109337190832392     
   1.3749999999999927        3.4446441768909236E-002  0.15404293447974696       0.18737771709875575       0.51730395982706878        76.671093676432164        50.185218614453611     
   1.3799999999999926        3.4046538459255864E-002  0.15212349339694242       0.18852469754036805       0.51736991496949902        77.815108926256457        50.262994260590077     
   1.3849999999999925        3.3652316666088818E-002  0.15022944474810379       0.18967629974446668       0.51746299380587513        78.967182139974227        50.339405969532237     
   1.3899999999999924        3.3263646130520241E-002  0.14836028691491884       0.19083246136684939       0.51758114105264996        80.130336293598049        50.413564645905595     
   1.3949999999999922        3.2880400528755571E-002  0.14651553274558124       0.19199317093365720       0.51772222777824950        81.311102041711990        50.492394875652650     
   1.3999999999999921        3.2502457334893896E-002  0.14469470905987203       0.19315847099967656       0.51788405345797750        82.497546390565461        50.566867862251499     
   1.4049999999999920        3.2129697688753692E-002  0.14289735617135871       0.19432846081138799       0.51806434825002690        83.699290333853938        50.643719744579641     
   1.4099999999999919        3.1762006268529173E-002  0.14112302742610849       0.19550329868914187       0.51826077547649463        84.897218546505442        50.715662178524518     
   1.4149999999999918        3.1399271168117214E-002  0.13937128875748220       0.19668320378602216       0.51847093434450664        86.133737445124908        50.792043848966827     
   1.4199999999999917        3.1041383778937556E-002  0.13764171825645635       0.19786845735959063       0.51869236289534548        87.370969130559544        50.866685758076599     
   1.4249999999999916        3.0688238676096304E-002  0.13593390575705069       0.19905940359280544       0.51892254117219283        88.619163199763221        50.941143112778100     
   1.4299999999999915        3.0339733508740460E-002  0.13424745243639130       0.20025644959160960       0.51915889465204124        89.880800831794815        51.014467042630834     
   1.4349999999999914        2.9995768894447432E-002  0.13258197042893866       0.20146006497321275       0.51939879790243559        91.154773200018127        51.088546020705813     
   1.4399999999999913        2.9656248317526234E-002  0.13093708245450417       0.20267078052375065       0.51963957851569198        92.440612757746592        51.162727051489782     
   1.4449999999999912        2.9321078031073842E-002  0.12931242145957417       0.20388918630180475       0.51987852127006617        93.748114568677494        51.240509394020393     
   1.4499999999999911        2.8990166962674750E-002  0.12770763027158460       0.20511592881555668       0.52011287258499961        95.051419814806238        51.306068393319642     
   1.4549999999999910        2.8663426623613063E-002  0.12612236126575022       0.20635170741855041       0.52033984521699894        96.374548303105698        51.378173050922079     
   1.4599999999999909        2.8340771021467218E-002  0.12455627604401358       0.20759726980585427       0.52055662324740826        97.715273517730878        51.451507637387728     
   1.4649999999999908        2.8022116575984295E-002  0.12300904512580237       0.20885340660185339       0.52076036734495490        99.062173112047560        51.521000581547909     
   1.4699999999999906        2.7707382038118292E-002  0.12148034765021493       0.21012094489386349       0.52094822030755372        100.42791602479768        51.591787591692921     
   1.4749999999999905        2.7396488412113153E-002  0.11996987108923028       0.21140074083017268       0.52111731289940322        101.80704606809408        51.661874670630120     
   1.4799999999999904        2.7089358880545481E-002  0.11847731097168773       0.21269367108835635       0.52126476997782289        103.19533988406491        51.730484376076056     
   1.4849999999999903        2.6785918732211266E-002  0.11700237061762851       0.21400062323858066       0.52138771692240216        104.59803300501758        51.800063729238822     
   1.4899999999999902        2.6486095292769716E-002  0.11554476088272068       0.21532248499811094       0.52148328637258656        106.00549396588642        51.863332842856515     
   1.4949999999999901        2.6189817858033679E-002  0.11410419991237286       0.21666013229737613       0.52154862526678059        107.45699394665000        51.942332241838095     
   1.4999999999999900        2.5897017629845150E-002  0.11268041290536158       0.21801441613870473       0.52158090220660558        108.89320189699890        52.003582953484383     
   1.5049999999999899        2.5607627654414065E-002  0.11127313188650617       0.21938614822272984       0.52157731511772931        110.35407973177283        52.071637179757026     
   1.5099999999999898        2.5321582763063580E-002  0.10988209548823311       0.22077608542819371       0.52153509928059982        111.82784993955042        52.137764384461526     
   1.5149999999999897        2.5038819515281831E-002  0.10850704874065142       0.22218491302731594       0.52145153563108948        113.31605430103592        52.203313299598101     
   1.5199999999999896        2.4759276144016691E-002  0.10714774286993162       0.22361322669269759       0.52132395944383769        114.81762186363814        52.269006303616933     
   1.5249999999999895        2.4482892503115673E-002  0.10580393510462126       0.22506151343645761       0.52114976932795165        116.33625069720085        52.334009411360604     
   1.5299999999999894        2.4209610016853195E-002  0.10447538848970266       0.22653013137158629       0.52092643657738547        117.86872037659305        52.398469918642355     
   1.5349999999999893        2.3939371631473964E-002  0.10316187170813242       0.22801928852125644       0.52065151484919370        119.42119236015768        52.459969304083295     
   1.5399999999999892        2.3672121768671436E-002  0.10186315890955877       0.22952902071508779       0.52032265022404101        120.98082843908369        52.526312610657108     
   1.5449999999999890        2.3407806280937991E-002  0.10057902954598977       0.23105916874854046       0.51993759159540731        122.55933885333297        52.588365620423460     
   1.5499999999999889        2.3146372408722801E-002   9.9309268214167815E-002  0.23260935496830307       0.51949420142458391        124.15028990693300        52.650078656538156     
   1.5549999999999888        2.2887768739335974E-002   9.8053664504434049E-002  0.23417895949751327       0.51899046686960781        125.75981683840594        52.710992661199207     
   1.5599999999999887        2.2631945167532332E-002   9.6812012855817128E-002  0.23576709639817625       0.51842451126712608        127.39250654350630        52.771263707195139     
   1.5649999999999886        2.2378852857709700E-002   9.5584112417108472E-002  0.23737259015684437       0.51779460599928706        129.02517511540762        52.832976067818791     
   1.5699999999999885        2.2128444207681227E-002   9.4369766913771622E-002  0.23899395278573501       0.51709918271942945        130.68049955651972        52.891962812140740     
   1.5749999999999884        2.1880672813939121E-002   9.3168784520357179E-002  0.24062936212475217       0.51633684596531604        132.35324373693254        52.951155583166923     
   1.5799999999999883        2.1635493438381979E-002   9.1980977738339187E-002  0.24227664179436995       0.51550638616079991        134.04057753490144        53.009177327222773     
   1.5849999999999882        2.1392861976427802E-002   9.0806163279044505E-002  0.24393324360977642       0.51460679298792600        135.74938525975514        53.068840023532985     
   1.5899999999999881        2.1152735426477921E-002   8.9644161951565271E-002  0.24559623313562093       0.51363726915447772        137.46919507069964        53.124921191865468     
   1.5949999999999880        2.0915071860663083E-002   8.8494798555367626E-002  0.24726227915073706       0.51259724455439359        139.20683302501018        53.181676463441214     
   1.5999999999999879        2.0679830396852956E-002   8.7357901777537675E-002  0.24892764839491677       0.51148639080531699        140.96409957920807        53.238831101732146     
   1.6049999999999878        2.0446971171830856E-002   8.6233304094267133E-002  0.25058820626033596       0.51030463622312017        142.73785477678248        53.293758799488607     
   1.6099999999999877        2.0216455315651943E-002   8.5120841676666198E-002  0.25223942524515275       0.50905218114441175        144.52592156375320        53.349602271448617     
   1.6149999999999876        1.9988244927062065E-002   8.4020354300397920E-002  0.25387640223688512       0.50772951369929364        146.33097555345225        53.404148642080244     
   1.6199999999999875        1.9762303050014206E-002   8.2931685259304319E-002  0.25549388632333248       0.50633742592319553        148.15690922853432        53.458370874327194     
   1.6249999999999873        1.9538593651165025E-002   8.1854681282539490E-002  0.25708631908977481       0.50487703036107801        149.99829132299254        53.511482883185863     
   1.6299999999999872        1.9317081598363831E-002   8.0789192455270720E-002  0.25864788903744318       0.50334977701350581        151.85415703904002        53.562673911962925     
   1.6349999999999871        1.9097732640055608E-002   7.9735072142631896E-002  0.26017260218920352       0.50175747070085608        153.73306366253146        53.615516530688048     
   1.6399999999999870        1.8880513385578959E-002   7.8692176916854206E-002  0.26165437109631984       0.50010228886473962        155.62800072909187        53.666948956179176     
   1.6449999999999869        1.8665391286314715E-002   7.7660366487400920E-002  0.26308712414230701       0.49838679976600869        157.54432161073115        53.719413784279283     
   1.6499999999999868        1.8452334617632706E-002   7.6639503633895142E-002  0.26446493724804682       0.49661398107086702        159.47919207964392        53.769471252599018     
   1.6549999999999867        1.8241312461624280E-002   7.5629454141795574E-002  0.26578219000335562       0.49478723890512866        161.43002089552357        53.817507641728092     
   1.6599999999999866        1.8032294690551752E-002   7.4630086740541834E-002  0.26703374744035802       0.49291042725913847        163.38275038344554        53.857595216056374     
   1.6649999999999865        1.7825251951013320E-002   7.3641273044175545E-002  0.26821516913907162       0.49098786786107101        165.38457141456124        53.916207210012743     
   1.6699999999999864        1.7620155648752519E-002   7.2662887494143569E-002  0.26932294544308433       0.48902437042107383        167.38770865157321        53.965293119179044     
   1.6749999999999863        1.7416977934107229E-002   7.1694807304278046E-002  0.27035476118854379       0.48702525328915480        169.41082752526674        54.011921271958840     
   1.6799999999999862        1.7215691688045508E-002   7.0736912407736066E-002  0.27130978461199867       0.48499636457480128        171.45494043927437        54.058833712330205     
   1.6849999999999861        1.7016270508761325E-002   6.9789085405804960E-002  0.27218897910936857       0.48294410357807865        173.51699280330635        54.104827279692280     
   1.6899999999999860        1.6818688698799190E-002   6.8851211518443242E-002  0.27299543231717383       0.48087544271943811        175.59972285252113        54.149938838088453     
   1.6949999999999859        1.6622921252664798E-002   6.7923178536400008E-002  0.27373469618222046       0.47879794980338769        177.69909701001274        54.194563095156383     
   1.6999999999999857        1.6428943844912027E-002   6.7004876774874364E-002  0.27441512789770101       0.47671981072787634        179.81750966887944        54.238068026140972     
   1.7049999999999856        1.6236732818653246E-002   6.6096199028509509E-002  0.27504821982969635       0.47464985252920378        181.95639838826358        54.280805583457017     
   1.7099999999999855        1.6046265174466844E-002   6.5197040527625885E-002  0.27564890257319563       0.47259756686351256        184.12007954483022        54.325714892489088     
   1.7149999999999854        1.5857518559691787E-002   6.4307298895660628E-002  0.27623580282899413       0.47057313384079802        186.30651802394516        54.372194544791718     
   1.7199999999999853        1.5670471258050309E-002   6.3426874107582576E-002  0.27683143386813858       0.46858744623274962        188.49942957929073        54.410465211820998     
   1.7249999999999852        1.5485102179598290E-002   6.2555668449294277E-002  0.27746229390002253       0.46665213406225098        190.71818541198937        54.451813887127400     
   1.7299999999999851        1.5301390850950827E-002   6.1693586477818287E-002  0.27815884473699559       0.46477958951982007        192.95628990016095        54.490866992159688     
   1.7349999999999850        1.5119317405780886E-002   6.0840534982272529E-002  0.27895534169174291       0.46298299227932332        195.21611332903620        54.532970668889412     
   1.7399999999999849        1.4938862575539238E-002   5.9996422945434620E-002  0.27988948454852164       0.46127633509760518        197.49679456846462        54.573307324044421     
   1.7449999999999848        1.4760007680393360E-002   5.9161161505904974E-002  0.28100186069669580       0.45967444978797445        199.79517089440279        54.612281092383121     
   1.7499999999999847        1.4582734620339386E-002   5.8334663920689395E-002  0.28233515336866216       0.45819303351878232        202.11634544030173        54.650165951189543     
   1.7549999999999846        1.4407025866479618E-002   5.7516845528196886E-002  0.28393309231514030       0.45684867544327107        204.45510788671709        54.687106312856500     
   1.7599999999999845        1.4232864452428596E-002   5.6707623711505034E-002  0.28583912932461197       0.45565888361109880        206.80951622680567        54.725080710216794     
   1.7649999999999844        1.4060233965833739E-002   5.5906917861865080E-002  0.28809483134930897       0.45464211227096518        209.19781862690726        54.761766922102709     
   1.7699999999999843        1.3889118539979393E-002   5.5114649342333129E-002  0.29073798858613431       0.45381778943707529        211.59926256620741        54.798560803683237     
   1.7749999999999841        1.3719502845461272E-002   5.4330741451492047E-002  0.29380044783489440       0.45320634482119054        214.02105195472953        54.832812593978467     
   1.7799999999999840        1.3551372081901658E-002   5.3555119387163577E-002  0.29730569099335519       0.45282923811794928        216.46429167110239        54.868384673416948     
   1.7849999999999839        1.3384711969691043E-002   5.2787710210076381E-002  0.30126618498480406       0.45270898761862188        218.92531205825276        54.900776128316942     
   1.7899999999999838        1.3219508741729185E-002   5.2028442807394208E-002  0.30568053981462623       0.45286919926384706        221.41109713122324        54.936695294923410     
   1.7949999999999837        1.3055749135159250E-002   5.1277247856107031E-002  0.31053051304500051       0.45333459609953075        223.91779979766824        54.970430341084651     
   1.7999999999999836        1.2893420383055937E-002   5.0534057786141451E-002  0.31577790398861966       0.45413104817560324        226.44158104011819        55.002428661680788     
   1.8049999999999835        1.2732510206076051E-002   4.9798806743253279E-002  0.32136137655424474       0.45528560300304011        228.98813955754099        55.034437398403796     
   1.8099999999999834        1.2573006804028395E-002   4.9071430551547120E-002  0.32719324699212060       0.45682651652938844        231.55419905556883        55.065907223327592     
   1.8149999999999833        1.2414898847368360E-002   4.8351866675667675E-002  0.33315626493528239       0.45878328481995562        234.14325858582879        55.096513728499865     
   1.8199999999999832        1.2258175468588883E-002   4.7640054182575026E-002  0.33910040583253293       0.46118667634046351        236.75506504430459        55.125336677840828     
   1.8249999999999831        1.2102826253496877E-002   4.6935933702882314E-002  0.34483968499454859       0.46406876512997830        239.38485854985163        55.163295877149828     
   1.8299999999999830        1.1948841232373357E-002   4.6239447391770903E-002  0.35014899135354993       0.46746296472727344        242.02401525839900        55.187015449099540     
   1.8349999999999829        1.1796210870977349E-002   4.5550538889353308E-002  0.35476093220832916       0.47140406306050864        244.70305646203991        55.212603425130894     
   1.8399999999999828        1.1644926061413357E-002   4.4869153280580588E-002  0.35836267493651108       0.47592825833273295        247.39285591818657        55.241791559215500     
   1.8449999999999827        1.1494978112837629E-002   4.4195237054625115E-002  0.36059276843450133       0.48107319586584629        250.10450481586619        55.268542476914412     
   1.8499999999999825        1.1346358741985935E-002   4.3528738063694332E-002  0.36103793112903970       0.48687800604607073        252.83577082694424        55.294856039240557     
   1.8549999999999824        1.1199060063532856E-002   4.2869605481336476E-002  0.35922979862261872       0.49338334320568966        255.58946357960818        55.320746606419100     
   1.8599999999999823        1.1053074580260325E-002   4.2217789760180632E-002  0.35464163708439789       0.50063142549187833        258.36608753678081        55.345275060586459     
   1.8649999999999822        1.0908395173040344E-002   4.1573242589148594E-002  0.34668504518605087       0.50866607554196297        261.15725639926728        55.370486937502882     
   1.8699999999999821        1.0765015090615631E-002   4.0935916850106537E-002  0.33470668908414980       0.51753276169808993        263.97152339690422        55.394817541911820     
   1.8749999999999820        1.0622927939187730E-002   4.0305766574009652E-002   0.0000000000000000       0.21830402081297759        266.80975642937807        55.415533542189849     
   1.8799999999999819        1.0482127671799787E-002   3.9682746896524089E-002   0.0000000000000000       0.21875167537609463        269.66313899018473        55.440299818851493     
   1.8849999999999818        1.0342608577515839E-002   3.9066814013143818E-002   0.0000000000000000       0.21919204512755766        272.53615212277265        55.462728328937644     
   1.8899999999999817        1.0204365270396289E-002   3.8457925133839631E-002   0.0000000000000000       0.21962512152687239        275.43075282199163        55.484068893122142     
   1.8949999999999816        1.0067392678277927E-002   3.7856038437281164E-002   0.0000000000000000       0.22005089623296509        278.34430378761436        55.505051021618470     
   1.8999999999999815        9.9316860313432998E-003   3.7261113024606864E-002   0.0000000000000000       0.22046936110012433        281.27842985685947        55.525474143679247     
   1.9049999999999814        9.7972408505035361E-003   3.6673108872845805E-002   0.0000000000000000       0.22088050817404353        284.23604850738712        55.544654576660776     
   1.9099999999999813        9.6640529355854418E-003   3.6091986787988500E-002   0.0000000000000000       0.22128432968796413        287.21457001838644        55.561971321419513     
   1.9149999999999812        9.5321183533313390E-003   3.5517708357749006E-002   0.0000000000000000       0.22168081805893189        290.19997351009494        55.581462841623484     
   1.9199999999999811        9.4014334252261900E-003   3.4950235904099014E-002   0.0000000000000000       0.22206996588414174        293.21432871941647        55.599271257828491     
   1.9249999999999809        9.2719947151513379E-003   3.4389532435588760E-002   0.0000000000000000       0.22245176593738319        296.24640015985779        55.615580856949656     
   1.9299999999999808        9.1437990168782412E-003   3.3835561599523251E-002   0.0000000000000000       0.22282621116557191        299.30002792043939        55.631559636786847     
   1.9349999999999807        9.0168433414126430E-003   3.3288287634046503E-002   0.0000000000000000       0.22319329468538721        302.36823034232771        55.647410346686819     
   1.9399999999999806        8.8911249042028569E-003   3.2747675320208398E-002   0.0000000000000000       0.22355300977997708        305.45750619006157        55.662160002352515     
   1.9449999999999805        8.7666411122247195E-003   3.2213689934067480E-002   0.0000000000000000       0.22390534989576133        308.56110010999851        55.675212172630573     
   1.9499999999999804        8.6433895509497559E-003   3.1686297198872990E-002   0.0000000000000000       0.22425030863930651        311.68847100241658        55.689222479037156     
   1.9549999999999803        8.5213679712266462E-003   3.1165463237448253E-002   0.0000000000000000       0.22458787977430003        314.83487765574080        55.701859415568720     
   1.9599999999999802        8.4005742760761750E-003   3.0651154524787439E-002   0.0000000000000000       0.22491805721857508        317.97587869112340        55.714488724923086     
   1.9649999999999801        8.2810065074288876E-003   3.0143337840983782E-002   0.0000000000000000       0.22524083504123302        321.17228626905688        55.724860120156691     
   1.9699999999999800        8.1626628328184958E-003   2.9641980224545873E-002   0.0000000000000000       0.22555620745982397        324.37130761202201        55.734870001693388     
   1.9749999999999799        8.0455415320455723E-003   2.9147048926160258E-002   0.0000000000000000       0.22586416883760904        327.58956257754306        55.744124714405366     
   1.9799999999999798        7.9296409838365105E-003   2.8658511363000828E-002   0.0000000000000000       0.22616471368088370        330.82058111842559        55.752657214455191     
   1.9849999999999797        7.8149596525221264E-003   2.8176335073674869E-002   0.0000000000000000       0.22645783663637031        334.07211000537126        55.761107608551079     
   1.9899999999999796        7.7014960747455678E-003   2.7700487673845094E-002   0.0000000000000000       0.22674353248867557        337.33851291251739        55.767478147282070     
   1.9949999999999795        7.5892488462237081E-003   2.7230936812616124E-002   0.0000000000000000       0.22702179615781576        340.62310841628050        55.775376277136878     
   1.9999999999999793        7.4782166085997637E-003   2.6767650129820492E-002   0.0000000000000000       0.22729262269678835        343.91959852830132        55.780598328503892     
