   0.0000000000000000       -0.0000000000000000        0.0000000000000000        0.0000000000000000       0.10380028467382306        0.0000000000000000        0.0000000000000000     
   1.0000000000000000E-002  -0.0000000000000000        0.0000000000000000        0.0000000000000000       0.10291999852623190        0.0000000000000000        0.0000000000000000     
   2.0000000000000000E-002  -0.0000000000000000        0.0000000000000000        0.0000000000000000       0.10204090376543214        0.0000000000000000        0.0000000000000000     
   2.9999999999999999E-002  -0.0000000000000000        0.0000000000000000        0.0000000000000000       0.10116300017702175        0.0000000000000000        0.0000000000000000     
   4.0000000000000001E-002  -7.0925094954412871E-031   1.3300926080828531E-028   0.0000000000000000       0.10028628771675166        0.0000000000000000        0.0000000000000000     
   5.0000000000000003E-002  -3.3719007401861963E-030   5.9026474580495854E-028   0.0000000000000000        9.9410766510518181E-002   0.0000000000000000        0.0000000000000000     
   6.0000000000000005E-002  -8.8617148813623703E-029   1.1215331876760191E-027   0.0000000000000000        9.8536436854417611E-002   0.0000000000000000        0.0000000000000000     
   7.0000000000000007E-002  -1.8365243580014793E-028   1.7910050955932880E-027   0.0000000000000000        9.7663299214864274E-002   0.0000000000000000        0.0000000000000000     
   8.0000000000000002E-002  -2.9966923494897579E-028   2.6798536760468203E-027   0.0000000000000000        9.6791354228771387E-002   0.0000000000000000        0.0000000000000000     
   8.9999999999999997E-002  -4.5024295659959061E-028   3.8960562547618640E-027   0.0000000000000000        9.5920602703795849E-002   0.0000000000000000        0.0000000000000000     
   9.9999999999999992E-002  -6.5291594702245446E-028   5.5874835334528989E-027   0.0000000000000000        9.5051045618646801E-002   0.0000000000000000        0.0000000000000000     
  0.10999999999999999       -9.3123380945927248E-028   7.9598404830203076E-027   0.0000000000000000        9.4182684123459662E-002   0.0000000000000000        0.0000000000000000     
  0.11999999999999998       -1.3174705962041027E-027   1.1301631646013747E-026   0.0000000000000000        9.3315519540234357E-002   0.0000000000000000        0.0000000000000000     
  0.12999999999999998       -1.8563571389955417E-027   1.6019175317308733E-026   0.0000000000000000        9.2449553363341708E-002   0.0000000000000000        0.0000000000000000     
  0.13999999999999999       -2.6102416136166906E-027   2.2685908604610922E-026   0.0000000000000000        9.1584787260094974E-002   0.0000000000000000        0.0000000000000000     
  0.14999999999999999       -3.6662754643144207E-027   3.2111956043169146E-026   0.0000000000000000        9.0721223071391299E-002   0.0000000000000000        0.0000000000000000     
  0.16000000000000000       -5.1464497554471797E-027   4.5442387546244531E-026   0.0000000000000000        8.9858862812422322E-002   1.9203576429568546E-032   7.5264064661617042E-032
  0.17000000000000001       -7.2216333282445929E-027   6.4296063579001342E-026   0.0000000000000000        8.8997708673455328E-002   5.8313628678185317E-031   2.2752808616984633E-030
  0.18000000000000002       -1.0131222027239043E-026   9.0961876193039843E-026   0.0000000000000000        8.8137763020687557E-002   2.5728617199921924E-030   9.9905924165769179E-030
  0.19000000000000003       -1.4210649907256919E-026   1.2867613733539455E-025   0.0000000000000000        8.7279028397175426E-002   7.5589745648352936E-030   2.9151919816773933E-029
  0.20000000000000004       -1.9929911819551180E-026   1.8201467939083273E-025   0.0000000000000000        8.6421507523839119E-002   1.8291923298118617E-029   6.9910546779673721E-029
  0.21000000000000005       -2.7947504373446420E-026   2.5744710254155170E-025   0.0000000000000000        8.5565203300547399E-002   3.9478527686752451E-029   1.4922561036564860E-028
  0.22000000000000006       -3.9185952024512572E-026   3.6412020412316872E-025   0.0000000000000000        8.4710118807284032E-002   7.9032860364697950E-029   2.9494982611525414E-028
  0.23000000000000007       -5.4937546977527506E-026   5.1496532322906170E-025   0.0000000000000000        8.3856257305398280E-002   1.4995399198533630E-028   5.5184326403088547E-028
  0.24000000000000007       -7.7012375354150361E-026   7.2826347291431989E-025   0.0000000000000000        8.3003622238944377E-002   2.7318345173147247E-028   9.9074402586909232E-028
  0.25000000000000006       -1.0794551854210034E-025   1.0298574362566390E-024   0.0000000000000000        8.2152217236113670E-002   4.8144986288704125E-028   1.7210680744854941E-027
  0.26000000000000006       -1.5128705410215630E-025   1.4562781447970101E-024   0.0000000000000000        8.1302046110762763E-002   8.2397029954370219E-028   2.9069636011852562E-027
  0.27000000000000007       -2.1200789843361299E-025   2.0591630663265622E-024   0.0000000000000000        8.0453112864044607E-002   1.3723768109130740E-027   4.7899932351742542E-027
  0.28000000000000008       -2.9706770016201015E-025   2.9115003220171281E-024   0.0000000000000000        7.9605421686147246E-002   2.2221956781597101E-027   7.6995703241534470E-027
  0.29000000000000009       -4.1620939891425082E-025   4.1164526445405973E-024   0.0000000000000000        7.8758976958147570E-002   3.5056537091542002E-027   1.2107683178941164E-026
  0.30000000000000010       -5.8307079001520469E-025   5.8198266556585121E-024   0.0000000000000000        7.7913783253987151E-002   5.3921084191175444E-027   1.8638066561682236E-026
  0.31000000000000011       -8.1673938832884875E-025   8.2276928246813184E-024   0.0000000000000000        7.7069845342580337E-002   8.1323958053395024E-027   2.8228915865659613E-026
  0.32000000000000012       -1.1439271228306164E-024   1.1631282895402737E-023   0.0000000000000000        7.6227168190062852E-002   1.2071401377047584E-026   4.2185558069905152E-026
  0.33000000000000013       -1.6020115844981706E-024   1.6442169438519620E-023   0.0000000000000000        7.5385756962194128E-002   1.7695369919662755E-026   6.2332107862925967E-026
  0.34000000000000014       -2.2432886047667795E-024   2.3241972291079782E-023   0.0000000000000000        7.4545617026925970E-002   2.5726817228012971E-026   9.1380921980076089E-026
  0.35000000000000014       -3.1409179021281168E-024   3.2852588405502822E-023   0.0000000000000000        7.3706753957152663E-002   3.7198325633256807E-026   1.3320218863682384E-025
  0.36000000000000015       -4.3972348102422506E-024   4.6435416086403758E-023   0.0000000000000000        7.2869173533660625E-002   5.3588941107675766E-026   1.9334151196522124E-025
  0.37000000000000016       -6.1553681940265307E-024   6.5631539800439176E-023   0.0000000000000000        7.2032881748297514E-002   7.7018801439426363E-026   2.7975259840758917E-025
  0.38000000000000017       -8.6154775680094038E-024   9.2759778647178573E-023   0.0000000000000000        7.1197884807383705E-002   1.1052508433249187E-025   4.0383615436521764E-025
  0.39000000000000018       -1.2057442996503773E-023   1.3109647466118572E-022   0.0000000000000000        7.0364189135393287E-002   1.5844239819994440E-025   5.8176330857849044E-025
  0.40000000000000019       -1.6872567933354487E-023   1.8527074592123497E-022   0.0000000000000000        6.9531801378935984E-002   2.2702827311019859E-025   8.3716769957512323E-025
  0.41000000000000020       -2.3607869120665513E-023   2.6182283956558058E-022   0.0000000000000000        6.8700728411073303E-002   3.2511988484297998E-025   1.2029701161311544E-024
  0.42000000000000021       -3.3027942453352477E-023   3.6999286548956800E-022   0.0000000000000000        6.7870977336012758E-002   4.6546652400329406E-025   1.7269995576284327E-024
  0.43000000000000022       -4.6201367455274799E-023   5.2283493694504554E-022   0.0000000000000000        6.7042555494225040E-002   6.6620479003174586E-025   2.4772091174097465E-024
  0.44000000000000022       -6.4621366071026844E-023   7.3879092791641909E-022   0.0000000000000000        6.6215470468039564E-002   9.5330108461342675E-025   3.5507959234883008E-024
  0.45000000000000023       -9.0374270905291054E-023   1.0439133930265566E-021   0.0000000000000000        6.5389730087781303E-002   1.3639331775832489E-024   5.0868834943661761E-024
  0.46000000000000024       -1.2637471158308595E-022   1.4750053400050391E-021   0.0000000000000000        6.4565342438520162E-002   1.9510270477511154E-024   7.2833466408958213E-024
  0.47000000000000025       -1.7669389131627312E-022   2.0840548956931739E-021   0.0000000000000000        6.3742315867518121E-002   2.7907118095824301E-024   1.0424212021953836E-023
  0.48000000000000026       -2.4701772863326077E-022   2.9444987337547004E-021   0.0000000000000000        6.2920658992468570E-002   3.9912394691036658E-024   1.4914980724146289E-023
  0.49000000000000027       -3.4528613650679849E-022   4.1600681707924369E-021   0.0000000000000000        6.2100380710641008E-002   5.7076188121886268E-024   2.1332585930167780E-023
  0.50000000000000022       -4.8258491034754741E-022   5.8772825383550296E-021   0.0000000000000000        6.1281490209056995E-002   8.1610495247385890E-024   3.0501559516265426E-023
  0.51000000000000023       -6.7438983451704656E-022   8.3030931447055540E-021   0.0000000000000000        6.0463996975846417E-002   1.1669563252928970E-023   4.3608177395254905E-023
  0.52000000000000024       -9.4230180632876424E-022   1.1729800571875074E-020   0.0000000000000000        5.9647910812954438E-002   1.6683676404450467E-023   6.2327432032200066E-023
  0.53000000000000025       -1.3164663456338773E-021   1.6570242635380075E-020   0.0000000000000000        5.8833241850392771E-002   2.3850467921057398E-023   8.9065609702672298E-023
  0.54000000000000026       -1.8389468262105813E-021   2.3407485129309397E-020   0.0000000000000000        5.8020000562263335E-002   3.4092747706281263E-023   1.2725080943044609E-022
  0.55000000000000027       -2.5684264999855527E-021   3.3064990797802302E-020   0.0000000000000000        5.7208197784811288E-002   4.8733129506188730E-023   1.8179085263211545E-022
  0.56000000000000028       -3.5867615159790522E-021   4.6705703165226556E-020   0.0000000000000000        5.6397844736805411E-002   6.9660269637472634E-023   2.5968381095025006E-022
  0.57000000000000028       -5.0081118206934948E-021   6.5971956424760660E-020   0.0000000000000000        5.5588953042587014E-002   9.9562861673666073E-023   3.7089546315760982E-022
  0.58000000000000029       -6.9916615088700926E-021   9.3183027624521467E-020   0.0000000000000000        5.4781534758178950E-002   1.4231012270496873E-022   5.2971937064470492E-022
  0.59000000000000030       -9.7593360377460078E-021   1.3161407160227421E-019   0.0000000000000000        5.3975602400900345E-002   2.0335190777713779E-022   7.5632105775315005E-022
  0.60000000000000031       -1.3620473985593999E-020   1.8588995338107198E-019   0.0000000000000000        5.3171168982999971E-002   2.9057815044051856E-022   1.0797965591374470E-021
  0.61000000000000032       -1.9006175760745718E-020   2.6254128968257874E-019   0.0000000000000000        5.2368248049888204E-002   4.1520206672882099E-022   1.5414756570859300E-021
  0.62000000000000033       -2.6517114133063723E-020   3.7078948574034479E-019   0.0000000000000000        5.1566853723632212E-002   5.9330592471127565E-022   2.2005605370084529E-021
  0.63000000000000034       -3.6990067159549577E-020   5.2365504110760337E-019   0.0000000000000000        5.0767000752463556E-002   8.4764494747430370E-022   3.1407553830023726E-021
  0.64000000000000035       -5.1590483114851865E-020   7.3952219425985478E-019   0.0000000000000000        4.9968704567150336E-002   1.2110177852851312E-021   4.4825112639150823E-021
  0.65000000000000036       -7.1941231282368971E-020   1.0443477308847885E-018   0.0000000000000000        4.9171981345190449E-002   1.7300641599458042E-021   6.3969067697831690E-021
  0.66000000000000036       -1.0030163924547929E-019   1.4747790566552438E-018   0.0000000000000000        4.8376848083905341E-002   2.4746301641327984E-021   9.1386896254093666E-021
  0.67000000000000037       -1.3981639219142025E-019   2.0825556904703787E-018   0.0000000000000000        4.7583322683636471E-002   3.5306193224652478E-021   1.3025616292258323E-020
  0.68000000000000038       -1.9486146169592278E-019   2.9407222313508436E-018   0.0000000000000000        4.6791424042387779E-002   5.0432764394915977E-021   1.8584864405169379E-020
  0.69000000000000039       -2.7152475534848244E-019   4.1523980205828160E-018   0.0000000000000000        4.6001172163396997E-002   7.2036372692037522E-021   2.6514878786141328E-020
  0.70000000000000040       -3.7827376121454596E-019   5.8631551593540222E-018   0.0000000000000000        4.5212588277268241E-002   1.0288860446370424E-020   3.7825713990406858E-020
  0.71000000000000041       -5.2688265996190844E-019   8.2784889272482755E-018   0.0000000000000000        4.4425694980445136E-002   1.4696645073925568E-020   5.3964100583990466E-020
  0.72000000000000042       -7.3371934410414340E-019   1.1688474714047615E-017   0.0000000000000000        4.3640516391948873E-002   2.0985664417560242E-020   7.6962689510338864E-020
  0.73000000000000043       -1.0215314890998212E-018   1.6502566300290046E-017   0.0000000000000000        4.2857078330434499E-002   2.9964496131573208E-020   1.0975322432135860E-019
  0.74000000000000044       -1.4219243648456919E-018   2.3298704626057288E-017   0.0000000000000000        4.2075408513732863E-002   4.2806382054236665E-020   1.5658578328318518E-019
  0.75000000000000044       -1.9787971130654284E-018   3.2892619233103805E-017   0.0000000000000000        4.1295536783119459E-002   6.1121285741384745E-020   2.2329599686182651E-019
  0.76000000000000045       -2.7531065406411685E-018   4.6435621067013546E-017   0.0000000000000000        4.0517495354584272E-002   8.7271828373877061E-020   3.1841926864526653E-019
  0.77000000000000046       -3.8294688282311840E-018   6.5552593965543141E-017   0.0000000000000000        3.9741319099335301E-002   1.2463635770210156E-019   4.5411823124286503E-019
  0.78000000000000047       -5.3253047087420193E-018   9.2536699999290850E-017   0.0000000000000000        3.8967045855644138E-002   1.7797540735576630E-019   6.4758250510441972E-019
  0.79000000000000048       -7.4035029656404692E-018   1.3062409481908539E-016   0.0000000000000000        3.8194716773896076E-002   2.5411035138187457E-019   9.2332859610012120E-019
  0.80000000000000049       -1.0289948489836236E-017   1.8438151249308312E-016   0.0000000000000000        3.7424376696317221E-002   3.6279697394412814E-019   1.3164098642878434E-018
  0.81000000000000050       -1.4297773013125768E-017   2.6025306575523879E-016   0.0000000000000000        3.6656074572277070E-002   5.1800754686075130E-019   1.8769201781601608E-018
  0.82000000000000051       -1.9860891706564528E-017   3.6733162522436377E-016   0.0000000000000000        3.5889863909273838E-002   7.3953884609300813E-019   2.6757654697117028E-018
  0.83000000000000052       -2.7580359363935742E-017   5.1844695665112495E-016   0.0000000000000000        3.5125803258659133E-002   1.0556261191207824E-018   3.8139164982392769E-018
  0.84000000000000052       -3.8288414900712805E-017   7.3170060328267883E-016   0.0000000000000000        3.4363956733813712E-002   1.5069388425040120E-018   5.4365433160300001E-018
  0.85000000000000053       -5.3136917919700348E-017   1.0326308032333813E-015   0.0000000000000000        3.3604394556814181E-002   2.1514936982684409E-018   7.7502244288837643E-018
  0.86000000000000054       -7.3719401449470791E-017   1.4572658737081977E-015   0.0000000000000000        3.2847193627612105E-002   3.0706205665017659E-018   1.1044791748084871E-017
  0.87000000000000055       -1.0223942378323667E-016   2.0564304144839261E-015   0.0000000000000000        3.2092438107371619E-002   4.3830382285025503E-018   1.5741529102004469E-017
  0.88000000000000056       -1.4174264498533062E-016   2.9018179769387628E-015   0.0000000000000000        3.1340220004908263E-002   6.2557848505676494E-018   2.2433165559605334E-017
  0.89000000000000057       -1.9643655067524319E-016   4.0945542549283228E-015   0.0000000000000000        3.0590639752186330E-002   8.9281195891294987E-018   3.1966829952223776E-017
  0.90000000000000058       -2.7213063752797033E-016   5.7772713724434973E-015   0.0000000000000000        2.9843806751667059E-002   1.2744626708478491E-017   4.5559834527095372E-017
  0.91000000000000059       -3.7684203175564791E-016   8.1511316708069527E-015   0.0000000000000000        2.9099839875106483E-002   1.8190522013513243E-017   6.4922873851017611E-017
  0.92000000000000060       -5.2162811437710666E-016   1.1499828107560011E-014   0.0000000000000000        2.8358867890389446E-002   2.5954942949774267E-017   9.2491590217882208E-017
  0.93000000000000060       -7.2173037471999957E-016   1.6223417773869417E-014   0.0000000000000000        2.7621029790434213E-002   3.7037445631283250E-017   1.3177414955355463E-016
  0.94000000000000061       -9.9814456897234898E-016   2.2886013396970473E-014   0.0000000000000000        2.6886474996441926E-002   5.2846513212735671E-017   1.8771869755280734E-016
  0.95000000000000062       -1.3797742423122323E-015   3.2283003373512649E-014   0.0000000000000000        2.6155363407188433E-002   7.5404027010406512E-017   2.6741298843277807E-016
  0.96000000000000063       -1.9063817117328526E-015   4.5535788623639020E-014   0.0000000000000000        2.5427865267062342E-002   1.0757193963554160E-016   3.8087189966793587E-016
  0.97000000000000064       -2.6326279832857421E-015   6.4225288445094947E-014   0.0000000000000000        2.4704160828546071E-002   1.5350225571167781E-016   5.4259141337744905E-016
  0.98000000000000065       -3.6335978699964305E-015   9.0580063263739461E-014   0.0000000000000000        2.3984439790135224E-002   2.1899259197435253E-016   7.7280231400054817E-016
  0.99000000000000066       -5.0123482446866422E-015   1.2774137236643260E-013   0.0000000000000000        2.3268900498503688E-002   3.1241313376073054E-016   1.1006299161343920E-015
   1.0000000000000007       -6.9102085088108689E-015   1.8013659273460852E-013   0.0000000000000000        2.2557748914048385E-002   4.4563133671755802E-016   1.5673390427534406E-015
   1.0100000000000007       -9.5208197184843623E-015   2.5400524467822188E-013   0.0000000000000000        2.1851197351536348E-002   6.3566836878533479E-016   2.2319301232899424E-015
   1.0200000000000007       -1.3109244515216533E-014   3.5813991105390565E-013   0.0000000000000000        2.1149463021873701E-002   9.0675727787686337E-016   3.1783436562968846E-015
   1.0300000000000007       -1.8037943206643010E-014   5.0492972252206738E-013   0.0000000000000000        2.0452766416141976E-002   1.2933016561930453E-015   4.5254969947586397E-015
   1.0400000000000007       -2.4802030218807501E-014   7.1182979620498975E-013   0.0000000000000000        1.9761329587845964E-002   1.8443406148738937E-015   6.4426672185590958E-015
   1.0500000000000007       -3.4077049441910873E-014   1.0034302543180486E-012   0.0000000000000000        1.9075374402413480E-002   2.6302448323538428E-015   9.1721604491440238E-015
   1.0600000000000007       -4.6783601083772307E-014   1.4143691080970267E-012   0.0000000000000000        1.8395120832941668E-002   3.7508338047826818E-015   1.3057069975614384E-014
   1.0700000000000007       -6.4174599157688061E-014   1.9934326534366994E-012   0.0000000000000000        1.7720785386658725E-002   5.3483474019451471E-015   1.8585961053053573E-014
   1.0800000000000007       -8.7952842724243516E-014   2.8093267230241780E-012   0.0000000000000000        1.7052579746516472E-002   7.6259858809443784E-015   2.6454875071112819E-014
   1.0900000000000007       -1.2042907751140601E-013   3.9587985156420334E-012   0.0000000000000000        1.6390709706186151E-002   1.0873226934471145E-014   3.7653176364449603E-014
   1.1000000000000008       -1.6473397107029608E-013   5.5780647201555328E-012   0.0000000000000000        1.5735374464538352E-002   1.5499635953713933E-014   5.3580975858907549E-014
   1.1100000000000008       -2.2510162290891591E-013   7.8588894772981440E-012   0.0000000000000000        1.5086766328160117E-002   2.2096008817861696E-014   7.6248892199463556E-014
   1.1200000000000008       -3.0724761655835166E-013   1.1071200579493663E-011   0.0000000000000000        1.4445070848926090E-002   3.1498735845777004E-014   1.0850322523800535E-013
   1.1300000000000008       -4.1887146248921116E-013   1.5594897623911415E-011   0.0000000000000000        1.3810467399911253E-002   4.4894723239765715E-014   1.5437503733317011E-013
   1.1400000000000008       -5.7032187069563695E-013   2.1964580582891555E-011   0.0000000000000000        1.3183130169078934E-002   6.3985345591509906E-014   2.1963005729075656E-013
   1.1500000000000008       -7.7547391702197029E-013   3.0932436228736869E-011   0.0000000000000000        1.2563229528268093E-002   9.1151644630316539E-014   3.1237607679131746E-013
   1.1600000000000008       -1.0528800600144544E-012   4.3556638026794048E-011   0.0000000000000000        1.1950933716843895E-002   1.2995967781613208E-013   4.4452246206825475E-013
   1.1700000000000008       -1.4272722099812763E-012   6.1325587796314253E-011   0.0000000000000000        1.1346410766290522E-002   1.8512433846560056E-013   6.3200622409031437E-013
   1.1800000000000008       -1.9315094292023172E-012   8.6332498455356525E-011   0.0000000000000000        1.0749830584736499E-002   2.6369978774367730E-013   8.9876239384790404E-013
   1.1900000000000008       -2.6090845674457761E-012   1.2152066832959953E-010   0.0000000000000000        1.0161367118983682E-002   3.7572149338653373E-013   1.2782598289071674E-012
   1.2000000000000008       -3.5173214414226627E-012   1.7102800388754957E-010   0.0000000000000000        9.5812005155525813E-003   5.3524807330878871E-013   1.8177484785572900E-012
   1.2100000000000009       -4.7314086318010911E-012   2.4067085505333013E-010   0.0000000000000000        9.0095192105942180E-003   7.6233111129870836E-013   2.5843403296739982E-012
   1.2200000000000009       -6.3494204871301328E-012   3.3862336001287495E-010   0.0000000000000000        8.4465218900037376E-003   1.0855278386479703E-012   3.6735252286753118E-012
   1.2300000000000009       -8.4984600800417581E-012   4.7637110961810701E-010   0.0000000000000000        7.8924192743636094E-003   1.5460607897037865E-012   5.2226002103030686E-012
   1.2400000000000009       -1.1342005480976824E-011   6.7004963234992922E-010   0.0000000000000000        7.3474356971569331E-003   2.2012610628195866E-012   7.4227998619176186E-012
   1.2500000000000009       -1.5088422109756091E-011   9.4232260517394267E-010   0.0000000000000000        6.8118104579342033E-003   3.1332663966128008E-012   1.0547176035354449E-011
   1.2600000000000009       -2.0000376240639690E-011   1.3250169020501201E-009   0.0000000000000000        6.2857989439519943E-003   4.4603937110563928E-012   1.4988155724164382E-011
   1.2700000000000009       -2.6404479468249488E-011   1.8628187198111949E-009   0.0000000000000000        5.7696735236862527E-003   6.3478258686358893E-012   2.1292908619857877E-011
   1.2800000000000009       -3.4699805276994745E-011   2.6184570277944262E-009   0.0000000000000000        5.2637242232836928E-003   9.0370336580527119E-012   3.0259759322460862E-011
   1.2900000000000009       -4.5362784867908017E-011   3.6799713923690331E-009   0.0000000000000000        4.7682592024188815E-003   1.2859837894087644E-011   4.2984823707669986E-011
   1.3000000000000009       -5.8944164224844343E-011   5.1709002772332707E-009   0.0000000000000000        4.2836050493166439E-003   1.8295457372001913E-011   6.1048327005093386E-011
   1.3100000000000009       -7.6050817271292117E-011   7.2645603655718484E-009   0.0000000000000000        3.8101069161456209E-003   2.6028061149200830E-011   8.6698534390829490E-011
   1.3200000000000010       -9.7300705015456570E-011   1.0204055165792431E-008   0.0000000000000000        3.3481285159220821E-003   3.7021467789128991E-011   1.2310584129681525E-010
   1.3300000000000010       -1.2323231881288298E-010   1.4330304934589232E-008   0.0000000000000000        2.8980520008337826E-003   5.2643401052332852E-011   1.7475676133033710E-010
   1.3400000000000010       -1.5413931675907725E-010   2.0121303269748170E-008   0.0000000000000000        2.4602777398412970E-003   7.4864477168408008E-011   2.4809749145534533E-010
   1.3500000000000010       -1.8978493696360389E-010   2.8247080787153439E-008   0.0000000000000000        2.0352240108375890E-003   1.0643939850218013E-010   3.5213766054391267E-010
   1.3600000000000010       -2.2892647226956393E-010   3.9646635040170475E-008   0.0000000000000000        1.6233266197998918E-003   1.5134145481923964E-010   4.9984353300087365E-010
   1.3700000000000010       -2.6854368972465311E-010   5.5635565134469041E-008   0.0000000000000000        1.2250384564459818E-003   2.1502101232018772E-010   7.0898930316501505E-010
   1.3800000000000010       -3.0261083206862194E-010   7.8056602009215025E-008   0.0000000000000000        8.4082899306108785E-004   3.0552272556475543E-010   1.0057351702690898E-009
   1.3900000000000010       -3.2017137935990757E-010   1.0949002819260279E-007   0.0000000000000000        4.7118373048856142E-004   4.3400877425945085E-010   1.4263650300686888E-009
   1.4000000000000010       -3.0235592022675890E-010   1.5354765468951384E-007   0.0000000000000000        1.1660359284241174E-004   6.1654517839720453E-010   2.0229448317947506E-009
   1.4100000000000010       -2.1780867839018900E-010   2.1528328530678317E-007   0.0000000000000000        0.0000000000000000        8.7442378570762341E-010   2.8648426500260180E-009
   1.4200000000000010       -1.5732039513004654E-011   3.0176543791359179E-007   0.0000000000000000        0.0000000000000000        1.2429622131588790E-009   4.0653354040933824E-009
   1.4300000000000010        3.8461577145282429E-010   4.2287586456092625E-007   0.0000000000000000        0.0000000000000000        1.7645926078114663E-009   5.7622927785326427E-009
   1.4400000000000011        1.1096794286570915E-009   5.9242197768033626E-007   0.0000000000000000        0.0000000000000000        2.5040752731692624E-009   8.1644371499944586E-009
   1.4500000000000011        2.3551216193731292E-009   8.2968519101913123E-007   0.0000000000000000        0.0000000000000000        3.5532852421790855E-009   1.1567495582978563E-008
   1.4600000000000011        4.4207377469145835E-009   1.1615738909215475E-006   0.0000000000000000        0.0000000000000000        5.0384584486891312E-009   1.6378327681184936E-008
   1.4700000000000011        7.7620618775802772E-009   1.6256139849479261E-006   0.0000000000000000        0.0000000000000000        7.1471654764107405E-009   2.3197507758010945E-008
   1.4800000000000011        1.3066324901484346E-008   2.2740981273573760E-006   0.0000000000000000        0.0000000000000000        1.0132775313540545E-008   3.2839839730400633E-008
   1.4900000000000011        2.1363820206856911E-008   3.1798354309768162E-006   0.0000000000000000        0.0000000000000000        1.4356072922950849E-008   4.6462922407736249E-008
   1.5000000000000011        3.4190578437756900E-008   4.4441083465116019E-006   0.0000000000000000        0.0000000000000000        2.0348990186517988E-008   6.5761552442029947E-008
   1.5100000000000011        5.3825147301714345E-008   6.2076679243543579E-006   0.0000000000000000        0.0000000000000000        2.8823462410710680E-008   9.3019754233017655E-008
   1.5200000000000011        8.3632042522442587E-008   8.6659034288999400E-006   0.0000000000000000        0.0000000000000000        4.0817359333739848E-008   1.3154655818052241E-007
   1.5300000000000011        1.2855822276449664E-007   1.2089734274994657E-005   0.0000000000000000        0.0000000000000000        5.7783788865595650E-008   1.8597671490304739E-007
   1.5400000000000011        1.9584830439714390E-007   1.6854326623424591E-005   0.0000000000000000        0.0000000000000000        8.1752663673211780E-008   2.6278473490206436E-007
   1.5500000000000012        2.9607128226317935E-007   2.3478478696728254E-005   0.0000000000000000        0.0000000000000000        1.1564404191056699E-007   3.7125552776032084E-007
   1.5600000000000012        4.4458908188745621E-007   3.2678504487153002E-005   0.0000000000000000        0.0000000000000000        1.6360189184456640E-007   5.2453873686205892E-007
   1.5700000000000012        6.6364904983839917E-007   4.5441744212903686E-005   0.0000000000000000        0.0000000000000000        2.3117039249438911E-007   7.4030552502020773E-007
   1.5800000000000012        9.8535327970985189E-007   6.3126523199461611E-005   0.0000000000000000        0.0000000000000000        3.2652613466448941E-007   1.0444925399778138E-006
   1.5900000000000012        1.4558534780086037E-006   8.7597559603293156E-005   0.0000000000000000        0.0000000000000000        4.6116771688356523E-007   1.4735325306530402E-006
   1.6000000000000012        2.1412481498404117E-006   1.2140857712158681E-004   0.0000000000000000        0.0000000000000000        6.5093469639955969E-007   2.0776255553109732E-006
   1.6100000000000012        3.1358274956881643E-006   1.6804728637890128E-004   0.0000000000000000        0.0000000000000000        9.1827199309002627E-007   2.9278468562531708E-006
   1.6200000000000012        4.5735291121338736E-006   2.3226198391402357E-004   0.0000000000000000        0.0000000000000000        1.2947416749358815E-006   4.1241922412811205E-006
   1.6300000000000012        6.6437416284301295E-006   3.2049370261742928E-004   0.0000000000000000        0.0000000000000000        1.8245148181896244E-006   5.8062082024646631E-006
   1.6400000000000012        9.6129267151703988E-006   4.4144286258191660E-004   0.0000000000000000        0.0000000000000000        2.5689983376761937E-006   8.1684641473570679E-006
   1.6500000000000012        1.3853915899174436E-005   6.0680412403357319E-004   0.0000000000000000        0.0000000000000000        3.6150513187470781E-006   1.1485402961487252E-005
   1.6600000000000013        1.9885152994413471E-005   8.3220653486565735E-004   0.0000000000000000        0.0000000000000000        5.0729178010355371E-006   1.6108519766459418E-005
   1.6700000000000013        2.8422541518502538E-005   1.1383962551010174E-003   0.0000000000000000        0.0000000000000000        7.1437046811299495E-006   2.2662482817572605E-005
   1.6800000000000013        4.0446818904120633E-005   1.5526932989521961E-003   0.0000000000000000        0.0000000000000000        1.0024801620580954E-005   3.1785550483262348E-005
   1.6900000000000013        5.7289350393082489E-005   2.1107378550804185E-003   0.0000000000000000        0.0000000000000000        1.4058270823324556E-005   4.4551690651749415E-005
   1.7000000000000013        8.0738668658389981E-005   2.8585106987947776E-003   0.0000000000000000        0.0000000000000000        1.9691547134672954E-005   6.2377734714339487E-005
   1.7100000000000013        1.1316864971598054E-004   3.8545603396366954E-003   0.0000000000000000        0.0000000000000000        2.7544927050338536E-005   8.7230689854707528E-005
   1.7200000000000013        1.5768652682420444E-004   5.1722922190010380E-003   0.0000000000000000        1.1588276104563103E-004   3.8473484475839054E-005   1.2182218894842518E-004
   1.7300000000000013        2.1829465369509841E-004   6.9020718127965090E-003   0.0000000000000000        5.6666560473574493E-004   5.3643418710190605E-005   1.6985669786686282E-004
   1.7400000000000013        3.0005390396882877E-004   9.1527716724233987E-003   0.0000000000000000        1.0479081213983666E-003   7.4707050807518296E-005   2.3657600271079497E-004
   1.7500000000000013        4.0922919344295821E-004   1.2052273762680569E-002   0.0000000000000000        1.5593803387520138E-003   1.0380594155159132E-004   3.2882652013698762E-004
   1.7600000000000013        5.5339000335393330E-004   1.5746361981721076E-002   0.0000000000000000        2.1007534165301098E-003   1.4392215515180798E-004   4.5613391390926132E-004
   1.7700000000000014        7.4143316105909705E-004   2.0395460091726492E-002   0.0000000000000000        2.6715927393559597E-003   1.9891182333176493E-004   6.3093031098989197E-004
   1.7800000000000014        9.8349457045030322E-004   2.6168844613237510E-002   0.0000000000000000        3.2713509196813412E-003   2.7414540682541987E-004   8.7049971937535643E-004
   1.7900000000000014        1.2907242385890754E-003   3.3236323555705612E-002   0.0000000000000000        3.8993607520587249E-003   3.7660585063901795E-004   1.1974729076651282E-003
   1.8000000000000014        1.6749165650857983E-003   4.1757894274397626E-002   0.0000000000000000        4.5548281662291020E-003   5.1527581837485686E-004   1.6412738577451795E-003
   1.8100000000000014        2.1480139972292413E-003   5.1872467485298918E-002   0.0000000000000000        5.2368252331793713E-003   7.0217970517682713E-004   2.2413485976049809E-003
   1.8200000000000014        2.7215311156115118E-003   6.3687186151897640E-002   0.0000000000000000        5.9442832854600869E-003   9.5210174111376661E-004   3.0469302424400314E-003
   1.8300000000000014        3.4059689579939182E-003   7.7268981676059820E-002   0.0000000000000000        6.6759862206420013E-003   1.2830816152321594E-003   4.1195611018542307E-003
   1.8400000000000014        4.2102967565578317E-003   9.2639683045968868E-002   0.0000000000000000        7.4305640648174159E-003   1.7204343925307630E-003   5.5437854136199064E-003
   1.8500000000000014        5.1415653973925944E-003  0.10977527693676646        0.0000000000000000        8.2064868814915419E-003   2.2905921905264017E-003   7.4130259578672111E-003
   1.8600000000000014        6.2046863374515928E-003  0.12860902335838892        0.0000000000000000        9.0020591200249290E-003   3.0275690700674921E-003   9.8477248939855214E-003
   1.8700000000000014        7.4023709081436923E-003  0.14903735419655517        0.0000000000000000        9.8154145069324801E-003   3.9706925865804679E-003   1.2989406147452970E-002
   1.8800000000000014        8.7351902697151568E-003  0.17092705620862855        0.0000000000000000        1.0644511592753481E-002   5.1651833721239587E-003   1.7006873637451264E-002
   1.8900000000000015        1.0201695663583006E-002  0.19412224684870746        0.0000000000000000        1.1487130076803584E-002   6.6606619440565161E-003   2.2090235141818314E-002
   1.9000000000000015        1.1798535843153551E-002  0.21845000817883348        0.0000000000000000        1.2340868041803373E-002   8.5131015041060489E-003   2.8459553497525086E-002
   1.9100000000000015        1.3520521072433468E-002  0.24372407336100349        0.0000000000000000        1.3203140240035965E-002   1.0780228452197952E-002   3.6356094984992919E-002
   1.9200000000000015        1.5360604409260251E-002  0.26974648126910855        0.0000000000000000        1.4071177582173458E-002   1.3537624220887294E-002   4.6071564865416775E-002
   1.9300000000000015        1.7309774125193564E-002  0.29630750851127013        0.0000000000000000        1.4942027989066957E-002   1.6844948637286861E-002   5.7884974694597850E-002
   1.9400000000000015        1.9356870899926732E-002  0.32318441385522795        0.0000000000000000        1.5812558775423705E-002   2.0785299821472997E-002   7.2140533572105217E-002
   1.9500000000000015        2.1488357383185011E-002  0.35013960651692944        0.0000000000000000        1.6679460742177694E-002   2.5443862116330280E-002   8.9199824525302368E-002
   1.9600000000000015        2.3688075600388273E-002  0.37691882407557004        0.0000000000000000        1.7539254161240803E-002   3.0917105310073464E-002  0.10946318601322379     
   1.9700000000000015        2.5937030522046298E-002  0.40324982700147921        0.0000000000000000        1.8388296841917555E-002   3.7302351197254197E-002  0.13334162900985450     
   1.9800000000000015        2.8213237325882545E-002  0.42884202151567574        0.0000000000000000        1.9222794472251684E-002   4.4735230669249837E-002  0.16133962541386609     
   1.9900000000000015        3.0491666671456964E-002  0.45338733074200438        0.0000000000000000        2.0038813430593355E-002   5.3350834164920813E-002  0.19396406711062883     
   2.0000000000000013        3.2744317492489586E-002  0.47656255139646936        0.0000000000000000        2.0832296262332049E-002   6.3338588259992210E-002  0.23184919714197483     
   2.0100000000000011        3.4940440817704380E-002  0.49803335528919362        0.0000000000000000        2.1599080013602626E-002   7.4861031882960255E-002  0.27554496849513899     
   2.0200000000000009        3.7046931116336272E-002  0.51746001264624275        0.0000000000000000        2.2334917607372089E-002   8.8149087451831379E-002  0.32575916359133961     
   2.0300000000000007        3.9028893663053864E-002  0.53450481858007015        0.0000000000000000        2.3035502437147415E-002  0.10344812028882806       0.38321909974725299     
   2.0400000000000005        4.0850387452898936E-002  0.54884108973722268        0.0000000000000000        2.3696496339081788E-002  0.12104416867106146       0.44871094169109355     
   2.0500000000000003        4.2475333364932581E-002  0.56016346675029616        0.0000000000000000        2.4313561083936293E-002  0.14122088468450877       0.52297832735847505     
   2.0600000000000001        4.3868566787761180E-002  0.56819911893884312        0.0000000000000000        2.4882393505604870E-002  0.16436128941863662       0.60701861752570496     
   2.0699999999999998        4.4997003136946857E-002  0.57271931663491493        0.0000000000000000        2.5398764352149269E-002  0.19078269582614260       0.70150833994354500     
   2.0799999999999996        4.5830874114806179E-002  0.57355073254694255        0.0000000000000000        2.5858560907939677E-002  0.22092391194432848       0.80750004555955901     
   2.0899999999999994        4.6344982821669434E-002  0.57058577403183530        0.0000000000000000        2.6257833391004553E-002  0.25519684372185225       0.92581172993512817     
   2.0999999999999992        4.6519917664762538E-002  0.56379124418624849        0.0000000000000000        2.6592845077543177E-002  0.29409142965960144        1.0574161946156095     
   2.1099999999999990        4.6343159230929437E-002  0.55321468380484318        0.0000000000000000        2.6860126045304081E-002  0.33814921947517879        1.2032993120879478     
   2.1199999999999988        4.5810011703120837E-002  0.53898785260103843        0.0000000000000000        2.7056530358826457E-002  0.38794904637871691        1.3643858062643168     
   2.1299999999999986        4.4924291752372794E-002  0.52132695499978665        0.0000000000000000        2.7179296442162926E-002  0.44403688631809990        1.5413867463027711     
   2.1399999999999983        4.3698713720086241E-002  0.50052938953908110        0.0000000000000000        2.7226110298595799E-002  0.50722583240574437        1.7355400822687925     
   2.1499999999999981        4.2154920669738347E-002  0.47696698869062620        0.0000000000000000        2.7195171142189511E-002  0.57803634879999088        1.9469454026806341     
   2.1599999999999979        4.0323126548234674E-002  0.45107590746199666        0.0000000000000000        2.7085258903222300E-002  0.65789181708604694        2.1780188039412263     
   2.1699999999999977        3.8241354856610260E-002  0.42334350650371466        0.0000000000000000        2.6895802959363776E-002  0.74716249263462930        2.4279589562149737     
   2.1799999999999975        3.5954283020579902E-002  0.39429275164953304        0.0000000000000000        2.6626951328058621E-002  0.84726912264617527        2.6984032632083967     
   2.1899999999999973        3.3511727720784507E-002  0.36446480941970627        0.0000000000000000        2.6279639434540571E-002  0.95901463301308987        2.9889439974879184     
   2.1999999999999971        3.0966832986121785E-002  0.33440064817461190        0.0000000000000000        2.5855657446365515E-002   1.0840099674072121        3.3007500225287196     
   2.2099999999999969        2.8374047709423162E-002  0.30462254712745535        0.0000000000000000        2.5357715042048975E-002   1.2237382826507921        3.6341207917538951     
   2.2199999999999966        2.5787000051637206E-002  0.27561645975123539        0.0000000000000000        2.4789502361730529E-002   1.3799851485828694        3.9896804251218185     
   2.2299999999999964        2.3256390615401062E-002  0.24781616496937856        0.0000000000000000        2.4155745775914603E-002   1.5547229277396366        4.3676747276131369     
   2.2399999999999962        2.0828032229172986E-002  0.22159006281580887        0.0000000000000000        2.3462257009210265E-002   1.7501078552032630        4.7681088069954711     
   2.2499999999999960        1.8541160190870595E-002  0.19723132986135189        0.0000000000000000        2.2715974075413207E-002   1.9687442179261800        5.1913187175719013     
   2.2599999999999958        1.6427122210310043E-002  0.17495194873514883        0.0000000000000000        2.1924992424919573E-002   2.2136821226174184        5.6381906017713153     
   2.2699999999999956        1.4508532444379257E-002  0.15488087738235853        0.0000000000000000        2.1098584682872356E-002   2.4879456983791397        6.1079088914987274     
   2.2799999999999954        1.2798940480807345E-002  0.13706634551361954        0.0000000000000000        2.0247207374977851E-002   2.7955550000424076        6.6019662977304314     
   2.2899999999999952        1.1303026577933235E-002  0.12148198124140873        0.0000000000000000        1.9382493106667169E-002   3.1406035412761084        7.1200124156482429     
   2.2999999999999949        1.0017292547576091E-002  0.10803620614999455        0.0000000000000000        1.8517226789844674E-002   3.5275741702809595        7.6620780553806709     
   2.3099999999999947        8.9311776231234246E-003   9.6584117846997553E-002   0.0000000000000000        1.7665304709792939E-002   3.9620685762917751        8.2289836218019303     
   2.3199999999999945        8.0284948531630703E-003   8.6940927849360236E-002   0.0000000000000000        1.6841675502787763E-002   4.4499771940792074        8.8210436687712868     
   2.3299999999999943        7.2890599164321277E-003   7.8895955419163694E-002   0.0000000000000000        1.6062262482022801E-002   4.9979709950664040        9.4384351498655406     
   2.3399999999999941        6.6903736455254581E-003   7.2226201638336693E-002   0.0000000000000000        1.5343867213894502E-002   5.6138069149376140        10.081892807349512     
   2.3499999999999939        6.2092233274996444E-003   6.6708639123038690E-002   0.0000000000000000        1.4704054815130039E-002   6.3059816121321735        10.751680601216332     
   2.3599999999999937        5.8230855423569419E-003   6.2130537425526364E-002   0.0000000000000000        1.4161022117625214E-002   7.0843222203554825        11.448504894377841     
   2.3699999999999934        5.5112425615805359E-003   5.8297379577217458E-002   0.0000000000000000        1.3733450632598442E-002   7.9596824501906376        12.172684208683100     
   2.3799999999999932        5.2555612158623711E-003   5.5038182734061851E-002   0.0000000000000000        1.3440347134537966E-002   8.9449625989699530        12.925126219684140     
   2.3899999999999930        5.0409226703253132E-003   5.2208284981114544E-002   0.0000000000000000        1.3300875668445107E-002   10.054276459789307        13.705862711404070     
   2.3999999999999928        4.8553284620749121E-003   4.9689873088412315E-002   0.0000000000000000        1.3334185844229655E-002   11.304466195227006        14.516404403586019     
   2.4099999999999926        4.6897377833680920E-003   4.7390681046025368E-002   0.0000000000000000        1.3559243395124531E-002   12.714216541519903        15.356878172222826     
   2.4199999999999924        4.5377100062964923E-003   4.5241374736978930E-002   0.0000000000000000        1.3994670109435777E-002   14.306539230002267        16.228977025207985     
   2.4299999999999922        4.3949333873762242E-003   4.3192153098241162E-002   0.0000000000000000        1.4658601354816969E-002   16.105948469096166        17.132395659455753     
   2.4399999999999920        4.2587163470118542E-003   4.1209049625859237E-002   0.0000000000000000        1.5568570451240949E-002   18.142959157656044        18.068790830834196     
   2.4499999999999917        4.1275040740889769E-003   3.9270326805619461E-002   0.0000000000000000        1.6741430055872968E-002   20.452377641930056        19.038770643039999     
   2.4599999999999915        4.0004640552706808E-003   3.7363240710469370E-002   0.0000000000000000        1.8193321439319083E-002   23.075706919903801        20.043760962662418     
   2.4699999999999913        3.8771634748213232E-003   3.5481334289717094E-002   0.0000000000000000        1.9939702998562611E-002   26.061515286682813        21.083405254600514     
   2.4799999999999911        3.7573428604917550E-003   3.3622312888257018E-002   0.0000000000000000        2.1995449516061708E-002   29.468279714126819        22.160005684955301     
   2.4899999999999909        3.6407763853426134E-003   3.1786475432628657E-002   0.0000000000000000        2.4375033504289843E-002   33.364474042088645        23.272846368619245     
   2.4999999999999907        3.5272009993972510E-003   2.9975623912332498E-002   0.0000000000000000        2.7092799469858764E-002   37.835065290270514        24.424306932248271     
   2.5099999999999905        3.4162938248672400E-003   2.8192350653693209E-002   0.0000000000000000        3.0163341140013900E-002   42.980420649559669        25.614225363951096     
   2.5199999999999902        3.3076787610380473E-003   2.6439601617716971E-002   0.0000000000000000        3.3601990736025107E-002   48.923097920269903        26.842392426541302     
   2.5299999999999900        3.2009472797378596E-003   2.4720426834770836E-002   0.0000000000000000        3.7425428468022860E-002   55.812582277436576        28.108845847228036     
   2.5399999999999898        3.0956832579631245E-003   2.3037848595961481E-002   0.0000000000000000        4.1652419904654431E-002   63.834704684640521        29.414191696684991     
   2.5499999999999896        2.9914861192014397E-003   2.1394798274998864E-002   0.0000000000000000        4.6304689237932073E-002   73.217603676876294        30.756934432073962     
   2.5599999999999894        2.8879898520662562E-003   1.9794090028126803E-002   0.0000000000000000        5.1407938415435311E-002   84.247403683498931        32.135481831904421     
   2.5699999999999892        2.7848774972767739E-003   1.8238412610406173E-002   0.0000000000000000        5.6993026588112131E-002   97.283738068833017        33.549854732812705     
   2.5799999999999890        2.6818916583056683E-003   1.6730329192872897E-002   0.0000000000000000        6.3097332563550448E-002   112.78173449532976        34.995608528301915     
   2.5899999999999888        2.5788418645592780E-003   1.5272280233514542E-002   0.0000000000000000        6.9766336590543446E-002   131.32247189337798        36.469497549926508     
   2.5999999999999885        2.4756095489344089E-003   1.3866587242607774E-002   0.0000000000000000        7.7055478987181125E-002   153.66003396994083        37.969181722236151     
   2.6099999999999883        2.3721512401253327E-003   1.2515456650310491E-002   0.0000000000000000        8.5032384791175253E-002   180.76938496269909        39.485910869588579     
   2.6199999999999881        2.2685004444213601E-003   1.1220983614216095E-002   0.0000000000000000        9.3779589909535707E-002   213.93827292290686        41.013368227403063     
   2.6299999999999879        2.1647686492587931E-003   9.9851559120429454E-003   0.0000000000000000       0.10339797137499067        254.88107262372714        42.541685388277614     
   2.6399999999999877        2.0611459307814384E-003   8.8098582747649697E-003   0.0000000000000000       0.11401118204636407        305.89619745357174        44.056288725092614     
   2.6499999999999875        1.9579017991091046E-003   7.6968777478021184E-003   0.0000000000000000       0.12577153455018084        370.13059318388582        45.540525759499332     
   2.6599999999999873        1.8553872044359940E-003   6.6479110028278450E-003   0.0000000000000000       0.13886799811679976        451.94062550309155        46.979861041805066     
   2.6699999999999871        1.7540391474983037E-003   5.6645750503316284E-003   0.0000000000000000       0.15353731413394164        557.39847290744024        48.325609877582757     
   2.6799999999999868        1.6543902923086256E-003   4.7484236692905413E-003   0.0000000000000000       0.17007979062464085        695.23743038127452        49.563954418109269     
   2.6899999999999866        1.5570878057016104E-003   3.9009733483200515E-003   0.0000000000000000       0.18888226878352044        878.07538917923250        50.641656806266305     
   2.6999999999999864        1.4629293376716361E-003   3.1237451708574274E-003   0.0000000000000000       0.21045238823878284        1124.3935174729884        51.487034251597812     
   2.7099999999999862        1.3729320061323935E-003   2.4183340491143830E-003   0.0000000000000000       0.23547126229940157        1461.2826384610682        51.963800551711586     
   2.7199999999999860        1.2884687842960290E-003   1.7865267244659574E-003   0.0000000000000000       0.26487739308166547        1928.3299009518416        51.830704169694414     
   2.7299999999999858        1.2115543807856327E-003   1.2305118407264159E-003   0.0000000000000000       0.30000623737426291        2583.3923040213335        50.857595939413173     
   2.7399999999999856        1.1455021213906786E-003   7.5327852808184791E-004   0.0000000000000000       0.34283489906839593        3504.8165490070742        49.200175095688472     
   2.7499999999999853        1.0966580693338784E-003   3.5944825018852149E-004   0.0000000000000000       0.39644029311910223        4749.0169478004200        46.829936207917768     
   2.7599999999999851        1.0800926225785095E-003   5.7290701861023973E-005   0.0000000000000000       0.46593240242746731        6316.3094517667978        40.406463337054660     
   2.7699999999999849        1.1471650661147598E-003  -1.3492685822871702E-004   0.0000000000000000       0.56058083118650093        7886.5915743174473        23.146431514220321     
   2.7799999999999847        1.7850298688732291E-003  -1.5041721448867551E-004   0.0000000000000000       0.69948970686426382        4389.1125624801307        4.2614169438713629     
