   0.0000000000000000        0.0000000000000000        0.0000000000000000        0.0000000000000000        3.2613067082167400E-002   0.0000000000000000        0.0000000000000000     
   5.0000000000000001E-003   0.0000000000000000        0.0000000000000000        0.0000000000000000        3.1480335498943884E-002   0.0000000000000000        0.0000000000000000     
   1.0000000000000000E-002   0.0000000000000000        0.0000000000000000        0.0000000000000000        3.0353233568122823E-002   0.0000000000000000        0.0000000000000000     
   1.4999999999999999E-002   0.0000000000000000        0.0000000000000000        0.0000000000000000        2.9231771254460203E-002   0.0000000000000000        0.0000000000000000     
   2.0000000000000000E-002   0.0000000000000000        0.0000000000000000        0.0000000000000000        2.8115959067923357E-002   0.0000000000000000        0.0000000000000000     
   2.5000000000000001E-002   0.0000000000000000        0.0000000000000000        0.0000000000000000        2.7005808069505057E-002   0.0000000000000000        0.0000000000000000     
   3.0000000000000002E-002   0.0000000000000000        0.0000000000000000        0.0000000000000000        2.5901329877574524E-002   0.0000000000000000        0.0000000000000000     
   3.5000000000000003E-002   0.0000000000000000        0.0000000000000000        0.0000000000000000        2.4802536674794162E-002   0.0000000000000000        0.0000000000000000     
   4.0000000000000001E-002   9.2738220017016307E-015   3.0102954228915630E-013   0.0000000000000000        2.3709441215633079E-002   0.0000000000000000        0.0000000000000000     
   4.4999999999999998E-002   2.4987300189275918E-014   8.0879825112415859E-013   0.0000000000000000        2.2622056834510650E-002   0.0000000000000000        0.0000000000000000     
   4.9999999999999996E-002   4.1509754112071997E-014   1.3503473343396538E-012   0.0000000000000000        2.1540397454603746E-002   0.0000000000000000        0.0000000000000000     
   5.4999999999999993E-002   1.4685979348321813E-014   1.9467534436297290E-012   0.0000000000000000        2.0464477597354067E-002   0.0000000000000000        0.0000000000000000     
   5.9999999999999991E-002  -1.0646277112923664E-014   2.6212760619527433E-012   0.0000000000000000        1.9394312392712037E-002   0.0000000000000000        0.0000000000000000     
   6.4999999999999988E-002  -3.5392581701934357E-014   3.4002466934180535E-012   0.0000000000000000        1.8329917590157618E-002   0.0000000000000000        0.0000000000000000     
   6.9999999999999993E-002  -6.0396441932744543E-014   4.3140764898602037E-012   0.0000000000000000        1.7271309570538955E-002   0.0000000000000000        0.0000000000000000     
   7.4999999999999997E-002  -8.6466726902033130E-014   5.3984201244923337E-012   0.0000000000000000        1.6218505358772298E-002   0.0000000000000000        0.0000000000000000     
   8.0000000000000002E-002  -1.1440205728573612E-013   6.6955395910909972E-012   0.0000000000000000        1.5171522637447501E-002   0.0000000000000000        0.0000000000000000     
   8.5000000000000006E-002  -1.4501282664548140E-013   8.2559219237898975E-012   0.0000000000000000        1.4130379761388787E-002   0.0000000000000000        0.0000000000000000     
   9.0000000000000011E-002  -1.7914135281511186E-013   1.0140199558947175E-011   5.8273822599972123E-006   1.3095095773220133E-002   0.0000000000000000        0.0000000000000000     
   9.5000000000000015E-002  -2.1768050108016553E-013   1.2421464763005683E-011   1.6028060624508658E-004   1.2065690419988067E-002   0.0000000000000000        0.0000000000000000     
  0.10000000000000002       -2.6159096080374670E-013   1.5188051101526107E-011   3.0849616966210837E-004   1.1042184170899052E-002   0.0000000000000000        0.0000000000000000     
  0.10500000000000002       -3.1191718442282192E-013   1.8546886875386972E-011   4.5054302149498345E-004   1.0024598236231167E-002   0.0000000000000000        0.0000000000000000     
  0.11000000000000003       -3.6980180149768732E-013   2.2627549028998543E-011   5.8649038055210421E-004   9.0129545874820059E-003   0.0000000000000000        0.0000000000000000     
  0.11500000000000003       -4.3649808818088886E-013   2.7587167213762187E-011   7.1640774326622869E-004   8.0072759788224028E-003   0.0000000000000000        0.0000000000000000     
  0.12000000000000004       -5.1337978914667745E-013   3.3616360482522667E-011   8.4036489168798497E-004   7.0075859699261821E-003   0.0000000000000000        0.0000000000000000     
  0.12500000000000003       -6.0194723661706517E-013   4.0946427300390036E-011   9.5843190167711517E-004   6.0139089502530621E-003   0.0000000000000000        0.0000000000000000     
  0.13000000000000003       -7.0382826750285675E-013   4.9858055953078405E-011   1.0706791512947217E-003   5.0262701648678427E-003   0.0000000000000000        0.0000000000000000     
  0.13500000000000004       -8.2077187752364345E-013   6.0691878770548000E-011   1.1771773294015028E-003   4.0446957418816178E-003   0.0000000000000000        0.0000000000000000     
  0.14000000000000004       -9.5463183659934288E-013   7.3861262011726935E-011   1.2779974444635837E-003   3.0692127216116949E-003   0.0000000000000000        0.0000000000000000     
  0.14500000000000005       -1.1073365806708664E-012   8.9867806415807094E-011   1.3732108335715012E-003   2.0998490875591956E-003   0.0000000000000000        0.0000000000000000     
  0.15000000000000005       -1.2808405389463588E-012   1.0932013456571933E-010   1.4628891716736180E-003   1.1366337993130784E-003   0.0000000000000000        0.0000000000000000     
  0.15500000000000005       -1.4770505870129340E-012   1.3295666433591731E-010   1.5471044810284370E-003   1.7959682749725363E-004   0.0000000000000000        0.0000000000000000     
  0.16000000000000006       -1.6977194538950934E-012   1.6167321776174966E-010   1.6259291408778915E-003   0.0000000000000000        1.1278740882872854E-017   1.0895255783005349E-016
  0.16500000000000006       -1.9442955536296503E-012   1.9655649780792548E-010   1.6994358973446816E-003   0.0000000000000000        1.1180063453301473E-016   1.0731418460185470E-015
  0.17000000000000007       -2.2177157331860321E-012   2.3892468935082141E-010   1.7676978735561969E-003   0.0000000000000000        3.4138088095893801E-016   3.2641516862821976E-015
  0.17500000000000007       -2.5181236718706884E-012   2.9037671471239300E-010   1.8307885799970624E-003   0.0000000000000000        7.6919541768280569E-016   7.3333181646424505E-015
  0.18000000000000008       -2.8444919380935288E-012   3.5285201012840814E-010   1.8887819250931804E-003   0.0000000000000000        1.4862736326840702E-015   1.4133892972412531E-014
  0.18500000000000008       -3.1941197660567583E-012   4.2870310239174568E-010   1.9417522260283136E-003   0.0000000000000000        2.6116770107796001E-015   2.4776561547376112E-014
  0.19000000000000009       -3.5619711581966505E-012   5.2078377309235638E-010   1.9897742197962334E-003   0.0000000000000000        4.3006054970798518E-015   4.0702365992704737E-014
  0.19500000000000009       -3.9398085783230381E-012   6.3255622456798959E-010   2.0329230744887111E-003   0.0000000000000000        6.7583542279695366E-015   6.3809978598721129E-014
  0.20000000000000009       -4.3150658165942449E-012   7.6822143595075131E-010   2.0712744008222271E-003   0.0000000000000000        1.0247878400062952E-014   9.6519921763611055E-014
  0.20500000000000010       -4.6693890135120401E-012   9.3287785599368716E-010   2.1049042639031540E-003   0.0000000000000000        1.5110825020957464E-014   1.4196552870629645E-013
  0.21000000000000010       -4.9767566253898036E-012   1.1327147673747904E-009   2.1338891952338013E-003   0.0000000000000000        2.1785023301023453E-014   2.0414722576758088E-013
  0.21500000000000011       -5.2010664333844090E-012   1.3752481321458227E-009   2.1583062049591191E-003   0.0000000000000000        3.0835319833109421E-014   2.8821011938907322E-013
  0.22000000000000011       -5.2930494755397956E-012   1.6696085615468691E-009   2.1782327943551099E-003   0.0000000000000000        4.2980653697183870E-014   4.0068268742407326E-013
  0.22500000000000012       -5.1863357019033699E-012   2.0268933350590205E-009   2.1937469685591416E-003   0.0000000000000000        5.9124644831592379E-014   5.4974808979317706E-013
  0.23000000000000012       -4.7924525978296204E-012   2.4605972349632283E-009   2.2049272495423874E-003   0.0000000000000000        8.0325515175102600E-014   7.4497835416562156E-013
  0.23500000000000013       -3.9944839980391393E-012   2.9871405027759377E-009   2.2118526893241059E-003   0.0000000000000000        1.0835016555670066E-013   1.0023071956461292E-012
  0.24000000000000013       -2.6390493741858731E-012   3.6265166352641395E-009   2.2146028834272927E-003   0.0000000000000000        1.4472016904875469E-013   1.3354670627322175E-012
  0.24500000000000013       -5.2618101121330033E-013   4.4030882339137448E-009   2.2132579845751165E-003   0.0000000000000000        1.9180202732025051E-013   1.7657697144662387E-012
  0.25000000000000011        2.6034260044012354E-012   5.3465659664214166E-009   2.2078987166271190E-003   0.0000000000000000        2.5210677435640939E-013   2.3159068125361937E-012
  0.25500000000000012        7.0844427151678594E-012   6.4932142164647326E-009   2.1986063887538556E-003   0.0000000000000000        3.3000539217344872E-013   3.0251499562352538E-012
  0.26000000000000012        1.3347022253401696E-011   7.8873375866136218E-009   2.1854629098482094E-003   0.0000000000000000        4.2885240514965320E-013   3.9239678911364228E-012
  0.26500000000000012        2.1942003871860021E-011   9.5831155650759243E-009   2.1685508031717270E-003   0.0000000000000000        5.5417438665486250E-013   5.0623765920188785E-012
  0.27000000000000013        3.3572443915816242E-011   1.1646868962235730E-008   2.1479532212334246E-003   0.0000000000000000        7.1264702728750326E-013   6.5010336772804706E-012
  0.27500000000000013        4.9133005572652141E-011   1.4159861886129369E-008   2.1237539608983096E-003   0.0000000000000000        9.1056409318863805E-013   8.2971688965628566E-012
  0.28000000000000014        6.9759099849283955E-011   1.7221767925626572E-008   2.0960374787228693E-003   0.0000000000000000        1.1585400572574806E-012   1.0547879781838468E-011
  0.28500000000000014        9.6888113796309060E-011   2.0954959892032424E-008   2.0648889065136922E-003   0.0000000000000000        1.4660848698444976E-012   1.3340585545622466E-011
  0.29000000000000015        1.3233560722607062E-010   2.5509820188939884E-008   2.0303940671053599E-003   0.0000000000000000        1.8499005444702240E-012   1.6827780609676847E-011
  0.29500000000000015        1.7839002890792063E-010   3.1071315136361768E-008   1.9926394903536102E-003   0.0000000000000000        2.3235129068853784E-012   2.1134166414785744E-011
  0.30000000000000016        2.3793032535771635E-010   3.7867133154783992E-008   1.9517124293380588E-003   0.0000000000000000        2.9084923800204382E-012   2.6452049637090882E-011
  0.30500000000000016        3.1457182390251340E-010   4.6177755737575349E-008   1.9077008767702281E-003   0.0000000000000000        3.6302209744789437E-012   3.3011981591259839E-011
  0.31000000000000016        4.1284700818935824E-010   5.6348914112837054E-008   1.8606935815997376E-003   0.0000000000000000        4.5176630796347569E-012   4.1078215325111913E-011
  0.31500000000000017        5.3842931929909796E-010   6.8806986372450132E-008   1.8107800658132749E-003   0.0000000000000000        5.6126429801275063E-012   5.1030110935285198E-011
  0.32000000000000017        6.9840997072182576E-010   8.4078013096849695E-008   1.7580506414184691E-003   0.0000000000000000        6.9578063924624610E-012   6.3258129468822237E-011
  0.32500000000000018        9.0164003565681289E-010   1.0281115819263632E-007   1.7025964276052214E-003   0.0000000000000000        8.6094997967830529E-012   7.8275871124618677E-011
  0.33000000000000018        1.1591528416734361E-009   1.2580762053111746E-007   1.6445093680762602E-003   0.0000000000000000        1.0641464756366246E-011   9.6752658288685192E-011
  0.33500000000000019        1.4846851016933657E-009   1.5405621655371576E-007   1.5838822485374476E-003   0.0000000000000000        1.3136004583499072E-011   1.1944204033892861E-010
  0.34000000000000019        1.8953193564264082E-009   1.8877711071117844E-007   1.5208087143381754E-003   0.0000000000000000        1.6198520094778889E-011   1.4730307277264993E-010
  0.34500000000000020        2.4122753656807889E-009   2.3147547686233151E-007   1.4553832882512809E-003   0.0000000000000000        1.9957550438903283E-011   1.8150817355033254E-010
  0.35000000000000020        3.0618842633298306E-009   2.8400723817113957E-007   1.3877013883807487E-003   0.0000000000000000        2.4574039232791945E-011   2.2352553870059626E-010
  0.35500000000000020        3.8767868245779262E-009   3.4865946553046637E-007   1.3178593461850262E-003   0.0000000000000000        3.0236354717908457E-011   2.7507164407814603E-010
  0.36000000000000021        4.8974063773159064E-009   4.2824852654092020E-007   1.2459544246023356E-003   0.0000000000000000        3.7185881707022467E-011   3.3834927624581998E-010
  0.36500000000000021        6.1737580766635766E-009   5.2623968174261516E-007   1.1720848362641785E-003   0.0000000000000000        4.5708988785391106E-011   4.1597165578419797E-010
  0.37000000000000022        7.7676698831466064E-009   6.4689253726571057E-007   1.0963497617811019E-003   0.0000000000000000        5.6163762941593666E-011   5.1120060507345918E-010
  0.37500000000000022        9.7555071607735286E-009   7.9543760071312007E-007   1.0188493680846815E-003   0.0000000000000000        6.8987214131619331E-011   6.2802925914203003E-010
  0.38000000000000023        1.2231512971189318E-008   9.7829016987405101E-007   9.3968482680797190E-004   0.0000000000000000        8.4705529884946766E-011   7.7125749223577879E-010
  0.38500000000000023        1.5311900645456609E-008   1.2033089347047450E-006   8.5895833268528335E-004   0.0000000000000000        1.0397588553386592E-010   9.4688398847091728E-010
  0.39000000000000024        1.9139864985720468E-008   1.4801080182095247E-006   7.7677312195185381E-004   0.0000000000000000        1.2758347954167076E-010   1.1620767869157675E-009
  0.39500000000000024        2.3891714595947356E-008   1.8204327516250556E-006   6.9323349072089298E-004   0.0000000000000000        1.5652288201377648E-010   1.4259106747324831E-009
  0.40000000000000024        2.9784371704477861E-008   2.2386113083665111E-006   6.0844481331605998E-004   0.0000000000000000        1.9198354559455045E-010   1.7492549912818711E-009
  0.40500000000000025        3.7084539037609943E-008   2.7520964494480055E-006   5.2251356053391849E-004   0.0000000000000000        2.3539888537783111E-010   2.1451891388009351E-009
  0.41000000000000025        4.6119897780264810E-008   3.3821141064650295E-006   4.3554731781111867E-004   0.0000000000000000        2.8856714137757201E-010   2.6301334497107951E-009
  0.41500000000000026        5.7292778761525002E-008   4.1544383996114227E-006   3.4765480326791581E-004   0.0000000000000000        3.5367715464522963E-010   3.2240923739130488E-009
  0.42000000000000026        7.1096843549728609E-008   5.1003160185642904E-006   2.5894588559848816E-004   0.0000000000000000        4.3338171462496349E-010   3.9512903540466817E-009
  0.42500000000000027        8.8137426523139473E-008   6.2575667537510692E-006   1.6953160177712222E-004   0.0000000000000000        5.3093574863450102E-010   4.8414526778183906E-009
  0.43000000000000027        1.0915632726753088E-007   7.6718914357572607E-006   7.9524174545989458E-005   0.0000000000000000        6.5029739448465179E-010   5.9307241398134826E-009
  0.43500000000000028        1.3506200972187954E-007   9.3984237153413037E-006   0.0000000000000000        0.0000000000000000        7.9633288500448167E-010   7.2635691051506259E-009
  0.44000000000000028        1.6696636619552331E-007   1.1503568104321476E-005   0.0000000000000000        0.0000000000000000        9.7494084133804008E-010   8.8938479666580333E-009
  0.44500000000000028        2.0622944771120306E-007   1.4067173624188983E-005   0.0000000000000000        0.0000000000000000        1.1935585847486278E-009   1.0889755982916112E-008
  0.45000000000000029        2.5451385545042923E-007   1.7185100420241793E-005   0.0000000000000000        0.0000000000000000        1.4606744429953132E-009   1.3328238395104911E-008
  0.45500000000000029        3.1385084136850671E-007   2.0972245962840300E-005   0.0000000000000000        0.0000000000000000        1.7873203187980875E-009   1.6310564472946093E-008
  0.46000000000000030        3.8672059119555512E-007   2.5566108169190123E-005   0.0000000000000000        0.0000000000000000        2.1864173179875329E-009   1.9954547715156783E-008
  0.46500000000000030        4.7614967418989470E-007   3.1130975164649736E-005   0.0000000000000000        0.0000000000000000        2.6746910353648311E-009   2.4413240459962480E-008
  0.47000000000000031        5.8582925795474801E-007   3.7862845723036332E-005   0.0000000000000000        0.0000000000000000        3.2708181968771859E-009   2.9856690065019421E-008
  0.47500000000000031        7.2025842327531913E-007   4.5995200982343184E-005   0.0000000000000000        0.0000000000000000        3.9991568811459006E-009   3.6507661128339897E-008
  0.48000000000000032        8.8491779682956836E-007   5.5805767173431734E-005   0.0000000000000000        0.0000000000000000        4.8892721260204318E-009   4.4636145032578323E-008
  0.48500000000000032        1.0864797765798364E-006   6.7624431224851551E-005   0.0000000000000000        0.0000000000000000        5.9768542484147698E-009   5.4568008262203991E-008
  0.49000000000000032        1.3330628884357943E-006   8.1842496676387362E-005   0.0000000000000000        0.0000000000000000        7.3031603818746488E-009   6.6679101082787273E-008
  0.49500000000000033        1.6345393219444148E-006   9.8923496872948711E-005   0.0000000000000000        0.0000000000000000        8.9224683693032936E-009   8.1464370878067374E-008
  0.50000000000000033        2.0029064925919178E-006   1.1941581651829863E-004   0.0000000000000000        0.0000000000000000        1.0900360701792418E-008   9.9523969028554372E-008
  0.50500000000000034        2.4527356219083765E-006   1.4396741202492953E-004   0.0000000000000000        0.0000000000000000        1.3314115182916963E-008   1.2156176197895268E-007
  0.51000000000000034        3.0017128761740264E-006   1.7334296646943207E-004   0.0000000000000000        0.0000000000000000        1.6260487493285007E-008   1.4845856608084967E-007
  0.51500000000000035        3.6712916330012506E-006   2.0844386721213272E-004   0.0000000000000000        0.0000000000000000        1.9850995463795288E-008   1.8123033973216993E-007
  0.52000000000000035        4.4874780376890051E-006   2.5033145432168147E-004   0.0000000000000000        0.0000000000000000        2.4235554292463651E-008   2.2124540424275303E-007
  0.52500000000000036        5.4817762678325319E-006   3.0025405691195612E-004   0.0000000000000000        0.0000000000000000        2.9578317983046835E-008   2.6999688533838668E-007
  0.53000000000000036        6.6923249620562599E-006   3.5967841349353368E-004   0.0000000000000000        0.0000000000000000        3.6098818418599228E-008   3.2948457867751227E-007
  0.53500000000000036        8.1652622236593976E-006   4.3032616268798849E-004   0.0000000000000000        0.0000000000000000        4.4041671216318506E-008   4.0192891850220122E-007
  0.54000000000000037        9.9563636423478766E-006   5.1421619343056341E-004   0.0000000000000000        0.0000000000000000        5.3729051344714005E-008   4.9026855754709420E-007
  0.54500000000000037        1.2133006073760986E-005   6.1371376039765434E-004   0.0000000000000000        0.0000000000000000        6.5536056617068296E-008   5.9790081381188586E-007
  0.55000000000000038        1.4776519694351418E-005   7.3158740211067051E-004   0.0000000000000000        0.0000000000000000        7.9912770522924732E-008   7.2891700252317252E-007
  0.55500000000000038        1.7985002359347064E-005   8.7107484714781468E-004   0.0000000000000000        0.0000000000000000        9.7443039211148708E-008   8.8862571759594312E-007
  0.56000000000000039        2.1876683821383052E-005   1.0359592590820530E-003   0.0000000000000000        0.0000000000000000        1.1878804055957848E-007   1.0830157146387665E-006
  0.56500000000000039        2.6593943241106703E-005   1.2306573537282815E-003   0.0000000000000000        0.0000000000000000        1.4477272828118634E-007   1.3195501090015278E-006
  0.57000000000000040        3.2308101996879126E-005   1.4603211230270552E-003   0.0000000000000000        0.0000000000000000        1.7643456870453016E-007   1.6076577769377428E-006
  0.57500000000000040        3.9225135462602078E-005   1.7309551175783897E-003   0.0000000000000000        0.0000000000000000        2.1495262263696029E-007   1.9579667364344459E-006
  0.58000000000000040        4.7592472564625351E-005   2.0495514724502943E-003   0.0000000000000000        0.0000000000000000        2.6190812952389987E-007   2.3848474897509949E-006
  0.58500000000000041        5.7707080927314087E-005   2.4242451047827261E-003   0.0000000000000000        0.0000000000000000        3.1889903710139924E-007   2.9025885731861888E-006
  0.59000000000000041        6.9925068590549316E-005   2.8644917610816897E-003   0.0000000000000000        0.0000000000000000        3.8838772927382745E-007   3.5335982097175035E-006
  0.59500000000000042        8.4673070831045490E-005   3.3812718382956321E-003   0.0000000000000000        0.0000000000000000        4.7283667114700070E-007   4.2999232480755924E-006
  0.60000000000000042        1.0246173254271681E-004   3.9873231334791150E-003   0.0000000000000000        0.0000000000000000        5.7557045871958840E-007   5.2315935945024619E-006
  0.60500000000000043        1.2390164262097899E-004   4.6974058751563319E-003   0.0000000000000000        0.0000000000000000        7.0051306334162857E-007   6.3638851827863210E-006
  0.61000000000000043        1.4972212609999007E-004   5.5286035327882640E-003   0.0000000000000000        0.0000000000000000        8.5234571768945677E-007   7.7388322734176042E-006
  0.61500000000000044        1.8079335105076894E-004   6.5006629595268824E-003   0.0000000000000000        0.0000000000000000        1.0369119792358291E-006   9.4088362437453643E-006
  0.62000000000000044        2.1815225830514279E-004   7.6363773601125177E-003   0.0000000000000000        0.0000000000000000        1.2613843149823534E-006   1.1438409456071899E-005
  0.62500000000000044        2.6303286976292695E-004   8.9620153434730020E-003   0.0000000000000000        0.0000000000000000        1.5338440345639320E-006   1.3899577019623650E-005
  0.63000000000000045        3.1690157098482623E-004   1.0507798861273078E-002   0.0000000000000000        0.0000000000000000        1.8648528662056721E-006   1.6886817949061829E-005
  0.63500000000000045        3.8149799016651791E-004   1.2308432081671572E-002   0.0000000000000000        0.0000000000000000        2.2667720548490092E-006   2.0510538287469938E-005
  0.64000000000000046        4.5888210104550473E-004   1.4403682123990062E-002   0.0000000000000000        0.0000000000000000        2.7549841573898426E-006   2.4908002150156636E-005
  0.64500000000000046        5.5148815276712397E-004   1.6839010998445095E-002   0.0000000000000000        0.0000000000000000        3.3473242482397628E-006   3.0237407229616177E-005
  0.65000000000000047        6.6218596458116421E-004   1.9666255964172038E-002   0.0000000000000000        0.0000000000000000        4.0662984875607481E-006   3.6699152265543336E-005
  0.65500000000000047        7.9435000544553637E-004   2.2944352748205728E-002   0.0000000000000000        0.0000000000000000        4.9385290918111772E-006   4.4528446955338738E-005
  0.66000000000000048        9.5193649532068249E-004   2.6740092578242995E-002   0.0000000000000000        0.0000000000000000        6.0046608295588177E-006   5.4089692393927542E-005
  0.66500000000000048        1.1395685032866588E-003   3.1128899717202403E-002   0.0000000000000000        0.0000000000000000        7.2802424968898854E-006   6.5511590177614505E-005
  0.67000000000000048        1.3626286660090275E-003   3.6195611134151602E-002   0.0000000000000000        0.0000000000000000        8.8344354710589663E-006   7.9409730077453054E-005
  0.67500000000000049        1.6273586999130567E-003   4.2035234154849312E-002   0.0000000000000000        0.0000000000000000        1.0719145925617867E-005   9.6241671658587637E-005
  0.68000000000000049        1.9409643283005010E-003   4.8753651547695301E-002   0.0000000000000000        0.0000000000000000        1.3001206180611441E-005   1.1659123870239073E-004
  0.68500000000000050        2.3117235950010371E-003   5.6468236778270633E-002   0.0000000000000000        0.0000000000000000        1.5765598854810019E-005   1.4120586760281396E-004
  0.69000000000000050        2.7490958041909348E-003   6.5308335515185487E-002   0.0000000000000000        0.0000000000000000        1.9111140116307483E-005   1.7094749575008675E-004
  0.69500000000000051        3.2638275405607732E-003   7.5415563465075691E-002   0.0000000000000000        0.0000000000000000        2.3160697517937759E-005   2.0689182019742347E-004
  0.70000000000000051        3.8680514299040650E-003   8.6943866000576214E-002   0.0000000000000000        0.0000000000000000        2.8057988673695910E-005   2.5028578262678553E-004
  0.70500000000000052        4.5753725594883622E-003  0.10005928272110767        0.0000000000000000        0.0000000000000000        3.3982413980120164E-005   3.0269521014639612E-004
  0.71000000000000052        5.4009368688193310E-003  0.11493936105426275        0.0000000000000000        0.0000000000000000        4.1144162092101397E-005   3.6593126197334677E-004
  0.71500000000000052        6.3614754361679248E-003  0.13177216827778029        0.0000000000000000        0.0000000000000000        4.9799480326196557E-005   4.4222863243762622E-004
  0.72000000000000053        7.4753185220309297E-003  0.15075486180407843        0.0000000000000000        0.0000000000000000        6.0221626873716224E-005   5.3388097444185352E-004
  0.72500000000000053        8.7623735801847132E-003  0.17209179380222225        0.0000000000000000        0.0000000000000000        7.2829788968105898E-005   6.4457764701165347E-004
  0.73000000000000054        1.0244062283586881E-002  0.19599214831184633        0.0000000000000000        0.0000000000000000        8.7998162032065574E-005   7.7744543624969022E-004
  0.73500000000000054        1.1943212973628443E-002  0.22266713630513610        0.0000000000000000        0.0000000000000000        1.0636463319177171E-004   9.3806593293294354E-004
  0.74000000000000055        1.3883906812400612E-002  0.25232680520714340        0.0000000000000000        0.0000000000000000        1.2844138582327071E-004   1.1306641476510368E-003
  0.74500000000000055        1.6091278218608195E-002  0.28517655183185170        0.0000000000000000        0.0000000000000000        1.5503053422614524E-004   1.3621424901203755E-003
  0.75000000000000056        1.8591272747483005E-002  0.32141345838655988        0.0000000000000000        0.0000000000000000        1.8697901550068809E-004   1.6396055261570556E-003
  0.75500000000000056        2.1410368216657275E-002  0.36122259648874577        0.0000000000000000        0.0000000000000000        2.2545939778657081E-004   1.9731113313329186E-003
  0.76000000000000056        2.4575267319125873E-002  0.40477346032376266        0.0000000000000000        0.0000000000000000        2.7157758751541588E-004   2.3718113530091156E-003
  0.76500000000000057        2.8112571920240526E-002  0.45221669396578412        0.0000000000000000        0.0000000000000000        3.2706407547969672E-004   2.8504392580130174E-003
  0.77000000000000057        3.2048450450978823E-002  0.50368126743303498        0.0000000000000000        5.4144174090871625E-004   3.9349328560790307E-004   3.4219408731532230E-003
  0.77500000000000058        3.6408310093900685E-002  0.55927223082803068        1.6674291432625265E-004   3.6087235084313243E-003   4.7312540942129702E-004   4.1054903323238471E-003
  0.78000000000000058        4.1216484724527373E-002  0.61906913741789515        3.8627393188941038E-004   6.8034025000500561E-003   5.6839280008869953E-004   4.9211716878952080E-003
  0.78500000000000059        4.6495947859292029E-002  0.68312517811014450        6.1568679346960724E-004   1.0127844734240049E-002   6.8219601375671228E-004   5.8930319353616345E-003
  0.79000000000000059        5.2268057340862532E-002  0.75146701634271007        8.5509855892026943E-004   1.3584285998282227E-002   8.1808752388512148E-004   7.0505244003193704E-003
  0.79500000000000060        5.8552335440487359E-002  0.82409525961443397        1.1046204595090484E-003   1.7174814258557519E-002   9.8021309438016554E-004   8.4279643458045079E-003
  0.80000000000000060        6.5366284822238246E-002  0.90098545738640579        1.3643574867448606E-003   2.0901351194260457E-002   1.1728078164464069E-003   1.0059901690465521E-002
  0.80500000000000060        7.2725237759978412E-002  0.98208947966723059        1.6344079671355128E-003   2.4765632869931581E-002   1.4020243236219268E-003   1.1997212921759558E-002
  0.81000000000000061        8.0642233452733691E-002   1.0673371095078668        1.9148631230998128E-003   2.8769189569289963E-002   1.6739277114276338E-003   1.4288831969018942E-002
  0.81500000000000061        8.9127916494643925E-002   1.1566376772293296        2.2058066203474811E-003   3.2913324820570126E-002   1.9957767487911245E-003   1.6993969726862890E-002
  0.82000000000000062        9.8190448658740562E-002   1.2498815739345286        2.5073141021347157E-003   3.7199093651933003E-002   2.3766194108137580E-003   2.0186531848940103E-002
  0.82500000000000062       0.10783542616788477        1.3469415045431272        2.8194527109103016E-003   4.1627280124545571E-002   2.8288193101057599E-003   2.3970532119883640E-002
  0.83000000000000063       0.11806579546236678        1.4476733729601297        3.1422805979808219E-003   4.6198374200604429E-002   3.3539819310214073E-003   2.8343733960013513E-002
  0.83500000000000063       0.12888176196105577        1.5519167302572363        3.4758464219502134E-003   5.0912548013917119E-002   3.9753379251913487E-003   3.3509305774588174E-002
  0.84000000000000064       0.14028068823269280        1.6594947571685079        3.8201888368242089E-003   5.5769631621636610E-002   4.7026050860835989E-003   3.9537338748015419E-002
  0.84500000000000064       0.15225698011354585        1.7702137915050502        4.1753359708177782E-003   6.0769088327354823E-002   5.5537464247355428E-003   4.6572877408322444E-002
  0.85000000000000064       0.16480196141150402        1.8838624467303628        4.5413048970618071E-003   6.5909989677974803E-002   6.5458827556102838E-003   5.4751953232688957E-002
  0.85500000000000065       0.17790373974711518        2.0002103981651342        4.9181010975764081E-003   7.1190990249559480E-002   7.6977869114215822E-003   6.4219240977841152E-002
  0.86000000000000065       0.19154706767152477        2.1190069371141504        5.3057179220603609E-003   7.6610302350656273E-002   9.0342766540555900E-003   7.5173278807932023E-002
  0.86500000000000066       0.20571320439484536        2.2399794102378019        5.7041360432405408E-003   8.2165670785358219E-002   1.0579883019390618E-002   8.7807047941461200E-002
  0.87000000000000066       0.22037978422973203        2.3628316717606612        6.1133229107345035E-003   8.7854347832529378E-002   1.2359556168997348E-002  0.10231272048734706     
  0.87500000000000067       0.23552069821689764        2.4872426799088250        6.5332322055969031E-003   9.3673068612084631E-002   1.4404371796301246E-002  0.11893671075274201     
  0.88000000000000067       0.25110599539343154        2.6128653667090358        6.9638032979544209E-003   9.9618027023914493E-002   1.6744668819338001E-002  0.13790838913364009     
  0.88500000000000068       0.26710180985008319        2.7393259024254952        7.4049607103787267E-003  0.10568485245983504        1.9416180332453865E-002  0.15951035239052547     
  0.89000000000000068       0.28347031916680976        2.8662234629351464        7.8566135899026755E-003  0.11186858750372057        2.2452077450388162E-002  0.18399382170976536     
  0.89500000000000068       0.30016973908358574        2.9931305907665813        8.3186551918542264E-003  0.11816366684959527        2.5898468154994133E-002  0.21171730888185392     
  0.90000000000000069       0.31715435841745448        3.1195942189532553        8.7909623789619151E-003  0.12456389768173889        2.9789418339371560E-002  0.24293794787231496     
  0.90500000000000069       0.33437461732995227        3.2451374020093002        9.2733951394732388E-003  0.13106244177466764        3.4164347471124797E-002  0.27794884056007613     
  0.91000000000000070       0.35177723112482906        3.3692617711342852        9.7657961283288269E-003  0.13765179958393661        3.9087204030577798E-002  0.31724239738459326     
  0.91500000000000070       0.36930536084727772        3.4914507022838999        1.0267990235737268E-002  0.14432379661090522        4.4561750385802332E-002  0.36083557529136639     
  0.92000000000000071       0.38689883108674478        3.6111731572740227        1.0779784187811786E-002  0.15106957233566173        5.0676692469077862E-002  0.40940550690187627     
  0.92500000000000071       0.40449439457121328        3.7278881309908223        1.1300966184242775E-002  0.15787957202197278        5.7466174126783343E-002  0.46317889184010247     
  0.93000000000000071       0.42202604239071217        3.8410496134633543        1.1831305578302106E-002  0.16474354170614131        6.4977756280177171E-002  0.52251420710971952     
  0.93500000000000072       0.43942535800528587        3.9501119553287882        1.2370552604792348E-002  0.17165052668776146        7.3261610328810747E-002  0.58774923940006429     
  0.94000000000000072       0.45662191257746865        4.0545355101893579        1.2918438161871394E-002  0.17858887384422412        8.2377465593491531E-002  0.65932334994200303     
  0.94500000000000073       0.47354369861854062        4.1537924183097914        1.3474673652991700E-002  0.18554623809218060        9.2381156957054830E-002  0.73761771320303626     
  0.95000000000000073       0.49011759844666597        4.2473723934161818        1.4038950895498189E-002  0.19250959331767989       0.10329428039469249       0.82269634484031984     
  0.95500000000000074       0.50626988351799085        4.3347883779690592        1.4610942102713274E-002  0.19946524809202842       0.11522007060951288       0.91531789029036381     
  0.96000000000000074       0.52192674030303743        4.4155819416853541        1.5190299946614022E-002  0.20639886648228095       0.12813922012358242        1.0152151031276482     
  0.96500000000000075       0.53701481803484474        4.4893283123763084        1.5776657708455568E-002  0.21329549425328473       0.14223935559988182        1.1237201555505709     
  0.97000000000000075       0.55146179334761747        4.5556409461492544        1.6369629524920628E-002  0.22013959074209827       0.15746579875398337        1.2402714586629604     
  0.97500000000000075       0.56519694655138408        4.6141755643078470        1.6968810737572813E-002  0.22691506666501918       0.17389523498162002        1.3652713441058131     
  0.98000000000000076       0.57815174404699932        4.6646336054478512        1.7573778353549695E-002  0.23360532809213402       0.19164652706243762        1.4994866840214658     
  0.98500000000000076       0.59026042117570454        4.7067650619330674        1.8184091625553272E-002  0.24019332679393479       0.21072563768319658        1.6426578417351416     
  0.99000000000000077       0.60146055961884159        4.7403706889867268        1.8799292759268837E-002  0.24666161712889934       0.23124640238355221        1.7954831786700531     
  0.99500000000000077       0.61169365331811354        4.7653035911533248        1.9418907756366253E-002  0.25299241959977886       0.25324512504182273        1.9578384132026918     
   1.0000000000000007       0.62090565677841791        4.7814702042910957        2.0042447401203901E-002  0.25916769115953275       0.27681214147734057        2.1301175234023391     
   1.0050000000000006       0.62904750954837207        4.7888307012817837        2.0669408399259757E-002  0.26516920229523877       0.30208402160850073        2.3130017303974100     
   1.0100000000000005       0.63607563065408634        4.7873988563214072        2.1299274675150394E-002  0.27097862085986629       0.32899403989770937        2.5054043986657129     
   1.0150000000000003       0.64195237679625172        4.7772414062607096        2.1931518837863682E-002  0.27657760255754155       0.35774850066821251        2.7085400236210591     
   1.0200000000000002       0.64664645821675582        4.7584769484594878        2.2565603820519677E-002  0.28194788791792552       0.38845688107357867        2.9226099213157988     
   1.0250000000000001       0.65013330630647170        4.7312744135816907        2.3200984701581003E-002  0.28707140551980442       0.42113411115762517        3.1470836052838984     
   1.0300000000000000       0.65239538726856128        4.6958511493180071        2.3837110713959286E-002  0.29193038114319436       0.45596871724267585        3.3828057053552563     
   1.0349999999999999       0.65342245647895336        4.6524706477992979        2.4473427447900913E-002  0.29650745244363774       0.49304693901364727        3.6296144561646662     
   1.0399999999999998       0.65321174860424613        4.6014399460252058        2.5109379252888839E-002  0.30078578865240302       0.53233857160245091        3.8863042952877880     
   1.0449999999999997       0.65176809905263200        4.5431067254564423        2.5744411843057126E-002  0.30474921471265620       0.57415046754739074        4.1545027859270611     
   1.0499999999999996       0.64910399294927135        4.4778561343818533        2.6377975109795070E-002  0.30838233916514746       0.61861172586756574        4.4341542729906251     
   1.0549999999999995       0.64523953854565674        4.4061073550297465        2.7009526144306836E-002  0.31167068499845574       0.66577078678895996        4.7244547984455458     
   1.0599999999999994       0.64020236279210629        4.3283099367958489        2.7638532471908842E-002  0.31460082257946831       0.71584050795902920        5.0260896467095408     
   1.0649999999999993       0.63402742772015541        4.2449399174500231        2.8264475498782162E-002  0.31716050368073817       0.76888606921887748        5.3378887138344941     
   1.0699999999999992       0.62675676729056817        4.1564957557135891        2.8886854170770641E-002  0.31933879552406619       0.82514970860603221        5.6606502391942337     
   1.0749999999999991       0.61843914545311707        4.0634941010490637        2.9505188842628982E-002  0.32112621366561139       0.88477201304699971        5.9938057016779469     
   1.0799999999999990       0.60912963732264658        3.9664654296943040        3.0119025354894115E-002  0.32251485245872541       0.94800254750195234        6.3377071774649183     
   1.0849999999999989       0.59888913658547915        3.8659495796868217        3.0727939314287221E-002  0.32349851174833300        1.0149478128513900        6.6914250362794441     
   1.0899999999999987       0.58778379349058818        3.7624912216156963        3.1331540572274476E-002  0.32407281837697943        1.0859168452558063        7.0557650633905507     
   1.0949999999999986       0.57588438902766315        3.6566353058532974        3.1929477895132508E-002  0.32423534101966794        1.1610366677889599        7.4293567261772635     
   1.0999999999999985       0.56326565212303681        3.5489225308019514        3.2521443817601955E-002  0.32398569681441780        1.2405833909214128        7.8125122985189925     
   1.1049999999999984       0.55000552786564916        3.4398848799969985        3.3107179670992450E-002  0.32332564822027782        1.3248333063229003        8.2052647955214368     
   1.1099999999999983       0.53618440587860061        3.3300412785132729        3.3686480775441542E-002  0.32225918851648999        1.4140312104055113        8.6071937480736782     
   1.1149999999999982       0.52188431894596365        3.2198934208285013        3.4259201784959295E-002  0.32079261435780942        1.5084652518782464        9.0179433590606397     
   1.1199999999999981       0.50718812285816961        3.1099218229395889        3.4825262172926273E-002  0.31893458382373790        1.6083238612726403        9.4366023070126968     
   1.1249999999999980       0.49217866912185537        3.0005821509775163        3.5384651844890050E-002  0.31669615844563048        1.7140112359698725        9.8636973850978471     
   1.1299999999999979       0.47693798266330290        2.8923018767385651        3.5937436864841493E-002  0.31409082776710612        1.8257200724924816        10.298082274580127     
   1.1349999999999978       0.46154645691292234        2.7854773073987360        3.6483765280678364E-002  0.31113451509155005        1.9439142606900941        10.740218314746697     
   1.1399999999999977       0.44608207867070926        2.6804710322095491        3.7023873034303711E-002  0.30784556319704476        2.0688955395396800        11.189778389487913     
   1.1449999999999976       0.43061969490319130        2.5776098232336659        3.7558089941785187E-002  0.30424469895477663        2.2006106420111302        11.643814938611140     
   1.1499999999999975       0.41523033310161228        2.4771830202631131        3.8086845729240662E-002  0.30035497597236277        2.3401669015918198        12.108465059491673     
   1.1549999999999974       0.39998058603660164        2.3794414221085574        3.8610676110641055E-002  0.29620169459868440        2.4882808084962043        12.586297130384745     
   1.1599999999999973       0.38493207068181168        2.2845966976328502        3.9130228894546447E-002  0.29181229887115417        2.6446626718614152        13.055868103572775     
   1.1649999999999971       0.37014096976187838        2.1928213204401601        3.9646270107940244E-002  0.28721625025877301        2.8073292925166773        13.526086408339079     
   1.1699999999999970       0.35565766283108408        2.1042490212675884        4.0159690126806459E-002  0.28244487835296944        2.9806375971398502        14.011335808229729     
   1.1749999999999969       0.34152645203909648        2.0189757421257220        4.0671509804923983E-002  0.27753120898051686        3.1644370779008888        14.504784887812038     
   1.1799999999999968       0.32778538582826633        1.9370610663816061        4.1182886594532599E-002  0.27250977055541725        3.3578509600608601        14.998266184127223     
   1.1849999999999967       0.31446618177937885        1.8585300895588868        4.1695120655064540E-002  0.26741637984534611        3.5620286856112684        15.497976085463810     
   1.1899999999999966       0.30159424773193177        1.7833756869305795        4.2209660949034375E-002  0.26228790869810142        3.7774483603666282        16.001023327631859     
   1.1949999999999965       0.28918879820808263        1.7115611262696773        4.2728111327438860E-002  0.25716203364864842        4.0048361247725408        16.508596867269066     
   1.1999999999999964       0.27726306112638527        1.6430229676477071        4.3252236610623745E-002  0.25207697070123819        4.2447812461779533        17.020504784050807     
   1.2049999999999963       0.26582456786318337        1.5776741871427951        4.3783968674531423E-002  0.24707119794635535        4.4980585148624925        17.535396350906311     
   1.2099999999999962       0.25487551796563535        1.5154074579057253        4.4325412556528783E-002  0.24218316902096620        4.7654253821652670        18.054709938310793     
   1.2149999999999961       0.24441320829667859        1.4560985203523298        4.4878852599625443E-002  0.23745102074419994        5.0481263092702129        18.578524745652430     
   1.2199999999999960       0.23443051514861291        1.3996095733641478        4.5446758658809830E-002  0.23291227855031243        5.3466193897493142        19.104986164278451     
   1.2249999999999959       0.22491641694014661        1.3457926202867003        4.6031792398446437E-002  0.22860356358750661        5.6623378908836708        19.637704736632589     
   1.2299999999999958       0.21585654454293782        1.2944927071526493        4.6636813715171942E-002  0.22456030554583267        5.9957910216984365        20.173699943777585     
   1.2349999999999957       0.20723374608749626        1.2455509958016397        4.7264887326496065E-002  0.22081646541117653        6.3485949072168264        20.714237927089549     
   1.2399999999999956       0.19902865328095309        1.1988076212367882        4.7919289571341235E-002  0.21740427240700280        6.7221578747193895        21.259846079248923     
   1.2449999999999954       0.19122023682310452        1.1541042904153014        4.8603515475039126E-002  0.21435397937358816        7.1175839411622901        21.811241787745736     
   1.2499999999999953       0.18378633941070036        1.1112865884403200        4.9321286137842736E-002  0.21169364073969529        7.5361757821845172        22.367039956548680     
   1.2549999999999952       0.17670417603803157        1.0702059674929556        5.0076556512812891E-002  0.20944891705913810        7.9795395897851753        22.929691608024612     
   1.2599999999999951       0.16995079278720393        1.0307214034889181        5.0873523646010020E-002  0.20764290981146510        8.4497654543021188        23.497492056500125     
   1.2649999999999950       0.16350347699620454       0.99270071502839130        5.1716635459290797E-002  0.20629602980108269        8.9483684091671947        24.073133551994268     
   1.2699999999999949       0.15734011353115798       0.95602154840525078        5.2610600163698923E-002  0.20542590203403033        9.4763935304915883        24.651549473408007     
   1.2749999999999948       0.15143948380004707       0.92057204094935186        5.3560396399498757E-002  0.20504730941038157        10.037712030290923        25.242771928699785     
   1.2799999999999947       0.14578150605563511       0.88625118252683988        5.4571284207380277E-002  0.20517217694980533        10.632381288071365        25.837778264198949     
   1.2849999999999946       0.14034741737389367       0.85296890139854098        5.5648816944335218E-002  0.20580959757803885        11.264797650870689        26.442295157151698     
   1.2899999999999945       0.13511989939416025       0.82064590567322870        5.6798854267252320E-002  0.20696589975572530        11.935129690904922        27.053461952021010     
   1.2949999999999944       0.13008315140978277       0.78921331519029447        5.8027576317508364E-002  0.20864475644397920        12.646855923069651        27.672226205952846     
   1.2999999999999943       0.12522291565510832       0.75861212079091478        5.9341499250863530E-002  0.21084733409158143        13.403131006207168        28.299870173897467     
   1.3049999999999942       0.12052646061124009       0.72879250861855349        6.0747492268955774E-002  0.21357247951766770        14.206999394011348        28.936899090341800     
   1.3099999999999941       0.11598252882827328       0.69971308641966923        6.2252796321791599E-002  0.21681694177386737        15.060797555753128        29.582171087045076     
   1.3149999999999940       0.11158125613002053       0.67134004693894644        6.3865044665065512E-002  0.22057562532510977        15.968391702687205        30.236452575579822     
   1.3199999999999938       0.10731406913769065       0.64364630060863481        6.5592285472123840E-002  0.22484187021336186        16.932880689425833        30.898532977986314     
   1.3249999999999937       0.10317356784434935       0.61661060603866524        6.7443006718209159E-002  0.22960775428779326        17.957124150343287        31.568985905350463     
   1.3299999999999936        9.9153399527039915E-002  0.59021672256151358        6.9426163574577732E-002  0.23486441212147163        19.049191440654180        32.249555094742050     
   1.3349999999999935        9.5248129642086649E-002  0.56445260451573231        7.1551208572552955E-002  0.24060236490971063        20.209328550355160        32.937541879730816     
   1.3399999999999934        9.1453114561701729E-002  0.53930965229863570        7.3828124822971991E-002  0.24681185547642667        21.444124065043326        33.634009947045222     
   1.3449999999999933        8.7764380129848635E-002  0.51478203069452311        7.6267462605305536E-002  0.25348318251593210        22.759197726970857        34.338460773455310     
   1.3499999999999932        8.4178509095376441E-002  0.49086606077250866        7.8880379673538142E-002  0.26060702837694155        24.160363597167901        35.052154184405204     
   1.3549999999999931        8.0692539570345334E-002  0.46755968789172492        8.1678685663371234E-002  0.26817477505576320        25.652550037240037        35.771262331429917     
   1.3599999999999930        7.7303875804621697E-002  0.44486202515361056        8.4674891028220275E-002  0.27617880360269131        27.243045490387399        36.500446118871352     
   1.3649999999999929        7.4010211799543549E-002  0.42277296906015932        8.7882260980740964E-002  0.28461277284870229        28.942246779089693        37.232690008071231     
   1.3699999999999928        7.0809467629396231E-002  0.40129288219082965        9.1314874973319179E-002  0.29347187421102977        30.756833636298072        37.974234285657033     
   1.3749999999999927        6.7699737815152622E-002  0.38042233637957135        9.4987692316351222E-002  0.30275306031187799        32.694613419636028        38.720347587898701     
   1.3799999999999926        6.4679250706010979E-002  0.36016190910678419        9.8916624608752723E-002  0.31245524621459148        34.769743172634662        39.474274601850269     
   1.3849999999999925        6.1746337567305451E-002  0.34051202554555976       0.10311861574273165       0.32257948321151303        36.989991514576644        40.232476758035268     
   1.3899999999999924        5.8899409937363104E-002  0.32147283882907407       0.10761173034659330       0.33312910625011694        39.369718084551486        40.994328638149980     
   1.3949999999999922        5.6136943784216957E-002  0.30304414154204240       0.11241525164776153       0.34410985722018361        41.927220427326915        41.764783600416180     
   1.3999999999999921        5.3457469045511880E-002  0.28522530208987734       0.11754978987635500       0.35552998740727471        44.671767444324047        42.536190928659273     
   1.4049999999999920        5.0859563249665063E-002  0.26801522037808456       0.12303740249125204       0.36740034341252015        47.627165244696094        43.313811838352265     
   1.4099999999999919        4.8341848071978957E-002  0.25141229806652898       0.12890172770007427       0.37973444171752252        50.803348736980233        44.090491622127210     
   1.4149999999999918        4.5902987856372250E-002  0.23541441948784542       0.13516813296731389       0.39254853781598109        54.244323028978414        44.875032960125125     
   1.4199999999999917        4.3541689315222627E-002  0.22001894009169218       0.14186388046754408       0.40586169643074388        57.957324341903536        45.660287431430397     
   1.4249999999999916        4.1256701793633777E-002  0.20522267996684260       0.14901831175130409       0.41969586978859530        61.976207664811021        46.447908637447185     
   1.4299999999999915        3.9046817641270382E-002  0.19102192058531500       0.15666305425977262       0.43407599125072072        66.334977014404060        47.236203580559049     
   1.4349999999999914        3.6910872369470146E-002  0.17741240340218961       0.16483225276287980       0.44903009182366727        71.070567861217413        48.026287879583172     
   1.4399999999999913        3.4847744381513328E-002  0.16438932933528216       0.17356282931915518       0.46458944724693235        76.224855625895771        48.816912410122093     
   1.4449999999999912        3.2856354150140953E-002  0.15194735845037158       0.18289477598309994       0.48078876352558314        81.854465965009823        49.610735927014588     
   1.4499999999999911        3.0935662780852233E-002  0.14008060940323472       0.19287148524058231       0.49766640901854076        87.992375611960895        50.391456301755412     
   1.4549999999999910        2.9084669945400120E-002  0.12878265835367966       0.20354012406402416       0.51526470158598081        94.723408809418672        51.176256528819017     
   1.4599999999999909        2.7302411200935576E-002  0.11804653718309589       0.21495205858394109       0.53363025993415436        102.11961874430148        51.958824654222866     
   1.4649999999999908        2.5587954730001507E-002  0.10786473092821085       0.22716333771855013       0.55281442927533764        110.25426009733226        52.732626639394631     
   1.4699999999999906        2.3940397548295474E-002   9.8229174400443695E-002  0.24023524574827190       0.57287379285958739        119.23978357867989        53.501166971924157     
   1.4749999999999905        2.2358861233478050E-002   8.9131248000937718E-002  0.25423493584342000       0.59387078296489848        129.18567876084862        54.260467168147045     
   1.4799999999999904        2.0842487231383728E-002   8.0561772772512766E-002  0.26923615904942683       0.61587440770754132        140.22021266471398        55.007263102739017     
   1.4849999999999903        1.9390431797328685E-002   7.2511004756287203E-002  0.28532010633197269       0.63896111374331988        152.50808103939960        55.741423144284610     
   1.4899999999999902        1.8001860630903154E-002   6.4968628746034901E-002  0.30257638515023932       0.66321580981229833        166.22171425782818        56.452035474158841     
   1.4949999999999901        1.6675943263435265E-002   5.7923751560048274E-002  0.32110415687772226       0.68873308244809128        181.64226934565525        57.157559126837370     
   1.4999999999999900        1.5411847258815149E-002   5.1364894980329152E-002  0.34101346751379419       0.71561864345143544        198.93958839407779        57.818218617430581     
   1.5049999999999899        1.4208732291074931E-002   4.5279988543953230E-002  0.36242681190700876       0.74399105949811795        218.48849030723702        58.454228026245026     
   1.5099999999999898        1.3065744166604165E-002   3.9656362412998906E-002  0.38548098165356376       0.77398382832378265        240.64462259782363        59.048042197710544     
   1.5149999999999897        1.1982008865907320E-002   3.4480740599164769E-002  0.41032925962948474       0.80574788444300283        265.85801215931849        59.592634130163631     
   1.5199999999999896        1.0956626690480014E-002   2.9739234879029016E-002  0.43714404069711926       0.83945464193659147        294.66075896087750        60.077150702210425     
   1.5249999999999895        9.9886666164030278E-003   2.5417339808283018E-002  0.46611997977325503       0.87529971480027791        327.71583126345485        60.486865136336419     
   1.5299999999999894        9.0771609803184158E-003   2.1499929331356447E-002  0.49747779691853100       0.91350750005064374        365.79220727932380        60.805041659463328     
   1.5349999999999893        8.2211006599064457E-003   1.7971255590965681E-002  0.53146890685071291       0.95433687015606061        409.86441062590353        61.008149984318862     
   1.5399999999999892        7.4194309670692696E-003   1.4814950676454575E-002  0.56838109071676890       0.99808830671783266        460.93110983633227        61.081512650353311     
   1.5449999999999890        6.6710485600886401E-003   1.2014032219476820E-002  0.60854549589320794        1.0451129277042028        520.41017367311190        60.988402596978680     
   1.5499999999999889        5.9747998228362317E-003   9.5509139649534707E-003  0.65234534183258774        1.0958240328604574        589.75857776956332        60.705823442613962     
   1.5549999999999888        5.3294813943225690E-003   7.4074227378036310E-003  0.70022683621332393        1.1507120426212922        670.73181166667098        60.211326416477533     
   1.5599999999999887        4.7338439355096911E-003   5.5648236323363291E-003  0.75271297962892458        1.2103640770864841        765.37586065036112        59.493728155560547     
   1.5649999999999886        4.1866009405064925E-003   4.0038558454112668E-003  0.81042117819508452        1.2754899820953869        875.95935324737275        58.565088839243657     
   1.5699999999999885        3.6864457429277701E-003   2.7047824987434118E-003  0.87408591872717811        1.3469574739230734        1006.7375439033173        57.456871861353932     
   1.5749999999999884        3.2320825078720168E-003   1.6474593392882164E-003  0.94458822648505480        1.4258404396185920        1165.8342442069420        56.207678750177088     
   1.5799999999999883        2.8222825095543368E-003   8.1142999566850057E-004   1.0229942642182637        1.5134866450135898        1371.3913606116337        54.803012451664323     
   1.5849999999999882        2.4559893586064614E-003   1.7606095893592965E-004   1.1106062814355668        1.6116148047300882        1656.7915941624597        53.083548442182860     
   1.5899999999999881        2.1325271667533069E-003  -2.7925866622397990E-004   1.2090301691360124        1.7224573709306841        2042.3800365227883        50.411329957549135     
   1.5949999999999880        1.8520488551998096E-003  -5.7479895301294954E-004   1.3202648907683496        1.8489769095699988        2376.0471655000956        44.966240299107625     
   1.5999999999999879        1.6166267128187983E-003  -7.2991989177021463E-004   1.4468191039108496        1.9952055891187592        2130.5698333195660        33.911938693746329     
   1.6049999999999878        1.4334257815873366E-003  -7.6185862261030437E-004   1.5918560836188480        2.1668002651392153        1273.9232043567877        21.167594154189761     
   1.6099999999999877        1.3270325002377233E-003  -6.8236234161142420E-004   1.7593485272911527        2.3719964218434537        2555.1659266626511        18.697459693363854     
   1.6149999999999876        1.4257822191280577E-003  -4.8276241216970979E-004   1.9541512080037140        2.6233513903148009        483.98113549943980        1.3378168671284907     
