0 0.24 0.0009
1 0.205 0.0032999999999999995
2 0.205 0.006899999999999999
3 0.205 0.0093
4 0.205 0.018299999999999997
5 0.205 0.0243
6 0.205 0.030299999999999997
7 0.205 0.0363
8 0.205 0.042899999999999994
9 0.205 0.0489
10 0.205 0.0549
11 0.205 0.060899999999999996
12 0.167 0.06749999999999999
13 0.167 0.07769999999999999
14 0.167 0.08789999999999999
15 0.3 0.0005
16 0.3 0.0055
17 0.3 0.0185
18 0.3 0.0285
19 0.24 0.039299999999999995
20 0.24 0.0501
21 0.24 0.060899999999999996
22 0.24 0.0711
23 0.24 0.08189999999999999
24 0.24 0.09269999999999999
25 0.24 0.10289999999999999
26 0.24 0.1137
27 0.24 0.12449999999999999
28 0.205 0.1341
29 0.38 0.0018
30 0.38 0.0054
31 0.38 0.009
32 0.38 0.0126
33 0.38 0.0234
34 0.38 0.0306
35 0.3 0.0425
36 0.3 0.0525
37 0.3 0.0625
38 0.3 0.0735
39 0.3 0.0835
40 0.3 0.0935
41 0.3 0.1045
42 0.3 0.11950000000000001
43 0.3 0.1295
44 0.3 0.1405
45 0.3 0.1505
46 0.3 0.1565
47 0.3 0.1625
48 0.3 0.1685
49 0.3 0.17450000000000002
50 0.24 0.18089999999999998
51 0.24 0.18749999999999997
52 0.38 0.009
53 0.38 0.019799999999999998
54 0.38 0.0306
55 0.38 0.0414
56 0.38 0.052199999999999996
57 0.38 0.063
58 0.38 0.0738
59 0.38 0.0846
60 0.38 0.09179999999999999
61 0.38 0.1062
62 0.38 0.1134
63 0.38 0.1278
64 0.38 0.1314
65 0.38 0.135
66 0.38 0.14579999999999999
67 0.38 0.1566
68 0.3 0.1685
69 0.3 0.1795
70 0.3 0.1895
71 0.3 0.2025
72 0.3 0.2115
73 0.3 0.2205
74 0.3 0.2255
75 0.3 0.2325
76 0.475 0.0018
77 0.475 0.019799999999999998
78 0.475 0.0306
79 0.475 0.0414
80 0.475 0.052199999999999996
81 0.38 0.063
82 0.38 0.0738
83 0.38 0.0846
84 0.38 0.0954
85 0.38 0.1062
86 0.38 0.11699999999999999
87 0.38 0.1278
88 0.38 0.1386
89 0.38 0.1494
90 0.38 0.1602
91 0.38 0.1674
92 0.38 0.1782
93 0.38 0.189
94 0.38 0.1998
95 0.38 0.21059999999999998
96 0.38 0.2322
97 0.3 0.2535
98 0.475 0.009
99 0.475 0.0126
100 0.475 0.0234
101 0.475 0.052199999999999996
102 0.475 0.0846
103 0.475 0.0954
104 0.475 0.09899999999999999
105 0.475 0.1098
106 0.475 0.1206
107 0.38 0.1314
108 0.38 0.1422
109 0.38 0.1494
110 0.38 0.1602
111 0.38 0.17099999999999999
112 0.38 0.1818
113 0.38 0.1926
114 0.38 0.2034
115 0.38 0.21059999999999998
116 0.38 0.22139999999999999
117 0.38 0.2322
118 0.38 0.243
119 0.38 0.25379999999999997
120 0.38 0.2646
121 0.38 0.2718
122 0.38 0.27899999999999997
123 0.57 0.009
124 0.475 0.0414
125 0.475 0.0702
126 0.475 0.1026
127 0.475 0.1314
128 0.475 0.153
129 0.475 0.1746
130 0.38 0.19619999999999999
131 0.38 0.2142
132 0.38 0.23579999999999998
133 0.38 0.2574
134 0.38 0.2754
135 0.38 0.2862
136 0.38 0.297
137 0.38 0.3078
138 0.205 0.0014999999999999998
139 0.205 0.0039
140 0.205 0.0087
141 0.205 0.014099999999999998
142 0.205 0.0195
143 0.167 0.0249
144 0.167 0.030299999999999997
145 0.167 0.035699999999999996
146 0.167 0.040499999999999994
147 0.24 0.0026999999999999997
148 0.24 0.005699999999999999
149 0.24 0.0081
150 0.24 0.011699999999999999
151 0.24 0.0231
152 0.24 0.028499999999999998
153 0.24 0.033299999999999996
154 0.24 0.0411
155 0.205 0.04409999999999999
156 0.205 0.049499999999999995
157 0.205 0.0549
158 0.205 0.059699999999999996
159 0.205 0.06509999999999999
160 0.205 0.0705
161 0.3 0.0045000000000000005
162 0.3 0.0105
163 0.3 0.0205
164 0.3 0.0315
165 0.3 0.0415
166 0.24 0.0525
167 0.24 0.06269999999999999
168 0.24 0.0735
169 0.24 0.08429999999999999
170 0.24 0.09449999999999999
171 0.38 0.0054
172 0.38 0.0126
173 0.38 0.027
174 0.3 0.0395
175 0.3 0.0495
176 0.3 0.0605
177 0.3 0.07150000000000001
178 0.3 0.0815
179 0.3 0.0925
180 0.3 0.10250000000000001
181 0.24 0.1137
182 0.24 0.12389999999999998
183 0.38 0.0054
184 0.38 0.0126
185 0.38 0.0234
186 0.38 0.0342
187 0.38 0.045
188 0.38 0.052199999999999996
189 0.38 0.063
190 0.38 0.0738
191 0.38 0.0846
192 0.38 0.0954
193 0.3 0.1045
194 0.3 0.1155
195 0.3 0.1255
196 0.3 0.1355
197 0.3 0.1465
198 0.3 0.1565
199 0.475 0.0018
200 0.475 0.009
201 0.475 0.0234
202 0.475 0.0414
203 0.475 0.055799999999999995
204 0.38 0.0702
205 0.38 0.0882
206 0.38 0.09899999999999999
207 0.38 0.1098
208 0.38 0.1206
209 0.38 0.1314
210 0.38 0.1422
211 0.38 0.153
212 0.3 0.1615
213 0.3 0.17250000000000001
214 0.3 0.1835
215 0.57 0.0126
216 0.57 0.027
217 0.475 0.045
218 0.475 0.0594
219 0.475 0.0738
220 0.475 0.09179999999999999
221 0.475 0.1062
222 0.475 0.12419999999999999
223 0.475 0.1386
224 0.38 0.153
225 0.38 0.1674
226 0.38 0.1818
227 0.38 0.1926
228 0.38 0.2034
229 0.38 0.2142
230 0.38 0.225
231 0.649 0.009
232 0.649 0.019799999999999998
233 0.57 0.027
234 0.57 0.0378
235 0.57 0.0486
236 0.57 0.0594
237 0.57 0.0702
238 0.57 0.0774
239 0.57 0.0882
240 0.57 0.09899999999999999
241 0.57 0.1098
242 0.475 0.1206
243 0.475 0.1314
244 0.475 0.1422
245 0.475 0.1494
246 0.475 0.1602
247 0.475 0.17099999999999999
248 0.475 0.1818
249 0.475 0.1926
250 0.475 0.2034
251 0.475 0.2142
252 0.475 0.22139999999999999
253 0.38 0.2322
254 0.38 0.243
255 0.38 0.25379999999999997
256 0.38 0.2646
257 0.649 0.027
258 0.649 0.045
259 0.649 0.06659999999999999
260 0.649 0.0846
261 0.57 0.1062
262 0.57 0.1278
263 0.57 0.1494
264 0.57 0.1602
265 0.57 0.1674
266 0.57 0.1782
267 0.57 0.189
268 0.475 0.1998
269 0.475 0.21059999999999998
270 0.475 0.2286
271 0.475 0.2502
272 0.475 0.2718
273 0.475 0.2826
274 0.475 0.2898
275 0.475 0.3006
276 0.205 0.0003
277 0.205 0.0021
278 0.205 0.0045
279 0.205 0.009899999999999999
280 0.205 0.0147
281 0.205 0.0201
282 0.205 0.026099999999999998
283 0.167 0.030899999999999997
284 0.167 0.0363
285 0.167 0.0411
286 0.3 0.0025
287 0.3 0.0055
288 0.3 0.0115
289 0.3 0.0175
290 0.3 0.0225
291 0.3 0.0275
292 0.3 0.0325
293 0.3 0.0375
294 0.3 0.043500000000000004
295 0.24 0.048299999999999996
296 0.24 0.0537
297 0.24 0.059699999999999996
298 0.24 0.06449999999999999
299 0.24 0.06989999999999999
300 0.24 0.07529999999999999
301 0.24 0.08009999999999999
302 0.24 0.08549999999999999
303 0.38 0.0018
304 0.38 0.0018
305 0.38 0.0126
306 0.3 0.0245
307 0.3 0.035500000000000004
308 0.3 0.0455
309 0.3 0.0565
310 0.3 0.0675
311 0.3 0.0785
312 0.3 0.0885
313 0.24 0.09929999999999999
314 0.24 0.11009999999999999
315 0.38 0.0018
316 0.38 0.0054
317 0.38 0.0126
318 0.38 0.0234
319 0.38 0.0342
320 0.38 0.045
321 0.38 0.055799999999999995
322 0.38 0.06659999999999999
323 0.3 0.0755
324 0.3 0.0855
325 0.3 0.0965
326 0.3 0.1065
327 0.3 0.1165
328 0.3 0.1265
329 0.3 0.1365
330 0.475 0.0054
331 0.475 0.009
332 0.475 0.019799999999999998
333 0.475 0.0306
334 0.38 0.0414
335 0.38 0.052199999999999996
336 0.38 0.063
337 0.38 0.0738
338 0.38 0.0846
339 0.38 0.0954
340 0.38 0.1062
341 0.38 0.11699999999999999
342 0.3 0.1265
343 0.3 0.1375
344 0.3 0.1485
345 0.3 0.1585
346 0.475 0.0018
347 0.475 0.0126
348 0.475 0.019799999999999998
349 0.475 0.0306
350 0.475 0.0414
351 0.475 0.0486
352 0.475 0.055799999999999995
353 0.475 0.063
354 0.475 0.0738
355 0.475 0.081
356 0.38 0.0882
357 0.38 0.09179999999999999
358 0.38 0.09899999999999999
359 0.38 0.1062
360 0.38 0.1134
361 0.38 0.1206
362 0.38 0.1278
363 0.38 0.135
364 0.38 0.14579999999999999
365 0.38 0.1566
366 0.38 0.1638
367 0.3 0.17550000000000002
368 0.3 0.1855
369 0.57 0.019799999999999998
370 0.57 0.0342
371 0.57 0.0486
372 0.57 0.063
373 0.57 0.081
374 0.475 0.0954
375 0.475 0.09899999999999999
376 0.475 0.1134
377 0.475 0.1278
378 0.475 0.1422
379 0.475 0.1566
380 0.475 0.17099999999999999
381 0.38 0.189
382 0.38 0.2034
383 0.38 0.21059999999999998
384 0.38 0.2178
385 0.38 0.225
386 0.38 0.2322
387 0.649 0.0954
388 0.57 0.1494
389 0.57 0.1674
390 0.57 0.189
391 0.57 0.21059999999999998
392 0.475 0.2502
393 0.475 0.2826
394 0.475 0.297
395 0.167 0.009899999999999999
396 0.167 0.0195
397 0.167 0.029699999999999997
398 0.148 0.0395
399 0.148 0.0495
400 0.24 -0.0003
401 0.24 0.0093
402 0.24 0.0195
403 0.205 0.029699999999999997
404 0.205 0.039299999999999995
405 0.205 0.049499999999999995
406 0.3 0.0045000000000000005
407 0.3 0.0145
408 0.3 0.0245
409 0.3 0.0345
410 0.3 0.0445
411 0.3 0.0545
412 0.24 0.06449999999999999
413 0.24 0.07469999999999999
414 0.24 0.08429999999999999
415 0.24 0.09449999999999999
416 0.205 0.10469999999999999
417 0.205 0.11429999999999998
418 0.167 0.0147
419 0.148 0.0245
420 0.148 0.0345
421 0.148 0.0445
422 0.148 0.0545
423 0.3 0.0145
424 0.3 0.0245
425 0.3 0.0345
426 0.3 0.0445
427 0.24 0.054299999999999994
428 0.24 0.0639
429 0.24 0.0741
430 0.38 0.0054
431 0.38 0.0162
432 0.3 0.0245
433 0.3 0.0345
434 0.3 0.0445
435 0.3 0.0545
436 0.3 0.0645
437 0.3 0.0745
438 0.3 0.0845
439 0.24 0.09449999999999999
440 0.24 0.10409999999999998
441 0.24 0.11429999999999998
442 0.24 0.12449999999999999
443 0.24 0.1341
444 0.38 0.0054
445 0.38 0.0162
446 0.38 0.0234
447 0.38 0.0342
448 0.38 0.045
449 0.38 0.055799999999999995
450 0.3 0.0645
451 0.3 0.0745
452 0.3 0.0845
453 0.3 0.0945
454 0.3 0.1045
455 0.3 0.1145
456 0.3 0.1245
457 0.24 0.1341
458 0.24 0.14429999999999998
459 0.205 0.0147
460 0.205 0.0249
461 0.205 0.034499999999999996
462 0.205 0.0447
463 0.205 0.0549
464 0.167 0.06449999999999999
465 0.167 0.07469999999999999
466 0.167 0.08489999999999999
467 0.167 0.09449999999999999
468 0.3 0.0145
469 0.3 0.0245
470 0.3 0.0345
471 0.24 0.04409999999999999
472 0.24 0.054299999999999994
473 0.24 0.06449999999999999
474 0.24 0.0741
475 0.24 0.08429999999999999
476 0.24 0.09449999999999999
477 0.24 0.10409999999999998
478 0.24 0.11429999999999998
479 0.38 0.0054
480 0.38 0.0126
481 0.38 0.0234
482 0.38 0.0342
483 0.38 0.045
484 0.38 0.052199999999999996
485 0.3 0.0635
486 0.3 0.0735
487 0.3 0.0835
488 0.3 0.0935
489 0.3 0.10350000000000001
490 0.3 0.1135
491 0.38 0.0054
492 0.38 0.0162
493 0.38 0.0234
494 0.38 0.0342
495 0.38 0.045
496 0.38 0.055799999999999995
497 0.38 0.063
498 0.38 0.0738
499 0.38 0.0846
500 0.3 0.0945
501 0.3 0.1045
502 0.3 0.1145
503 0.3 0.1245
504 0.475 0.0054
505 0.475 0.0162
506 0.475 0.0234
507 0.38 0.0342
508 0.38 0.045
509 0.38 0.055799999999999995
510 0.38 0.063
511 0.38 0.0738
512 0.38 0.0846
513 0.38 0.0954
514 0.38 0.1026
515 0.38 0.1134
516 0.3 0.1245
517 0.3 0.1345
518 0.3 0.1445
519 0.3 0.1545
520 0.3 0.1635
521 0.475 0.0054
522 0.475 0.0162
523 0.475 0.0234
524 0.475 0.0342
525 0.475 0.045
526 0.475 0.055799999999999995
527 0.38 0.063
528 0.38 0.0738
529 0.38 0.0846
530 0.38 0.0954
531 0.38 0.1026
532 0.38 0.1134
533 0.38 0.12419999999999999
534 0.38 0.135
535 0.38 0.1422
536 0.3 0.1535
537 0.3 0.1635
538 0.3 0.17350000000000002
539 0.24 0.0147
540 0.24 0.0243
541 0.24 0.034499999999999996
542 0.24 0.0447
543 0.24 0.054299999999999994
544 0.24 0.06449999999999999
545 0.205 0.07469999999999999
546 0.205 0.08429999999999999
547 0.205 0.09449999999999999
548 0.205 0.10469999999999999
549 0.205 0.11429999999999998
550 0.475 0.0018
551 0.475 0.0126
552 0.475 0.0234
553 0.475 0.0342
554 0.38 0.0414
555 0.38 0.052199999999999996
556 0.38 0.063
557 0.38 0.0738
558 0.38 0.0846
559 0.38 0.09179999999999999
560 0.38 0.1026
561 0.38 0.1134
562 0.38 0.12419999999999999
563 0.38 0.1314
564 0.3 0.14350000000000002
565 0.3 0.1535
566 0.475 0.0054
567 0.475 0.0162
568 0.475 0.0234
569 0.475 0.0342
570 0.475 0.045
571 0.475 0.055799999999999995
572 0.475 0.063
573 0.475 0.0738
574 0.475 0.0846
575 0.38 0.0954
576 0.38 0.1026
577 0.38 0.1134
578 0.38 0.12419999999999999
579 0.38 0.135
580 0.38 0.1422
581 0.38 0.153
582 0.38 0.1638
583 0.38 0.1746
584 0.3 0.1835
585 0.3 0.1935
586 0.57 0.0054
587 0.57 0.0162
588 0.57 0.0234
589 0.475 0.0342
590 0.475 0.045
591 0.475 0.055799999999999995
592 0.475 0.063
593 0.475 0.0738
594 0.475 0.0846
595 0.475 0.0954
596 0.475 0.1026
597 0.475 0.1134
598 0.475 0.12419999999999999
599 0.38 0.135
600 0.38 0.1422
601 0.38 0.153
602 0.38 0.1638
603 0.38 0.1746
604 0.38 0.1818
605 0.38 0.1926
606 0.38 0.2034
607 0.3 0.0145
608 0.3 0.0245
609 0.3 0.0345
610 0.24 0.04409999999999999
611 0.24 0.054299999999999994
612 0.24 0.06449999999999999
613 0.24 0.0741
614 0.24 0.08429999999999999
615 0.24 0.09449999999999999
616 0.24 0.10409999999999998
617 0.24 0.11429999999999998
618 0.24 0.12449999999999999
619 0.24 0.1341
620 0.24 0.14429999999999998
621 0.24 0.1545
622 0.57 0.0018
623 0.57 0.0126
624 0.475 0.0234
625 0.475 0.0306
626 0.475 0.0414
627 0.475 0.052199999999999996
628 0.475 0.063
629 0.475 0.0738
630 0.475 0.081
631 0.475 0.09179999999999999
632 0.475 0.1026
633 0.475 0.1134
634 0.38 0.1206
635 0.38 0.1314
636 0.38 0.1422
637 0.38 0.153
638 0.38 0.1638
639 0.38 0.17099999999999999
640 0.38 0.1818
641 0.38 0.1926
642 0.57 0.0054
643 0.57 0.0162
644 0.57 0.0234
645 0.57 0.0342
646 0.57 0.045
647 0.57 0.055799999999999995
648 0.57 0.063
649 0.57 0.0738
650 0.475 0.0846
651 0.475 0.0954
652 0.475 0.1026
653 0.475 0.1134
654 0.475 0.12419999999999999
655 0.475 0.135
656 0.475 0.1422
657 0.475 0.153
658 0.475 0.1638
659 0.38 0.1746
660 0.38 0.1818
661 0.38 0.1926
662 0.38 0.2034
663 0.38 0.2142
664 0.38 0.225
665 0.649 0.0054
666 0.649 0.0162
667 0.649 0.0234
668 0.57 0.0342
669 0.57 0.045
670 0.57 0.055799999999999995
671 0.57 0.063
672 0.57 0.0738
673 0.57 0.0846
674 0.57 0.0954
675 0.57 0.1026
676 0.57 0.1134
677 0.475 0.12419999999999999
678 0.475 0.135
679 0.475 0.1422
680 0.475 0.153
681 0.475 0.1638
682 0.475 0.1746
683 0.475 0.1818
684 0.475 0.1926
685 0.475 0.2034
686 0.38 0.2142
687 0.38 0.22139999999999999
688 0.38 0.2322
689 0.475 0.0126
690 0.475 0.0234
691 0.475 0.0342
692 0.475 0.0414
693 0.475 0.052199999999999996
694 0.38 0.063
695 0.38 0.0738
696 0.38 0.0846
697 0.38 0.09179999999999999
698 0.38 0.1026
699 0.38 0.1134
700 0.38 0.12419999999999999
701 0.38 0.1314
702 0.38 0.1422
703 0.38 0.153
704 0.38 0.1638
705 0.38 0.1746
706 0.38 0.1818
707 0.38 0.1926
708 0.38 0.2034
709 0.38 0.2142
710 0.57 0.0306
711 0.57 0.0414
712 0.57 0.052199999999999996
713 0.57 0.063
714 0.57 0.0702
715 0.57 0.081
716 0.57 0.09179999999999999
717 0.475 0.1026
718 0.475 0.1098
719 0.475 0.1206
720 0.475 0.1314
721 0.475 0.1422
722 0.475 0.153
723 0.475 0.1602
724 0.475 0.17099999999999999
725 0.475 0.1818
726 0.475 0.1926
727 0.475 0.1998
728 0.38 0.21059999999999998
729 0.38 0.22139999999999999
730 0.38 0.2322
731 0.649 0.0054
732 0.649 0.0162
733 0.649 0.0234
734 0.649 0.0342
735 0.649 0.045
736 0.649 0.055799999999999995
737 0.649 0.063
738 0.57 0.0738
739 0.57 0.0846
740 0.57 0.0954
741 0.57 0.1026
742 0.57 0.1134
743 0.57 0.12419999999999999
744 0.57 0.135
745 0.57 0.1422
746 0.57 0.153
747 0.475 0.1638
748 0.475 0.1746
749 0.475 0.1818
750 0.475 0.1926
751 0.475 0.2034
752 0.475 0.2142
753 0.475 0.22139999999999999
754 0.475 0.2322
755 0.475 0.243
756 0.38 0.25379999999999997
757 0.38 0.0126
758 0.3 0.0235
759 0.3 0.0335
760 0.3 0.043500000000000004
761 0.3 0.0535
762 0.3 0.0635
763 0.3 0.0735
764 0.3 0.0835
765 0.3 0.0935
766 0.3 0.10350000000000001
767 0.3 0.1135
768 0.3 0.1235
769 0.3 0.1335
770 0.3 0.14350000000000002
771 0.3 0.1535
772 0.3 0.1635
773 0.3 0.17350000000000002
774 0.3 0.1835
775 0.475 0.0018
776 0.475 0.0126
777 0.475 0.0234
778 0.475 0.0342
779 0.475 0.0414
780 0.475 0.052199999999999996
781 0.475 0.063
782 0.475 0.0738
783 0.475 0.081
784 0.475 0.09179999999999999
785 0.475 0.1026
786 0.475 0.1134
787 0.475 0.12419999999999999
788 0.475 0.1314
789 0.475 0.1422
790 0.38 0.153
791 0.38 0.1638
792 0.38 0.17099999999999999
793 0.38 0.1818
794 0.38 0.1926
795 0.38 0.2034
796 0.38 0.2142
797 0.38 0.22139999999999999
798 0.38 0.2322
799 0.38 0.243
800 0.38 0.25379999999999997
801 0.649 0.019799999999999998
802 0.649 0.0306
803 0.649 0.0414
804 0.649 0.052199999999999996
805 0.649 0.0594
806 0.649 0.0702
807 0.649 0.081
808 0.57 0.09179999999999999
809 0.57 0.09899999999999999
810 0.57 0.1098
811 0.57 0.1206
812 0.57 0.1314
813 0.57 0.1422
814 0.57 0.1494
815 0.57 0.1602
816 0.57 0.17099999999999999
817 0.57 0.1818
818 0.475 0.189
819 0.475 0.1998
820 0.475 0.21059999999999998
821 0.475 0.22139999999999999
822 0.475 0.2322
823 0.475 0.2394
824 0.475 0.2502
825 0.475 0.261
826 0.475 0.2718
827 0.38 0.0126
828 0.38 0.0234
829 0.38 0.0342
830 0.38 0.045
831 0.38 0.052199999999999996
832 0.38 0.063
833 0.38 0.0738
834 0.38 0.0846
835 0.38 0.09179999999999999
836 0.38 0.1026
837 0.38 0.1134
838 0.38 0.12419999999999999
839 0.38 0.135
840 0.38 0.1422
841 0.38 0.153
842 0.38 0.1638
843 0.38 0.1746
844 0.38 0.1818
845 0.38 0.1926
846 0.38 0.2034
847 0.38 0.2142
848 0.38 0.225
849 0.38 0.2322
850 0.38 0.243
851 0.57 0.0126
852 0.57 0.0234
853 0.57 0.0306
854 0.57 0.0414
855 0.57 0.052199999999999996
856 0.57 0.063
857 0.57 0.0702
858 0.475 0.081
859 0.475 0.09179999999999999
860 0.475 0.1026
861 0.475 0.1134
862 0.475 0.1206
863 0.475 0.1314
864 0.475 0.1422
865 0.475 0.153
866 0.475 0.1602
867 0.475 0.17099999999999999
868 0.475 0.1818
869 0.475 0.1926
870 0.475 0.2034
871 0.475 0.21059999999999998
872 0.475 0.22139999999999999
873 0.475 0.2322
874 0.475 0.243
875 0.475 0.2502
876 0.475 0.261
877 0.475 0.2718
878 0.38 0.2826
879 0.38 0.2934
880 0.756 0.025
881 0.756 0.035
882 0.756 0.045
883 0.756 0.055
884 0.756 0.065
885 0.649 0.0738
886 0.649 0.0846
887 0.649 0.0954
888 0.649 0.1062
889 0.649 0.1134
890 0.649 0.12419999999999999
891 0.649 0.135
892 0.649 0.14579999999999999
893 0.649 0.153
894 0.649 0.1638
895 0.57 0.1746
896 0.57 0.18539999999999998
897 0.57 0.19619999999999999
898 0.57 0.2034
899 0.57 0.2142
900 0.57 0.225
901 0.57 0.23579999999999998
902 0.57 0.243
903 0.57 0.25379999999999997
904 0.475 0.2646
905 0.475 0.2754
906 0.475 0.2862
907 0.475 0.2934
908 0.475 0.30419999999999997
909 0.57 0.09179999999999999
910 0.57 0.1026
911 0.57 0.1098
912 0.57 0.1206
913 0.57 0.1314
914 0.57 0.1422
915 0.57 0.153
916 0.57 0.1602
917 0.57 0.17099999999999999
918 0.475 0.1818
919 0.475 0.1926
920 0.475 0.1998
921 0.475 0.21059999999999998
922 0.475 0.22139999999999999
923 0.475 0.2322
924 0.475 0.243
925 0.475 0.2502
926 0.475 0.261
927 0.475 0.2718
928 0.475 0.2826
929 0.475 0.2898
930 0.475 0.3006
931 0.756 0.089
932 0.756 0.099
933 0.756 0.109
934 0.756 0.11900000000000001
935 0.756 0.129
936 0.756 0.139
937 0.649 0.1494
938 0.649 0.1602
939 0.649 0.1674
940 0.649 0.1782
941 0.649 0.189
942 0.649 0.1998
943 0.649 0.207
944 0.649 0.2178
945 0.649 0.2286
946 0.649 0.2394
947 0.649 0.2502
948 0.57 0.2574
949 0.57 0.2682
950 0.57 0.27899999999999997
951 0.57 0.2898
952 0.57 0.297
953 0.57 0.3078
954 0.57 0.3186
955 0.57 0.32939999999999997
956 0.57 0.3402
957 0.57 0.3474
958 0.475 0.0126
959 0.475 0.0234
960 0.475 0.0342
961 0.475 0.0414
962 0.475 0.052199999999999996
963 0.475 0.063
964 0.475 0.0738
965 0.475 0.0846
966 0.475 0.09179999999999999
967 0.475 0.1026
968 0.475 0.1134
969 0.475 0.12419999999999999
970 0.475 0.1314
971 0.475 0.1422
972 0.475 0.153
973 0.475 0.1638
974 0.475 0.1746
975 0.38 0.1818
976 0.38 0.1926
977 0.38 0.2034
978 0.38 0.2142
979 0.38 0.22139999999999999
980 0.38 0.2322
981 0.38 0.243
982 0.38 0.25379999999999997
983 0.38 0.2646
984 0.38 0.2718
985 0.38 0.2826
986 0.38 0.2934
987 0.38 0.30419999999999997
988 0.475 0.3114
989 0.475 0.3222
990 0.756 0.043000000000000003
991 0.756 0.053
992 0.756 0.063
993 0.756 0.073
994 0.756 0.083
995 0.756 0.093
996 0.756 0.10300000000000001
997 0.756 0.113
998 0.756 0.123
999 0.756 0.133
1000 0.756 0.14300000000000002
1001 0.756 0.153
1002 0.756 0.163
1003 0.756 0.17300000000000001
1004 0.756 0.183
1005 0.756 0.193
1006 0.756 0.203
1007 0.756 0.213
1008 0.756 0.223
1009 0.649 0.2322
1010 0.649 0.243
1011 0.649 0.25379999999999997
1012 0.649 0.261
1013 0.649 0.2718
1014 0.649 0.2826
1015 0.649 0.2934
1016 0.649 0.3006
1017 0.649 0.3114
1018 0.649 0.3222
1019 0.649 0.333
1020 0.57 0.3438
1021 0.57 0.351
1022 0.57 0.3618
1023 0.57 0.3726
1024 0.57 0.38339999999999996
1025 0.57 0.0126
1026 0.57 0.0234
1027 0.57 0.0306
1028 0.57 0.0414
1029 0.57 0.052199999999999996
1030 0.57 0.063
1031 0.57 0.0738
1032 0.57 0.081
1033 0.57 0.09179999999999999
1034 0.57 0.1026
1035 0.475 0.1134
1036 0.475 0.1206
1037 0.475 0.1314
1038 0.475 0.1422
1039 0.475 0.153
1040 0.475 0.1638
1041 0.475 0.17099999999999999
1042 0.475 0.1818
1043 0.475 0.1926
1044 0.475 0.2034
1045 0.475 0.21059999999999998
1046 0.475 0.22139999999999999
1047 0.475 0.2322
1048 0.475 0.243
1049 0.475 0.25379999999999997
1050 0.475 0.261
1051 0.475 0.2718
1052 0.475 0.2826
1053 0.475 0.2934
1054 0.475 0.3006
1055 0.475 0.3114
1056 0.475 0.3222
1057 0.475 0.333
1058 0.475 0.3438
1059 0.475 0.351
1060 0.475 0.3618
1061 0.475 0.3726
1062 0.475 0.38339999999999996
1063 0.475 0.3906
1064 0.756 0.019
1065 0.756 0.029
1066 0.756 0.039
1067 0.756 0.049
1068 0.756 0.059000000000000004
1069 0.756 0.069
1070 0.756 0.079
1071 0.756 0.089
1072 0.756 0.099
1073 0.756 0.109
1074 0.756 0.11900000000000001
1075 0.756 0.129
1076 0.756 0.139
1077 0.756 0.149
1078 0.649 0.1602
1079 0.649 0.1674
1080 0.649 0.1782
1081 0.649 0.189
1082 0.649 0.1998
1083 0.649 0.21059999999999998
1084 0.649 0.2178
1085 0.649 0.2286
1086 0.649 0.2394
1087 0.649 0.2502
1088 0.649 0.2574
1089 0.649 0.2682
1090 0.649 0.27899999999999997
1091 0.649 0.2898
1092 0.649 0.3006
1093 0.649 0.3078
1094 0.649 0.3186
1095 0.649 0.32939999999999997
1096 0.649 0.3402
1097 0.57 0.3474
1098 0.57 0.35819999999999996
1099 0.57 0.369
1100 0.57 0.37979999999999997
1101 0.57 0.3906
1102 0.57 0.3978
1103 0.57 0.40859999999999996
1104 0.57 0.4194
1105 0.649 0.019799999999999998
1106 0.649 0.0306
1107 0.57 0.0414
1108 0.57 0.052199999999999996
1109 0.57 0.063
1110 0.57 0.0702
1111 0.57 0.081
1112 0.57 0.09179999999999999
1113 0.57 0.1026
1114 0.57 0.1098
1115 0.57 0.1206
1116 0.57 0.1314
1117 0.57 0.1422
1118 0.57 0.153
1119 0.57 0.1602
1120 0.57 0.17099999999999999
1121 0.57 0.1818
1122 0.57 0.1926
1123 0.57 0.1998
1124 0.57 0.21059999999999998
1125 0.57 0.22139999999999999
1126 0.57 0.2322
1127 0.57 0.243
1128 0.57 0.2502
1129 0.57 0.261
1130 0.57 0.2718
1131 0.57 0.2826
1132 0.57 0.2898
1133 0.57 0.3006
1134 0.57 0.3114
1135 0.57 0.3222
1136 0.57 0.333
1137 0.57 0.3402
1138 0.57 0.351
1139 0.57 0.3618
1140 0.57 0.3726
1141 0.57 0.37979999999999997
1142 0.57 0.3906
1143 0.57 0.4014
1144 0.57 0.4122
1145 0.57 0.423
1146 0.57 0.43019999999999997
1147 0.57 0.441
1148 0.57 0.4518
1149 0.57 0.4626
1150 0.991 0.311
1151 0.991 0.34500000000000003
1152 0.991 0.377
1153 0.991 0.40700000000000003
1154 0.991 0.435
1165 0.57 0.0738
1166 0.57 0.0846
1167 0.57 0.09179999999999999
1168 0.57 0.1026
1169 0.57 0.1134
1170 0.57 0.12419999999999999
1171 0.57 0.135
1172 0.57 0.1422
1173 0.57 0.153
1174 0.57 0.1638
1175 0.57 0.1746
1176 0.57 0.1818
1177 0.57 0.1926
1178 0.57 0.2034
1179 0.57 0.2142
1180 0.57 0.225
1181 0.57 0.2322
1182 0.57 0.243
1183 0.57 0.25379999999999997
1184 0.57 0.2646
1185 0.57 0.2718
1186 0.57 0.2826
1187 0.57 0.2934
1188 0.57 0.30419999999999997
1189 0.57 0.315
1190 0.57 0.3222
1191 0.57 0.333
1192 0.57 0.3438
1193 0.649 0.35459999999999997
1194 0.649 0.3618
1195 0.649 0.3726
1196 0.649 0.38339999999999996
1197 0.649 0.3942
1198 0.649 0.40499999999999997
1199 0.649 0.4122
1200 0.649 0.423
1201 0.649 0.43379999999999996
1202 0.649 0.4446
1203 0.649 0.4518
1204 0.649 0.4626
1205 0.649 0.4734
1206 0.649 0.48419999999999996
1207 0.649 0.495
1208 0.649 0.5022
1209 0.649 0.513
1210 0.649 0.5237999999999999
1211 0.649 0.5346
1212 0.649 0.5418
1213 0.649 0.5526
1214 0.649 0.5634
1215 0.649 0.5741999999999999
1216 0.756 0.583
1217 0.756 0.593
1218 0.756 0.603
1219 0.756 0.613
1220 0.756 0.623
1221 0.756 0.633
1222 0.756 0.643
1223 0.756 0.653
1224 0.756 0.663
1225 0.991 0.481
1226 0.991 0.515
1227 0.991 0.549
1228 0.991 0.579
1237 0.649 0.1206
1238 0.649 0.1314
1239 0.649 0.1386
1240 0.649 0.1494
1241 0.649 0.1602
1242 0.649 0.17099999999999999
1243 0.649 0.1818
1244 0.649 0.189
1245 0.649 0.1998
1246 0.649 0.21059999999999998
1247 0.649 0.22139999999999999
1248 0.649 0.2286
1249 0.649 0.2394
1250 0.649 0.2502
1251 0.649 0.261
1252 0.649 0.2718
1253 0.649 0.27899999999999997
1254 0.649 0.2898
1255 0.649 0.3006
1256 0.649 0.3114
1257 0.649 0.3186
1258 0.649 0.32939999999999997
1259 0.649 0.3402
1260 0.649 0.351
1261 0.649 0.3618
1262 0.649 0.369
1263 0.649 0.37979999999999997
1264 0.649 0.3906
1265 0.649 0.4014
1266 0.756 0.41100000000000003
1267 0.756 0.421
1268 0.756 0.431
1269 0.756 0.441
1270 0.756 0.451
1271 0.756 0.461
1272 0.756 0.47100000000000003
1273 0.756 0.481
1274 0.756 0.491
1275 0.756 0.501
1276 0.756 0.511
1277 0.756 0.521
1278 0.756 0.531
1279 0.756 0.541
1280 0.756 0.551
1281 0.756 0.561
1282 0.756 0.5710000000000001
1283 0.756 0.581
1284 0.756 0.591
1285 0.756 0.601
1286 0.756 0.611
1287 0.756 0.621
1288 0.756 0.631
1289 0.756 0.641
1290 0.756 0.651
1291 0.756 0.661
1292 0.756 0.671
1293 0.756 0.681
1294 0.756 0.6910000000000001
1295 0.756 0.7010000000000001
1296 0.756 0.711
1297 0.756 0.721
1298 0.756 0.731
1299 0.991 0.807
1300 0.991 0.8150000000000001
1301 0.991 0.8230000000000001
1302 0.991 0.8310000000000001
1312 0.756 0.23700000000000002
1313 0.756 0.247
1314 0.756 0.257
1315 0.756 0.267
1316 0.756 0.277
1317 0.756 0.28700000000000003
1318 0.756 0.297
1319 0.756 0.307
1320 0.756 0.311
1321 0.756 0.321
1322 0.756 0.331
1323 0.756 0.341
1324 0.756 0.35100000000000003
1325 0.756 0.361
1326 0.756 0.371
1327 0.756 0.381
1328 0.756 0.391
1329 0.756 0.401
1330 0.756 0.41100000000000003
1331 0.756 0.421
1332 0.756 0.431
1333 0.756 0.441
1334 0.756 0.451
1335 0.756 0.461
1336 0.756 0.47100000000000003
1337 0.756 0.481
1338 0.756 0.491
1339 0.756 0.501
1340 0.756 0.511
1341 0.756 0.521
1342 0.756 0.531
1343 0.756 0.541
1344 0.756 0.551
1345 0.756 0.561
1346 0.756 0.5710000000000001
1347 0.756 0.581
1348 0.756 0.591
1349 0.756 0.601
1350 0.756 0.611
1351 0.756 0.621
1352 0.756 0.631
1353 0.991 0.641
1354 0.991 0.651
1355 0.991 0.661
1356 0.991 0.671
1357 0.991 0.681
1358 0.991 0.6910000000000001
1359 0.991 0.7010000000000001
1360 0.991 0.711
1361 0.991 0.721
1362 0.991 0.731
1363 0.991 0.741
1364 0.991 0.751
1365 0.991 0.761
1366 0.991 0.771
1367 0.3 0.0095
1368 0.3 0.0195
1369 0.3 0.029500000000000002
1370 0.3 0.0395
1371 0.3 0.0495
1372 0.3 0.059500000000000004
1373 0.3 0.0695
1374 0.3 0.0795
1375 0.3 0.0895
1376 0.3 0.0995
1377 0.3 0.1095
1378 0.3 0.11950000000000001
1379 0.3 0.1295
1380 0.3 0.1395
1381 0.3 0.1495
1382 0.3 0.1595
1383 0.38 0.1674
1384 0.38 0.1782
1385 0.38 0.189
1386 0.38 0.1998
1387 0.38 0.21059999999999998
1388 0.38 0.2178
1389 0.38 0.2286
1390 0.38 0.2394
1391 0.38 0.2502
1392 0.38 0.2574
1393 0.38 0.2682
1394 0.38 0.27899999999999997
1395 0.38 0.2898
1396 0.38 0.3006
1397 0.38 0.3078
1398 0.38 0.3186
1399 0.475 0.32939999999999997
1400 0.475 0.3402
1401 0.475 0.3474
1402 0.475 0.35819999999999996
1403 0.475 0.369
1404 0.475 0.37979999999999997
1405 0.475 0.3906
1406 0.475 0.3978
1407 0.475 0.40859999999999996
1408 0.475 0.4194
1409 0.475 0.43019999999999997
1410 0.38 0.0306
1411 0.38 0.0378
1412 0.38 0.0486
1413 0.38 0.0594
1414 0.38 0.0702
1415 0.38 0.0774
1416 0.38 0.0882
1417 0.38 0.09899999999999999
1418 0.38 0.1098
1419 0.38 0.1206
1420 0.38 0.1278
1421 0.38 0.1386
1422 0.38 0.1494
1423 0.38 0.1602
1424 0.38 0.1674
1425 0.38 0.1782
1426 0.38 0.189
1427 0.38 0.1998
1428 0.38 0.21059999999999998
1429 0.38 0.2178
1430 0.38 0.2286
1431 0.38 0.2394
1432 0.38 0.2502
1433 0.38 0.2574
1434 0.38 0.2682
1435 0.38 0.27899999999999997
1436 0.475 0.2898
1437 0.475 0.3006
1438 0.475 0.3078
1439 0.475 0.3186
1440 0.475 0.32939999999999997
1441 0.475 0.3402
1442 0.475 0.3474
1443 0.475 0.35819999999999996
1444 0.475 0.369
1445 0.475 0.37979999999999997
1446 0.475 0.3906
1447 0.475 0.3978
1448 0.475 0.40859999999999996
1449 0.475 0.4194
1450 0.38 0.009
1451 0.38 0.019799999999999998
1452 0.38 0.0306
1453 0.38 0.0378
1454 0.38 0.0486
1455 0.38 0.0594
1456 0.38 0.0702
1457 0.38 0.0774
1458 0.38 0.0882
1459 0.38 0.09899999999999999
1460 0.38 0.1098
1461 0.38 0.1206
1462 0.38 0.1278
1463 0.38 0.1386
1464 0.38 0.1494
1465 0.38 0.1602
1466 0.38 0.1674
1467 0.38 0.1782
1468 0.38 0.189
1469 0.38 0.1998
1470 0.38 0.21059999999999998
1471 0.38 0.2178
1472 0.38 0.2286
1473 0.38 0.2394
1474 0.38 0.2502
1475 0.38 0.2574
1476 0.38 0.2682
1477 0.38 0.27899999999999997
1478 0.38 0.2898
1479 0.475 0.3006
1480 0.475 0.3078
1481 0.475 0.3186
1482 0.475 0.32939999999999997
1483 0.475 0.3402
1484 0.475 0.3474
1485 0.475 0.35819999999999996
1486 0.475 0.369
1487 0.475 0.37979999999999997
1488 0.475 0.3906
1489 0.475 0.3978
1490 0.475 0.40859999999999996
1491 0.475 0.4194
1492 0.475 0.43019999999999997
1493 0.57 0.4374
1494 0.57 0.4482
1495 0.57 0.45899999999999996
1496 0.57 0.4698
1497 0.57 0.48059999999999997
1498 0.57 0.4878
1499 0.57 0.4986
1500 0.57 0.5094
1501 0.57 0.5202
1502 0.57 0.5274
1503 0.649 0.5382
1504 0.649 0.5489999999999999
1505 0.649 0.5598
1506 0.649 0.5706
1507 0.649 0.5778
1508 0.38 0.009
1509 0.38 0.019799999999999998
1510 0.38 0.027
1511 0.38 0.0378
1512 0.38 0.0486
1513 0.38 0.0594
1514 0.38 0.0702
1515 0.38 0.0774
1516 0.38 0.0882
1517 0.38 0.09899999999999999
1518 0.38 0.1098
1519 0.38 0.11699999999999999
1520 0.38 0.1278
1521 0.38 0.1386
1522 0.38 0.1494
1523 0.38 0.1602
1524 0.38 0.1674
1525 0.38 0.1782
1526 0.38 0.189
1527 0.38 0.1998
1528 0.38 0.207
1529 0.38 0.2178
1530 0.475 0.2286
1531 0.475 0.2394
1532 0.475 0.2502
1533 0.475 0.2574
1534 0.475 0.2682
1535 0.475 0.27899999999999997
1536 0.475 0.2898
1537 0.475 0.297
1538 0.475 0.3078
1539 0.475 0.3186
1540 0.475 0.32939999999999997
1541 0.475 0.3402
1542 0.475 0.3474
1543 0.475 0.35819999999999996
1544 0.475 0.369
1545 0.475 0.37979999999999997
1546 0.475 0.387
1547 0.57 0.3978
1548 0.57 0.40859999999999996
1549 0.57 0.4194
1550 0.57 0.43019999999999997
1551 0.57 0.4374
1552 0.57 0.4482
1553 0.57 0.45899999999999996
1554 0.57 0.4698
1555 0.57 0.477
1556 0.57 0.4878
1557 0.57 0.4986
1558 0.57 0.5094
1559 0.649 0.5202
1560 0.649 0.5274
1561 0.649 0.5382
1562 0.649 0.5489999999999999
1563 0.649 0.5598
1564 0.649 0.567
1565 0.649 0.5778
1566 0.991 0.537
1567 0.991 0.547
1568 0.991 0.559
1569 0.991 0.5690000000000001
1570 0.991 0.581
1571 0.991 0.591
1572 0.991 0.603
1573 0.991 0.613
1574 0.991 0.625
1575 0.991 0.637
1576 0.991 0.647
1577 0.991 0.659
1578 0.991 0.669
1579 0.991 0.681
1580 0.57 0.055799999999999995
1581 0.57 0.0738
1582 0.57 0.0882
1583 0.57 0.1026
1584 0.57 0.11699999999999999
1585 0.57 0.1314
1586 0.57 0.14579999999999999
1587 0.57 0.1638
1588 0.57 0.1782
1589 0.57 0.1926
1590 0.57 0.207
1591 0.57 0.22139999999999999
1592 0.57 0.23579999999999998
1593 0.57 0.25379999999999997
1594 0.57 0.2682
1595 0.57 0.2826
1596 0.57 0.297
1597 0.57 0.3114
1598 0.57 0.3258
1599 0.57 0.3438
1600 0.57 0.35819999999999996
1601 0.649 0.055799999999999995
1602 0.649 0.0702
1603 0.649 0.0846
1604 0.649 0.09899999999999999
1605 0.649 0.11699999999999999
1606 0.649 0.1314
1607 0.649 0.14579999999999999
1608 0.649 0.1602
1609 0.649 0.1746
1610 0.649 0.189
1611 0.649 0.207
1612 0.649 0.22139999999999999
1613 0.756 0.23500000000000001
1614 0.756 0.251
1615 0.756 0.265
1616 0.756 0.281
1617 0.756 0.295
1618 0.756 0.311
1619 0.756 0.325
1620 0.756 0.341
1621 0.756 0.355
1622 0.756 0.371
1623 0.756 0.385
1624 0.756 0.401
1625 0.756 0.41500000000000004
1626 0.756 0.431
1627 0.756 0.445
1642 0.756 0.297
1643 0.756 0.309
1644 0.756 0.321
1645 0.756 0.333
1646 0.756 0.34500000000000003
1647 0.756 0.357
1648 0.756 0.369
1649 0.756 0.379
1650 0.756 0.391
1651 0.756 0.403
1652 0.756 0.41500000000000004
1653 0.756 0.425
1654 0.756 0.437
1655 0.756 0.447
1656 0.756 0.459
1657 0.756 0.47100000000000003
1658 0.756 0.481
1659 0.756 0.493
1660 0.756 0.503
1661 0.756 0.515
1662 0.756 0.525
1663 0.756 0.537
1664 0.756 0.549
1665 0.756 0.559
1666 0.756 0.5690000000000001
1667 0.756 0.579
1668 0.756 0.589
1669 0.756 0.601
1670 0.756 0.611
1671 0.991 0.621
1672 0.991 0.631
1673 0.991 0.643
1674 0.991 0.653
1675 0.991 0.663
1676 0.991 0.673
1677 0.991 0.683
1678 0.991 0.6930000000000001
1679 0.991 0.7030000000000001
1680 0.991 0.713
1681 0.991 0.723
1682 0.991 0.733
1683 0.991 0.743
1684 0.991 0.753
1685 0.991 0.763
1686 0.991 0.771
1687 0.991 0.781
1688 2.5 1.573
1689 2.5 1.583
1690 2.5 1.595
1691 2.5 1.605
1692 2.5 1.617
1693 2.5 1.629
1694 2.5 1.641
1695 2.5 1.653
1696 2.5 1.665
1697 2.5 1.677
1698 2.5 1.689
1699 2.5 1.699
1700 2.5 1.711
1701 2.5 1.723
1728 0.991 0.41500000000000004
1729 0.991 0.429
1730 0.991 0.443
1731 0.991 0.457
1732 0.991 0.47100000000000003
1733 0.991 0.485
1734 0.991 0.499
1735 0.991 0.513
1736 0.991 0.529
1737 0.991 0.543
1738 0.991 0.555
1739 0.991 0.5690000000000001
1740 0.991 0.583
1741 0.991 0.595
1742 0.991 0.609
1743 0.991 0.623
1744 0.991 0.635
1745 0.991 0.649
1746 0.991 0.663
1747 0.991 0.675
1748 0.991 0.6890000000000001
1749 0.991 0.7030000000000001
1750 0.991 0.715
1751 0.991 0.727
1752 0.991 0.741
1753 0.991 0.753
1754 0.991 0.765
1755 0.991 0.777
1756 0.991 0.791
1757 0.991 0.803
1758 0.991 0.8150000000000001
1759 0.991 0.8290000000000001
1760 0.991 0.841
1761 0.991 0.853
1762 0.991 0.201
1763 0.991 0.215
1764 0.991 0.231
1765 0.991 0.245
1766 0.991 0.261
1767 0.991 0.275
1768 0.991 0.291
1769 0.991 0.305
1770 0.991 0.321
1771 0.991 0.335
1772 0.991 0.35100000000000003
1773 0.991 0.365
1774 0.991 0.381
1775 0.991 0.395
1776 0.991 0.41100000000000003
1777 0.991 0.425
1778 0.991 0.441
1779 0.991 0.455
1780 0.991 0.47100000000000003
1781 0.991 0.485
1782 0.991 0.501
1783 0.991 0.515
1784 0.991 0.531
1785 0.991 0.545
1786 0.991 0.561
1787 0.991 0.5750000000000001
1788 0.991 0.591
1789 0.991 0.605
1790 0.991 0.621
1791 0.991 0.635
1792 0.991 0.651
1793 0.991 0.665
1794 0.991 0.681
1795 0.991 0.6950000000000001
1796 0.991 0.711
1797 0.991 0.725
1798 0.991 0.741
1799 0.991 0.755
1800 0.991 0.771
1801 0.991 0.785
1802 0.991 0.801
1803 0.991 0.8150000000000001
1804 0.991 0.8310000000000001
1805 0.991 0.845
1806 0.991 0.861
1807 0.991 0.875
1808 0.991 0.891
1809 0.991 0.905
1810 0.991 0.921
1811 0.991 0.935
1812 0.991 0.9510000000000001
1813 0.991 0.965
1814 1.619 0.981
1815 1.619 0.995
1816 1.619 1.0110000000000001
1817 1.619 1.025
1818 1.619 1.041
1819 1.619 1.055
1820 1.619 1.071
1821 1.619 1.085
1822 1.619 1.101
1823 1.619 1.115
1824 1.619 1.131
1825 1.619 1.145
1826 1.619 1.161
1827 1.619 1.175
1828 1.619 1.191
1829 1.619 1.205
1830 1.619 1.221
1831 1.619 1.235
1832 1.619 1.2510000000000001
1833 1.619 1.2650000000000001
1834 1.619 1.281
1835 1.619 1.295
1836 1.619 1.311
1837 1.619 1.325
1838 1.619 1.341
1839 1.619 1.355
1840 1.619 1.371
1841 1.619 1.385
1842 1.619 1.401
1843 1.619 1.415
1844 1.619 1.431
1845 1.619 1.445
1846 1.619 1.461
1847 1.619 1.475
1848 1.619 1.491
1849 1.619 1.5050000000000001
1850 1.619 1.5210000000000001
1851 1.619 1.5350000000000001
1852 0.991 0.121
1853 0.991 0.135
1854 0.991 0.151
1855 0.991 0.165
1856 0.991 0.181
1857 0.991 0.195
1858 0.991 0.211
1859 0.991 0.225
1860 0.991 0.241
1861 0.991 0.255
1862 0.991 0.271
1863 0.991 0.28500000000000003
1864 0.991 0.301
1865 0.991 0.315
1866 0.991 0.331
1867 0.991 0.34500000000000003
1868 0.991 0.361
1869 0.991 0.375
1870 0.991 0.391
1871 0.991 0.405
1872 0.991 0.421
1873 0.991 0.435
1874 0.991 0.451
1875 0.991 0.465
1876 0.991 0.481
1877 0.991 0.495
1878 0.991 0.511
1879 0.991 0.525
1880 0.991 0.541
1881 0.991 0.555
1882 0.991 0.5710000000000001
1883 0.991 0.585
1884 0.991 0.601
1885 0.991 0.615
1886 1.619 0.631
1887 1.619 0.645
1888 1.619 0.661
1889 1.619 0.675
1890 1.619 0.6910000000000001
1891 1.619 0.705
1892 1.619 0.721
1893 1.619 0.735
1894 1.619 0.751
1895 1.619 0.765
1896 1.619 0.781
1897 1.619 0.795
1898 1.619 0.811
1899 1.619 0.8250000000000001
1900 1.619 0.841
1901 1.619 0.855
1902 1.619 0.871
1903 1.619 0.337
1904 1.619 0.35100000000000003
1905 1.619 0.367
1906 1.619 0.381
1907 1.619 0.397
1908 1.619 0.41100000000000003
1909 1.619 0.427
1910 1.619 0.441
1911 1.619 0.457
1912 1.619 0.47100000000000003
1913 1.619 0.487
1914 1.619 0.501
1915 1.619 0.517
1916 1.619 0.531
1917 1.619 0.547
1918 1.619 0.561
1919 1.619 0.577
1920 1.619 0.591
1921 1.619 0.607
1922 1.619 0.621
1923 1.619 0.637
1924 1.619 0.651
1925 1.619 0.667
1926 1.619 0.681
1927 1.619 0.6970000000000001
1928 1.619 0.711
1929 1.619 0.727
1930 1.619 0.741
1931 1.619 0.757
1932 1.619 0.771
1933 1.619 0.787
1934 1.619 0.801
1935 1.619 0.8170000000000001
1936 1.619 0.8310000000000001
1937 1.619 0.847
1938 1.619 0.861
1939 1.619 0.877
1940 1.619 0.891
1941 1.619 0.907
1942 1.619 0.921
1943 1.619 0.937
1944 1.619 0.9510000000000001
1945 1.619 0.967
1946 1.619 0.981
1947 1.619 0.997
1948 1.619 1.0110000000000001
1949 1.619 1.027
1950 1.619 1.041
1951 1.619 1.057
1952 1.619 1.071
1953 1.619 1.087
1954 1.619 1.101
1955 1.619 1.117
1956 1.619 1.131
1957 1.921 0.5670000000000001
1958 1.921 0.613
1959 1.921 0.627
1960 1.921 0.643
1961 1.921 0.657
1962 1.921 0.673
1963 1.921 0.687
1964 1.921 0.7030000000000001
1965 1.921 0.717
1966 1.921 0.733
1967 1.921 0.747
1968 1.921 0.763
1969 1.921 0.777
1970 1.921 0.793
1971 1.921 0.807
1972 1.921 0.8230000000000001
1973 1.921 0.837
1974 1.921 0.853
1975 1.921 0.867
1976 1.921 0.883
1977 1.921 0.897
1978 1.921 0.913
1979 1.921 0.927
1980 1.921 0.9430000000000001
1981 1.921 0.9570000000000001
1982 1.921 0.973
1983 1.921 0.987
1984 1.921 1.0030000000000001
1985 1.921 1.0170000000000001
1986 1.921 1.033
1987 1.921 1.047
1988 1.921 1.063
1989 1.921 1.077
1990 1.921 1.093
1991 1.921 1.107
1992 1.921 1.123
1993 1.921 1.137
1994 1.921 1.153
1995 1.921 1.167
1996 1.921 1.183
1997 1.921 1.197
1998 1.921 1.213
1999 1.921 1.227
2000 1.921 1.243
2001 1.921 1.2570000000000001
2002 1.921 1.2730000000000001
2003 1.921 1.287
2004 1.921 1.303
2005 1.921 1.317
2006 1.921 1.333
2007 1.921 1.347
2008 1.921 1.363
2009 1.921 1.377
2010 1.921 1.393
2011 1.921 1.407
2012 1.921 1.423
2013 1.921 1.437
2014 1.921 1.453
2015 2.213 1.467
2016 2.213 1.483
2017 2.213 1.497
2018 2.213 1.5130000000000001
2019 2.213 1.5270000000000001
2020 2.213 1.543
2021 2.213 1.557
2022 2.213 1.573
2023 2.213 1.587
2024 2.213 1.603
2025 2.213 1.617
2026 2.213 1.633
2027 2.213 1.647
2028 2.213 1.663
2029 2.213 1.677
2030 2.213 1.693
2031 2.213 1.707
2032 2.213 1.723
2033 2.213 1.737
2034 2.213 1.7530000000000001
2035 2.213 1.7670000000000001
2036 2.213 1.7830000000000001
2037 2.213 1.797
2038 2.213 1.813
2039 2.213 1.827
2040 2.213 1.843
2041 2.213 1.857
2042 2.213 1.873
2043 2.213 1.887
2044 2.213 1.903
2045 2.213 1.917
2046 2.213 1.933
2047 2.213 1.947
2048 2.213 1.963
2049 2.5 1.977
2050 2.5 1.993
2051 2.213 1.235
2052 2.213 1.2510000000000001
2053 2.213 1.2650000000000001
2054 2.213 1.281
2055 2.213 1.295
2056 2.213 1.311
2057 2.213 1.325
2058 2.213 1.341
2059 2.213 1.355
2060 2.213 1.371
2061 2.213 1.385
2062 2.5 1.401
2063 2.5 1.415
2064 2.5 1.431
2065 2.5 1.445
2066 2.5 1.461
2067 2.5 1.475
2068 2.5 1.491
2069 2.5 1.5050000000000001
2070 2.5 1.5210000000000001
2071 2.5 1.5350000000000001
2072 2.5 1.551
2073 2.5 1.565
2074 2.5 1.581
2075 2.5 1.595
2076 2.5 1.611
2077 2.5 1.625
2078 2.5 1.641
2079 2.5 1.655
2080 2.5 1.671
2081 2.5 1.685
2082 2.5 1.701
2083 2.5 1.715
2084 2.5 1.731
2085 2.5 1.745
2086 2.5 1.7610000000000001
2087 2.5 1.7750000000000001
2088 2.5 1.7910000000000001
2089 2.5 1.805
2116 0.991 0.47500000000000003
2117 0.991 0.489
2118 0.991 0.505
2119 0.991 0.521
2120 0.991 0.535
2121 0.991 0.551
2122 0.991 0.5670000000000001
2123 0.991 0.581
2124 0.991 0.597
2125 0.991 0.613
2126 0.991 0.627
2127 0.991 0.641
2128 0.991 0.657
2129 0.991 0.671
2130 0.991 0.685
2131 0.991 0.6990000000000001
2132 0.991 0.713
2133 0.991 0.729
2134 0.991 0.743
2135 0.991 0.757
2136 0.991 0.771
2137 0.991 0.787
2138 0.991 0.051000000000000004
2139 0.991 0.065
2140 0.991 0.081
2141 0.991 0.095
2142 0.991 0.111
2143 0.991 0.125
2144 0.991 0.14100000000000001
2145 0.991 0.155
2146 0.991 0.171
2147 0.991 0.185
2174 0.991 0.543
2175 0.991 0.559
2176 0.991 0.5750000000000001
2177 0.991 0.591
2178 0.991 0.609
2179 0.991 0.625
2180 0.991 0.641
2181 0.991 0.657
2182 0.991 0.675
2183 0.991 0.6910000000000001
2184 0.991 0.707
2185 0.991 0.723
2186 0.991 0.737
2187 0.991 0.753
2188 0.991 0.769
2189 0.991 0.785
2190 0.991 0.799
2191 0.991 0.8150000000000001
2192 0.991 0.8310000000000001
2193 0.991 0.847
2194 0.991 0.861
2195 0.991 0.877
2196 1.921 0.785
2197 1.921 0.799
2198 1.921 0.8150000000000001
2199 1.921 0.8290000000000001
2200 1.921 0.845
2201 1.921 0.859
2202 1.921 0.875
2203 1.921 0.889
2204 1.921 0.905
2205 1.921 0.919
2206 1.921 0.935
2207 1.921 0.9490000000000001
2208 1.921 0.965
2209 1.921 0.979
2210 1.921 0.995
2211 2.213 1.0090000000000001
2212 2.213 1.025
2213 2.213 1.039
2214 2.213 1.055
2215 2.213 1.069
2216 2.213 1.085
2217 2.213 1.099
2218 2.213 1.115
2219 2.213 1.129
2220 2.213 1.145
2221 2.213 1.159
2222 2.213 1.175
2223 2.213 1.189
2224 2.213 1.205
2225 2.213 1.219
2226 2.213 1.235
2227 2.213 1.249
2228 2.213 1.2650000000000001
2229 2.213 1.2790000000000001
2230 2.213 1.295
2231 2.213 1.309
2232 2.213 1.325
2233 2.213 1.339
2234 2.213 1.355
2235 2.213 1.369
2236 2.213 1.385
2237 2.213 1.399
2238 2.213 1.415
2239 2.213 1.429
2240 2.213 1.445
2241 2.213 1.459
2242 2.213 1.475
2243 2.213 1.489
2244 2.213 1.5050000000000001
2245 2.213 1.5190000000000001
2246 2.213 1.5350000000000001
2247 2.213 1.549
2248 2.213 1.565
2249 2.213 1.579
2250 2.213 1.595
2251 2.213 1.609
2252 2.213 1.625
2253 2.213 1.639
2254 2.213 1.655
2255 2.213 1.669
2256 2.213 1.685
2257 2.213 1.699
2258 2.213 1.715
2259 2.213 1.729
2260 2.5 1.745
2261 2.5 1.7590000000000001
2262 2.5 1.7750000000000001
2263 2.5 1.7890000000000001
2264 2.5 1.805
2265 2.5 1.819
2266 2.5 1.835
2267 2.5 1.849
2268 2.5 1.865
2269 2.5 1.879
2270 2.5 1.895
2271 2.5 1.909
2272 2.5 1.925
2273 2.5 1.939
2274 2.5 1.955
2275 2.5 1.969
2276 2.5 1.985
2277 2.5 1.999
2278 2.5 2.015
2279 2.5 2.029
2280 2.5 2.045
2281 2.5 2.059
2282 2.5 2.075
2283 2.5 2.089
2284 2.5 2.105
2285 2.5 2.119
2286 2.5 2.1350000000000002
2287 2.5 2.149
2288 2.5 2.165
2289 2.5 2.179
2290 2.5 2.195
2291 0.991 0.035
2292 0.991 0.049
2293 0.991 0.065
2294 0.991 0.079
2295 0.991 0.095
2296 0.991 0.109
2297 0.991 0.125
2298 0.991 0.139
2299 0.991 0.155
2300 0.991 0.169
2301 0.991 0.185
2302 0.991 0.199
2303 0.991 0.215
2304 0.991 0.229
2305 0.991 0.245
2306 0.991 0.259
2307 0.991 0.275
2308 0.991 0.289
2309 0.991 0.305
2310 0.991 0.319
2311 0.991 0.335
2312 0.991 0.34900000000000003
2313 0.991 0.365
2314 0.991 0.379
2315 0.991 0.395
2316 0.991 0.40900000000000003
2317 0.991 0.425
2318 0.991 0.439
2319 0.991 0.455
2320 0.991 0.46900000000000003
2321 0.991 0.485
2322 0.991 0.499
2323 0.991 0.515
2324 0.991 0.529
2325 0.991 0.545
2326 0.991 0.559
2327 0.991 0.5750000000000001
2328 0.991 0.589
2329 0.991 0.605
2330 0.991 0.619
2331 0.991 0.635
2332 0.991 0.649
2333 0.991 0.665
2334 0.991 0.679
2335 0.991 0.6950000000000001
2336 0.991 0.709
2337 0.991 0.725
2338 0.991 0.739
2339 0.991 0.755
2340 0.991 0.769
2341 0.991 0.785
2342 0.991 0.799
2343 0.991 0.8150000000000001
2344 0.991 0.8290000000000001
2345 0.991 0.845
2346 0.991 0.859
2347 0.991 0.875
2348 0.991 0.889
2349 1.619 0.905
2350 1.619 0.919
2351 1.619 0.935
2352 1.619 0.9490000000000001
2353 1.619 0.965
2354 1.619 0.979
2355 1.619 0.995
2356 1.619 1.0090000000000001
2357 1.619 1.025
2358 1.619 1.039
2359 1.619 1.055
2360 1.619 1.069
2361 1.619 1.085
2362 1.619 1.099
2363 1.619 0.215
2364 1.619 0.231
2365 1.619 0.245
2366 1.619 0.261
2367 1.619 0.275
2368 1.619 0.291
2369 1.619 0.305
2370 1.619 0.321
2371 1.619 0.335
2372 1.619 0.35100000000000003
2373 1.619 0.365
2374 1.619 0.381
2375 1.619 0.395
2376 1.619 0.41100000000000003
2377 1.619 0.425
2378 1.619 0.441
2379 1.619 0.455
2380 1.619 0.47100000000000003
2381 1.619 0.485
2382 1.619 0.501
2383 1.619 0.515
2384 1.619 0.531
2385 1.619 0.545
2386 1.619 0.561
2387 1.619 0.5750000000000001
2388 1.619 0.591
2389 1.619 0.605
2390 1.619 0.621
2391 1.619 0.635
2392 1.619 0.651
2393 1.619 0.665
2394 1.619 0.681
2395 1.619 0.6950000000000001
2396 1.619 0.711
2397 1.619 0.725
2398 1.619 0.741
2399 1.619 0.755
2400 1.619 0.771
2401 1.619 0.785
2402 1.619 0.801
2403 1.619 0.8150000000000001
2404 1.619 0.8310000000000001
2405 1.619 0.845
2406 1.619 0.861
2407 1.619 0.875
2408 1.619 0.891
2409 1.619 0.905
2410 1.619 0.921
2411 1.619 0.935
2412 1.619 0.9510000000000001
2413 1.619 0.965
2414 1.619 0.981
2415 1.619 0.995
2416 1.619 1.0110000000000001
2417 1.619 1.025
2418 1.619 1.041
2419 1.619 1.055
2420 1.619 1.071
2421 1.619 1.085
2422 1.921 1.101
2423 1.921 1.115
2424 1.921 1.131
2425 1.921 1.145
2426 1.921 1.161
2427 1.921 1.175
2428 1.921 1.191
2429 1.921 1.205
2430 1.921 1.221
2431 1.921 1.235
2432 1.921 1.2510000000000001
2433 1.921 1.2650000000000001
2434 1.921 1.281
2435 1.921 1.295
2436 1.921 1.311
2437 1.921 1.325
2438 1.921 1.341
2439 1.921 1.355
2440 1.921 1.371
2441 1.921 1.385
2442 1.921 1.401
2443 1.921 1.415
2444 1.921 1.431
2445 1.921 1.445
2446 1.921 1.461
2447 1.921 1.475
2448 1.921 1.491
2449 1.921 1.5050000000000001
2450 2.5 2.119
2451 2.5 2.103
2452 2.5 2.089
2453 2.5 2.073
2454 2.5 2.059
2455 2.5 2.043
2456 2.5 2.029
2457 2.5 2.013
2458 2.5 1.999
2459 2.5 1.983
2460 2.5 1.969
2461 2.5 1.953
2462 2.5 1.939
2463 2.5 1.923
2464 2.5 1.909
2465 2.5 1.893
2466 2.5 1.879
2467 2.5 1.863
2468 2.5 1.849
2469 2.5 1.833
2470 2.5 1.819
2471 2.5 1.803
2472 2.5 1.7890000000000001
2473 2.5 1.7730000000000001
2474 2.5 1.7590000000000001
2475 2.5 1.743
2476 2.5 1.729
2477 2.5 1.713
2478 2.213 1.699
2479 2.213 1.683
2480 2.213 1.669
2481 2.213 1.653
2482 2.213 1.639
2483 2.213 1.623
2484 2.213 1.609
2485 2.213 1.593
2486 2.213 1.579
2487 2.213 1.563
2488 2.213 1.549
2489 2.213 1.5330000000000001
2490 2.213 1.5190000000000001
2491 2.213 1.5030000000000001
2492 2.213 1.489
2493 2.213 1.473
2494 2.213 1.459
2495 2.213 1.443
2496 2.213 1.429
2497 2.213 1.413
2498 2.213 1.399
2499 2.213 1.383
2500 2.213 1.369
2501 2.213 1.353
2502 2.213 1.339
2503 2.213 1.323
2504 2.213 1.309
2505 2.213 1.293
2506 2.213 1.2790000000000001
2507 2.213 1.2630000000000001
2508 2.213 1.249
2509 2.213 1.233
2510 2.213 1.219
2511 2.213 1.203
2512 2.213 1.189
2513 2.213 1.173
2514 2.213 1.159
2515 2.213 1.143
2516 2.213 1.129
2517 2.213 1.113
2518 2.213 1.099
2519 2.213 1.083
2520 2.213 1.069
2521 2.213 1.053
2522 2.213 1.039
2523 2.213 1.0230000000000001
2524 2.213 1.0090000000000001
2525 2.213 0.993
2526 2.213 0.979
2527 2.213 0.963
2528 2.213 0.9490000000000001
2529 2.213 0.933
2530 2.213 0.919
2531 1.921 0.903
2532 1.921 0.889
2533 1.921 0.873
2534 1.921 0.859
2535 1.921 0.843
2536 1.921 0.8290000000000001
2537 1.921 0.8130000000000001
2538 1.921 0.799
2539 1.921 0.783
2540 1.921 0.769
2541 1.921 0.753
2542 1.921 0.739
2543 1.921 0.723
2544 1.921 0.709
2545 1.921 0.6930000000000001
2546 1.921 0.679
2547 1.921 0.663
2548 1.921 0.649
2549 1.921 0.633
2550 1.921 0.619
2551 1.921 0.603
2552 1.921 0.589
2553 1.921 0.5730000000000001
2554 1.921 0.559
2587 2.5 1.543
2588 2.5 1.557
2589 2.5 1.573
2590 2.5 1.587
2591 2.5 1.603
2592 2.5 1.617
2593 2.5 1.633
2594 2.5 1.647
2595 2.5 1.663
2596 2.5 1.677
2597 2.5 1.693
2598 2.5 1.707
2599 2.5 1.723
2600 2.5 1.737
2601 2.5 1.7530000000000001
2602 2.5 1.7670000000000001
2603 2.783 1.7830000000000001
2604 2.783 1.797
2605 2.783 1.813
2606 2.783 1.827
2700 3.5 2.781
2701 3.5 2.795
2702 3.5 2.811
2703 3.5 2.825
2704 3.5 2.841
2705 3.5 2.855
2706 3.5 2.871
2707 3.5 2.8850000000000002
2708 3.5 2.9010000000000002
2746 3.5 3.1590000000000003
2747 3.5 3.1750000000000003
2783 0.991 0.541
2784 0.991 0.559
2785 0.991 0.579
2786 0.991 0.597
2787 0.991 0.615
2788 0.991 0.633
2789 0.991 0.651
2790 0.991 0.669
2791 0.991 0.687
2792 0.991 0.705
2793 0.991 0.723
2794 0.991 0.741
2795 0.991 0.759
2796 0.991 0.777
2797 0.991 0.795
2798 1.619 0.811
2799 1.619 0.8290000000000001
2800 1.619 0.845
2801 1.619 0.863
2802 1.619 0.879
2803 1.619 0.897
2804 1.619 0.913
2805 1.619 0.929
2806 1.619 0.9470000000000001
2807 1.619 0.963
2808 1.619 0.981
2809 1.619 0.997
2824 0.756 0.163
2825 0.756 0.177
2826 0.756 0.193
2827 0.756 0.209
2828 0.756 0.225
2829 0.756 0.23900000000000002
2830 0.756 0.255
2831 0.756 0.271
2832 0.756 0.28700000000000003
2833 0.756 0.301
2834 0.756 0.333
2835 0.756 0.34900000000000003
2836 0.756 0.363
2837 0.756 0.379
2838 0.756 0.395
2839 0.756 0.41100000000000003
2840 0.756 0.425
2841 0.756 0.441
2842 0.756 0.47300000000000003
2843 0.756 0.487
2844 0.756 0.503
2845 0.756 0.519
2846 0.991 0.535
2847 0.991 0.549
2848 0.991 0.5650000000000001
2849 0.991 0.581
2850 0.991 0.595
2851 0.991 0.611
2852 0.991 0.627
2853 0.991 0.643
2854 0.991 0.657
2855 0.991 0.6890000000000001
2856 0.991 0.705
2857 0.991 0.719
2858 0.991 0.735
2859 0.991 0.751
2860 0.991 0.767
2861 0.991 0.781
2862 0.991 0.797
2863 0.991 0.8130000000000001
2864 0.991 0.329
2865 0.991 0.343
2866 0.991 0.355
2867 0.991 0.369
2868 0.991 0.383
2869 0.991 0.397
2870 0.991 0.41100000000000003
2871 0.991 0.425
2872 0.991 0.439
2873 0.991 0.467
2874 0.991 0.47900000000000004
2875 0.991 0.493
2876 0.991 0.507
2877 0.991 0.521
2878 0.991 0.535
2879 0.991 0.549
2880 0.991 0.5630000000000001
2881 0.991 0.577
2882 0.991 0.589
2883 0.991 0.603
2884 0.991 0.617
2885 0.991 0.631
2886 0.991 0.645
2887 0.991 0.659
2888 0.991 0.673
2889 0.991 0.687
2890 0.991 0.7010000000000001
2891 0.991 0.713
2892 0.991 0.727
2893 0.991 0.741
2894 0.991 0.769
2895 0.991 0.783
2896 0.991 0.797
2897 0.991 0.811
2898 0.991 0.449
2899 0.991 0.461
2900 0.991 0.47300000000000003
2901 0.991 0.485
2902 0.991 0.495
2903 0.991 0.507
2904 0.991 0.519
2905 0.991 0.531
2906 0.991 0.543
2907 0.991 0.553
2908 0.991 0.577
2909 0.991 0.589
2910 0.991 0.599
2911 0.991 0.611
2912 0.991 0.623
2913 0.991 0.635
2914 0.991 0.647
2915 0.991 0.669
2916 0.991 0.681
2917 0.991 0.6930000000000001
2918 0.991 0.7030000000000001
2919 0.991 0.715
2920 0.991 0.727
2921 0.991 0.739
2922 1.619 1.315
2923 1.619 1.329
2924 1.619 1.341
2925 1.619 1.355
2926 1.619 1.367
2927 1.619 1.381
2928 1.619 1.393
2929 1.619 1.407
2930 1.619 1.419
2931 1.619 1.431
2932 1.619 1.445
2933 1.619 1.457
2934 1.619 1.471
2935 1.619 1.483
2936 1.619 1.497
2937 1.619 1.5090000000000001
2938 1.619 1.5230000000000001
2939 1.619 1.5350000000000001
2940 1.619 1.549
2941 1.921 1.561
2942 1.921 1.573
2943 1.921 1.587
2944 1.921 1.599
2945 1.921 1.613
2946 1.921 1.625
2947 1.921 1.639
2948 1.921 1.293
2949 1.921 1.303
2950 1.921 1.313
2951 1.921 1.323
2952 1.921 1.333
2953 1.921 1.343
2954 1.921 1.353
2955 1.921 1.363
2956 1.921 1.373
2957 1.921 1.383
2958 1.921 1.393
2959 1.921 1.403
2960 1.921 1.413
2961 1.921 1.423
2962 1.921 1.433
2963 1.921 1.443
2964 1.921 1.453
2965 1.921 1.463
2966 1.921 1.475
2967 1.921 1.485
2968 1.921 1.495
2969 1.921 1.5050000000000001
2970 1.921 1.5150000000000001
2971 1.921 1.5250000000000001
2972 1.921 1.5350000000000001
2973 1.921 1.545
2974 1.921 1.555
2975 1.921 1.565
2976 1.921 1.575
2977 1.921 1.585
2978 1.921 1.595
2979 1.921 1.605
2980 1.921 1.615
2981 1.921 1.155
2982 1.921 1.163
2983 1.921 1.171
2984 1.921 1.179
2985 1.921 1.187
2986 1.921 1.195
2987 1.921 1.203
2988 1.921 1.211
2989 1.921 1.219
2990 1.921 1.227
2991 1.921 1.235
2992 1.921 1.243
2993 1.921 1.2510000000000001
2994 1.921 1.2590000000000001
2995 1.921 1.2670000000000001
2996 1.921 1.2670000000000001
2997 1.921 1.2750000000000001
2998 1.921 1.2750000000000001
2999 1.921 1.283
3000 1.921 1.283
3001 1.921 1.291
3002 1.921 1.299
3003 1.921 1.307
3004 1.921 1.315
3005 1.921 1.323
3006 1.921 1.331
3007 1.921 1.339
3008 1.921 1.347
3009 1.921 1.355
3010 1.921 1.363
3011 1.921 1.371
3012 1.921 1.379
3013 1.921 1.387
3014 1.921 1.395
3015 1.921 1.403
3016 1.921 1.411
3017 1.921 1.419
3018 1.921 1.427
3019 1.921 1.435
3020 1.921 1.443
3021 1.921 1.451
3022 1.921 1.459
3023 1.921 1.469
3024 1.921 1.477
3025 1.921 1.485
3026 1.921 1.493
3027 1.921 1.5010000000000001
3028 1.921 1.5090000000000001
3029 1.921 1.5170000000000001
3030 1.921 1.5250000000000001
3031 1.921 1.5330000000000001
3032 1.921 1.541
3033 1.921 1.549
3034 1.921 1.557
3035 1.921 1.565
3036 1.921 1.573
3037 1.921 1.581
3038 1.921 1.589
3039 1.921 1.597
3040 1.921 1.605
3041 0.991 0.759
3042 0.991 0.779
3043 0.991 0.797
3044 0.991 0.8150000000000001
3045 0.991 0.833
3046 0.991 0.853
3047 0.991 0.871
3048 0.991 0.889
3049 0.991 0.907
3050 0.991 0.927
3051 0.991 0.9450000000000001
3052 0.991 0.963
3053 1.619 1.167
3054 1.619 1.185
3055 1.619 1.205
3056 1.619 1.223
3057 1.619 1.241
3058 1.619 1.2590000000000001
3059 1.619 1.2790000000000001
3060 1.619 1.297
3061 1.619 1.315
3062 1.619 1.333
3063 1.619 1.353
3064 1.619 1.371
3065 1.619 1.389
3066 1.619 1.407
3067 1.619 1.427
3068 1.619 1.445
3069 1.619 1.463
3070 1.619 1.481
3071 1.619 1.5010000000000001
3072 1.619 1.5190000000000001
3073 1.619 1.537
3074 1.619 1.555
3075 1.619 1.575
3076 1.619 1.593
3077 1.619 1.593
3078 1.619 1.611
3079 1.619 1.631
3080 1.619 1.649
3081 1.619 1.667
3082 1.619 1.685
3083 1.619 1.705
3084 1.921 1.723
3085 1.921 1.741
3086 1.921 1.7590000000000001
3087 1.921 1.7790000000000001
3088 0.991 0.491
3089 0.991 0.507
3090 0.991 0.523
3091 0.991 0.539
3092 0.991 0.555
3093 0.991 0.5710000000000001
3094 0.991 0.587
3095 0.991 0.603
3096 0.991 0.619
3097 0.991 0.635
3098 0.991 0.651
3099 0.991 0.667
3100 0.991 0.683
3101 0.991 0.6990000000000001
3102 0.991 0.715
3103 0.991 0.731
3104 1.619 0.971
3105 1.619 0.985
3106 1.619 1.0010000000000001
3107 1.619 1.0170000000000001
3108 1.619 1.033
3109 1.619 1.049
3110 1.619 1.065
3111 1.619 1.081
3112 1.619 1.097
3113 1.619 1.113
3114 1.619 1.129
3115 1.619 1.145
3116 1.619 1.161
3117 1.619 1.177
3118 1.619 1.193
3119 1.619 1.209
3120 1.619 1.225
3121 1.619 1.241
3122 1.619 1.2570000000000001
3123 1.619 1.2730000000000001
3124 1.619 1.289
3125 1.619 1.305
3126 1.619 1.321
3127 1.619 1.337
3128 1.619 1.353
3129 1.619 1.369
3130 1.619 1.385
3131 1.619 1.401
3132 1.619 1.417
3133 1.619 1.433
3134 1.619 1.449
3135 1.619 1.465
3136 1.619 1.481
3137 1.619 1.497
3138 1.619 1.5130000000000001
3139 1.619 1.5290000000000001
3140 1.619 1.545
3141 1.619 1.561
3142 1.619 1.577
3143 1.921 1.689
3144 1.921 1.705
3145 1.921 1.721
3146 1.921 1.737
3147 1.921 1.7530000000000001
3148 1.921 1.7690000000000001
3149 1.921 1.7850000000000001
3150 1.921 1.801
3151 1.921 1.817
3152 1.921 1.833
3153 1.921 1.849
3154 1.619 0.725
3155 1.619 0.737
3156 1.619 0.749
3157 1.619 0.761
3158 1.619 0.775
3159 1.619 0.787
3160 1.619 0.799
3161 1.619 0.811
3162 1.619 0.8230000000000001
3163 1.619 0.835
3164 1.619 0.847
3165 1.619 0.861
3166 1.619 0.873
3167 1.619 0.885
3168 1.619 0.897
3169 1.619 0.909
3170 1.619 0.921
3171 1.619 0.935
3172 1.619 0.9470000000000001
3173 1.619 0.9470000000000001
3174 1.619 0.9590000000000001
3175 1.619 0.971
3176 1.619 0.983
3177 1.619 0.995
3178 1.619 1.0070000000000001
3179 1.619 1.0210000000000001
3180 1.619 1.033
3181 1.619 1.045
3182 1.619 1.057
3183 1.619 1.069
3184 1.619 1.081
3185 1.619 1.093
3186 1.619 1.107
3187 1.619 1.119
3188 1.619 1.131
3189 1.619 1.143
3190 1.619 1.155
3191 1.619 1.167
3192 1.619 1.181
3193 1.619 1.193
3194 1.619 1.205
3195 1.619 1.217
3196 1.619 1.229
3197 1.619 1.241
3198 1.619 1.2530000000000001
3199 1.921 1.2670000000000001
3200 1.921 1.2790000000000001
3201 1.921 1.291
3202 1.921 1.303
3203 1.921 1.303
3204 1.921 1.315
3205 1.921 1.327
3206 1.921 1.341
3207 1.921 1.353
3208 1.921 1.365
3209 1.921 1.377
3210 1.921 1.389
3211 1.921 1.401
3212 1.921 1.413
3213 1.921 1.427
3214 1.921 1.439
3215 1.921 1.451
3216 1.921 1.463
3217 1.921 1.475
3218 1.921 1.487
3219 1.921 1.499
3220 1.921 1.5130000000000001
3221 1.921 1.5250000000000001
3222 1.921 1.537
3223 1.921 1.549
3224 1.921 1.561
3225 1.921 1.573
3226 1.921 1.587
3227 1.921 1.599
3228 1.921 1.611
3229 1.921 1.623
3230 1.921 1.635
3231 1.921 1.647
3232 1.921 1.659
3233 1.921 1.673
3234 1.921 1.685
3235 1.921 1.697
3236 1.921 1.709
3237 1.921 1.721
3238 1.921 1.735
3239 1.921 1.747
3240 1.921 1.7590000000000001
3241 1.921 1.7710000000000001
3242 1.921 1.7830000000000001
3243 1.921 1.795
3244 1.921 1.809
3245 1.921 1.821
3246 1.921 1.833
3247 1.921 1.117
3248 1.921 1.127
3249 1.921 1.137
3250 1.921 1.145
3251 1.921 1.155
3252 1.921 1.165
3253 1.921 1.175
3254 1.921 1.183
3255 1.921 1.193
3256 1.921 1.203
3257 1.921 1.213
3258 1.921 1.221
3259 1.921 1.231
3260 1.921 1.241
3261 1.921 1.2510000000000001
3262 1.921 1.2590000000000001
3263 1.921 1.2690000000000001
3264 1.921 1.2790000000000001
3265 1.921 1.287
3266 1.921 1.297
3267 1.921 1.307
3268 1.921 1.317
3269 1.921 1.325
3270 1.921 1.335
3271 1.921 1.345
3272 1.921 1.355
3273 1.921 1.363
3274 1.921 1.373
3275 1.921 1.383
3276 1.921 1.393
3277 1.921 1.401
3278 1.921 1.411
3279 1.921 1.421
3280 1.921 1.429
3281 1.921 1.439
3282 1.921 1.449
3283 2.213 1.459
3284 2.213 1.467
3285 2.213 1.477
3286 2.213 1.487
3287 2.213 1.497
3288 2.213 1.5050000000000001
3289 2.213 1.5150000000000001
3290 2.213 1.5250000000000001
3291 2.213 1.5350000000000001
3292 2.213 1.543
3293 2.213 1.657
3294 2.213 1.667
3295 2.213 1.677
3296 2.213 1.687
3297 2.213 1.695
3298 2.213 1.705
3299 2.213 1.715
3300 2.213 1.725
3301 2.213 1.733
3302 2.213 1.819
3303 2.213 1.829
3304 2.213 1.837
3305 2.213 1.847
3306 2.213 1.857
3307 2.213 1.867
3308 2.213 1.875
3309 2.213 1.885
3310 1.619 1.645
3311 1.619 1.665
3312 1.921 1.683
3313 1.921 1.703
3314 1.921 1.721
3315 1.921 1.741
3316 1.921 1.7610000000000001
3317 1.921 1.7790000000000001
3318 1.921 1.799
3319 1.921 1.817
3320 1.921 1.837
3321 1.921 1.857
3322 1.921 1.875
3323 1.921 1.895
3324 1.921 1.913
3325 1.921 1.933
3326 1.921 1.951
3327 1.921 1.971
3328 1.921 1.991
3329 2.213 2.009
3330 2.213 2.029
3331 1.619 1.417
3332 1.619 1.433
3333 1.619 1.449
3334 1.921 1.465
3335 1.921 1.481
3336 1.921 1.497
3337 1.921 1.5150000000000001
3338 1.921 1.5310000000000001
3339 1.921 1.547
3340 1.921 1.563
3341 1.921 1.579
3342 1.921 1.595
3343 1.921 1.611
3344 1.921 1.627
3345 1.921 1.643
3346 1.921 1.661
3347 1.921 1.677
3348 1.921 1.693
3349 1.921 1.709
3350 1.921 1.725
3351 1.921 1.741
3352 1.921 1.7570000000000001
3353 1.921 1.7730000000000001
3354 1.921 1.7910000000000001
3355 1.921 1.807
3356 1.921 1.823
3357 1.921 1.839
3358 1.921 1.855
3359 2.213 1.871
3360 2.213 1.889
3361 2.213 1.905
3362 2.213 1.921
3363 2.213 1.937
3364 2.213 1.953
3365 2.213 1.969
3366 2.213 1.985
3367 2.213 2.001
3368 2.213 2.019
3369 2.213 2.035
3370 2.213 2.051
3371 2.213 2.067
3372 2.213 2.083
3373 2.213 2.099
3374 2.213 2.115
3375 2.213 2.1310000000000002
3376 2.213 2.149
3377 2.213 1.611
3378 2.213 1.625
3379 2.213 1.639
3380 2.213 1.651
3381 2.213 1.665
3382 2.213 1.679
3383 2.213 1.691
3384 2.213 1.705
3385 2.213 1.719
3386 2.213 1.731
3387 2.213 1.745
3388 2.213 1.7570000000000001
3389 2.213 1.7710000000000001
3390 2.213 1.7850000000000001
3391 2.213 1.797
3392 2.213 1.811
3393 2.213 1.825
3394 2.213 1.837
3395 2.213 1.851
3396 2.213 1.865
3397 2.213 1.877
3398 2.213 1.891
3399 2.213 1.905
3400 2.213 1.917
3401 2.213 1.931
3402 2.213 1.945
3403 2.213 1.957
3404 2.213 1.971
3405 2.213 1.985
3406 2.213 1.997
3407 2.213 2.011
3408 2.213 2.025
3409 2.213 2.037
3410 2.213 2.051
3411 2.5 2.065
3412 2.5 2.077
3413 2.5 2.091
3414 2.5 2.105
3415 2.5 2.117
3416 2.5 2.1310000000000002
3417 2.5 2.145
3418 2.5 2.157
3419 2.5 2.1710000000000003
3420 2.5 2.185
3421 2.5 2.197
3422 2.5 2.211
3423 2.5 2.225
3424 2.5 2.237
3425 2.5 2.251
3426 2.5 2.265
3427 2.5 2.277
3428 2.5 2.291
3429 2.5 2.305
3430 2.5 2.317
3431 2.5 2.331
3432 2.5 2.345
3433 2.5 2.357
3434 2.213 1.371
3435 2.213 1.383
3436 2.213 1.393
3437 2.213 1.403
3438 2.213 1.415
3439 2.213 1.425
3440 2.213 1.437
3441 2.213 1.447
3442 2.213 1.457
3443 2.213 1.469
3444 2.213 1.479
3445 2.213 1.491
3446 2.213 1.5010000000000001
3447 2.213 1.5110000000000001
3448 2.213 1.5230000000000001
3449 2.213 1.5330000000000001
3450 2.213 1.545
3451 2.213 1.555
3452 2.213 1.565
3453 2.213 1.577
3454 2.213 1.587
3455 2.213 1.599
3456 2.213 1.609
3457 2.213 1.621
3458 2.213 1.631
3459 2.213 1.641
3460 2.213 1.653
3461 2.213 1.663
3462 2.213 1.675
3463 2.5 1.685
3464 2.5 1.695
3465 2.5 1.707
3466 2.5 1.717
3467 2.5 1.729
3468 2.5 1.739
3469 2.5 1.749
3470 2.5 1.7610000000000001
3471 2.5 1.7710000000000001
3472 2.5 1.7830000000000001
3473 2.5 1.793
3474 2.5 1.803
3475 2.5 1.815
3476 2.5 1.825
3477 2.5 1.837
3478 2.5 1.847
3479 2.5 1.857
3480 2.5 1.869
3481 2.5 1.879
3482 2.5 1.891
3483 2.5 1.901
3484 2.5 1.911
3485 2.5 1.923
3486 2.5 1.933
3487 2.5 1.945
3488 2.5 1.955
3489 2.5 1.965
3490 2.5 1.977
3491 2.5 1.987
3492 2.5 1.999
3493 2.5 2.009
3494 2.5 2.019
3495 2.5 2.031
3496 2.5 2.041
3497 2.5 2.053
3498 2.5 2.063
3499 2.5 2.075
3500 2.5 2.085
3501 2.5 2.095
3502 2.5 2.107
3503 2.5 2.117
3504 2.5 2.129
3505 2.5 2.1390000000000002
3506 2.5 2.149
3507 2.5 2.161
3508 2.5 2.1710000000000003
3509 2.5 2.183
3510 2.5 2.193
3511 2.5 2.203
3512 2.5 2.215
3513 2.5 2.225
3514 2.5 2.237
3515 2.5 2.247
3516 2.5 2.257
3517 2.5 2.269
3518 2.5 2.279
3519 2.5 2.291
3520 2.5 2.301
3521 2.783 2.311
3522 2.783 2.323
3523 2.783 2.333
3524 2.783 2.345
3525 2.783 2.355
3526 2.783 2.365
3527 2.783 2.3770000000000002
3528 2.783 2.387
3529 2.783 2.399
3530 2.783 2.4090000000000003
3531 2.783 2.419
3532 2.783 2.431
3533 2.783 2.061
3534 2.783 2.069
3535 2.783 2.077
3536 2.783 2.085
3537 2.783 2.093
3538 2.783 2.101
3539 2.783 2.109
3540 2.783 2.117
3541 2.783 2.125
3542 2.783 2.133
3543 2.783 2.141
3544 2.783 2.149
3545 2.783 2.157
3546 2.783 2.165
3547 2.783 2.173
3548 2.783 2.181
3549 2.783 2.189
3550 2.783 2.197
3551 2.783 2.205
3552 2.783 2.213
3553 2.783 2.221
3554 2.783 2.229
3555 2.783 2.237
3556 2.783 2.245
3557 2.783 2.253
3558 2.783 2.261
3559 2.783 2.269
3560 2.783 2.277
3561 2.783 2.285
3562 2.783 2.293
3563 2.783 2.301
3564 2.783 2.309
3565 2.783 2.317
3566 2.783 2.325
3567 2.783 2.333
3568 2.783 2.341
3569 2.783 2.349
3570 2.783 2.357
3571 2.783 2.365
3572 2.783 2.373
3573 2.783 2.3810000000000002
3574 2.783 2.3890000000000002
3575 2.783 2.3970000000000002
3576 2.783 2.4050000000000002
3577 2.783 2.4130000000000003
3578 2.783 2.4210000000000003
3579 2.783 2.4290000000000003
3580 2.783 2.437
3581 2.783 2.445
3582 2.783 2.453
3583 2.783 2.461
3584 2.783 2.469
3585 2.783 2.477
3586 2.783 2.485
3587 1.619 0.777
3588 1.619 0.795
3589 1.619 0.811
3590 1.619 0.8290000000000001
3591 1.619 0.845
3592 1.619 0.863
3593 1.619 0.879
3594 1.619 0.897
3595 1.619 0.913
3596 1.619 0.931
3597 1.619 0.9470000000000001
3598 1.619 0.965
3599 1.619 0.981
3600 1.619 0.999
3601 1.619 1.0150000000000001
3602 1.619 1.033
3603 1.619 1.049
3604 1.619 1.067
3605 1.619 1.169
3606 1.619 1.185
3607 1.619 1.203
3608 1.619 1.219
3609 1.619 1.237
3610 1.619 1.2530000000000001
3611 1.619 1.2710000000000001
3612 1.619 1.287
3613 1.619 1.305
3614 1.619 1.321
3615 1.619 1.339
3616 1.619 1.355
3617 1.619 1.373
3618 1.619 1.389
3619 1.619 1.407
3620 1.619 1.423
3621 1.619 1.441
3622 1.619 1.457
3623 1.921 1.5090000000000001
3624 1.921 1.5250000000000001
3625 1.921 1.543
3626 1.921 1.559
3627 1.921 1.577
3628 1.921 1.593
3629 1.921 1.611
3630 1.921 1.627
3631 1.921 1.645
3632 1.921 1.661
3633 1.921 1.679
3634 1.921 1.695
3635 1.921 1.713
3636 1.921 1.729
3637 1.921 1.747
3638 1.921 1.085
3639 1.921 1.099
3640 1.921 1.113
3641 1.921 1.125
3642 1.921 1.139
3643 1.921 1.153
3644 1.921 1.167
3645 1.921 1.181
3646 1.921 1.193
3647 1.921 1.207
3648 1.921 1.221
3649 1.921 1.235
3650 1.921 1.249
3651 1.921 1.2630000000000001
3652 1.921 1.2750000000000001
3653 1.921 1.289
3654 1.921 1.303
3655 1.921 1.317
3656 1.921 1.331
3657 1.921 1.345
3658 1.921 1.357
3659 1.921 1.371
3660 1.921 1.385
3661 1.921 1.399
3662 1.921 1.413
3663 1.921 1.425
3664 1.921 1.439
3665 1.921 1.453
3666 1.921 1.467
3667 1.921 1.481
3668 1.921 1.495
3669 1.921 1.5070000000000001
3670 1.921 1.5210000000000001
3671 1.921 1.5350000000000001
3672 2.213 1.549
3673 2.213 1.563
3674 2.213 1.577
3675 2.213 1.589
3676 2.213 1.603
3677 2.213 1.617
3678 2.213 1.631
3679 2.213 1.645
3680 2.213 1.659
3681 2.213 1.671
3682 2.213 1.685
3683 2.213 1.699
3684 2.213 1.713
3685 2.213 1.727
3686 2.213 1.739
3687 2.213 1.7530000000000001
3688 2.213 1.7670000000000001
3689 2.213 1.7810000000000001
3690 2.213 1.795
3691 2.213 1.809
3692 2.213 1.821
3693 2.213 1.835
3694 2.213 1.849
3695 2.213 1.863
3696 2.213 1.877
3697 2.213 1.467
3698 2.213 1.479
3699 2.213 1.489
3700 2.213 1.5010000000000001
3701 2.213 1.5110000000000001
3702 2.213 1.5230000000000001
3703 2.213 1.5330000000000001
3704 2.213 1.545
3705 2.213 1.555
3706 2.213 1.567
3707 2.5 1.577
3708 2.5 1.589
3709 2.5 1.601
3710 2.5 1.611
3711 2.5 1.623
3712 2.5 1.633
3713 2.5 1.645
3714 2.5 1.655
3715 2.5 1.667
3716 2.5 1.677
3717 2.5 1.689
3718 2.5 1.699
3719 2.5 1.711
3720 2.5 1.721
3721 2.5 1.743
3722 2.5 1.7550000000000001
3723 2.5 1.7650000000000001
3724 2.5 1.7770000000000001
3725 2.5 1.7870000000000001
3726 2.5 1.799
3727 2.5 1.809
3728 2.5 1.821
3729 2.5 1.831
3730 2.5 1.843
3731 2.5 1.853
3732 2.5 1.865
3733 2.5 1.875
3734 2.5 1.887
3735 2.5 1.897
3736 2.5 1.909
3737 2.5 1.919
3738 2.5 1.931
3739 2.5 1.941
3740 2.5 1.953
3741 2.5 1.985
3742 2.5 1.997
3743 2.5 2.007
3744 2.5 2.019
3745 2.5 2.029
3746 2.5 2.041
3747 2.5 2.051
3748 2.5 2.063
3749 2.5 2.073
3750 2.5 2.085
3751 2.5 2.095
3752 2.5 2.107
3753 2.5 2.117
3754 2.5 2.129
3755 2.5 2.1390000000000002
3756 2.5 2.1510000000000002
3757 2.5 2.161
3758 0.756 0.027
3759 0.756 0.047
3760 0.756 0.067
3761 0.756 0.085
3762 0.756 0.105
3763 0.756 0.123
3764 0.756 0.14300000000000002
3765 0.756 0.163
3766 0.756 0.181
3767 0.756 0.201
3768 0.756 0.219
3769 0.756 0.23900000000000002
3770 0.756 0.259
3771 0.756 0.277
3772 0.756 0.297
3773 0.756 0.315
3774 0.991 0.335
3775 0.991 0.355
3776 0.991 0.373
3777 0.991 0.393
3778 0.991 0.41100000000000003
3779 0.991 0.431
3780 0.991 0.451
3781 0.991 0.46900000000000003
3782 0.991 0.489
3783 0.991 0.507
3784 0.991 0.527
3785 0.991 0.547
3786 0.991 0.5650000000000001
3787 0.991 0.585
3788 0.991 0.603
3789 0.991 0.623
3790 0.991 0.643
3791 0.991 0.661
3792 0.991 0.681
3793 0.991 0.6990000000000001
3794 0.991 0.719
3795 0.991 0.739
3796 0.991 0.757
3797 0.991 0.777
3798 0.991 0.795
3799 0.991 0.8150000000000001
3800 0.991 0.835
3801 0.991 0.853
3802 0.991 0.873
3803 0.991 0.891
3804 0.991 0.911
3805 0.991 0.931
3806 1.619 1.295
3807 1.619 1.315
3808 1.619 1.333
3809 1.619 1.353
3810 1.619 1.371
3811 1.619 1.391
3812 1.619 1.411
3813 1.619 1.429
3814 1.619 1.449
3815 1.619 1.467
3816 1.619 1.487
3817 1.619 1.5070000000000001
3818 1.619 1.5250000000000001
3819 1.619 1.545
3820 1.619 1.563
3821 1.619 1.583
3822 1.619 1.603
3823 1.619 1.621
3824 1.619 1.641
3825 1.921 1.659
3826 1.921 1.679
3827 1.921 1.697
3828 1.921 1.717
3829 1.921 1.737
3830 1.921 1.7550000000000001
3831 1.921 1.7750000000000001
3832 1.921 1.793
3833 1.921 1.813
3834 1.921 1.833
3835 1.921 1.851
3836 1.921 1.871
3837 1.921 1.889
3838 1.921 1.909
3839 1.921 1.929
3840 1.921 1.947
3841 1.921 1.967
3842 2.213 1.985
3843 2.213 2.005
3844 2.213 2.025
3845 2.213 2.043
3846 2.213 2.063
3847 2.213 2.081
3848 0.991 0.517
3849 0.991 0.533
3850 0.991 0.551
3851 0.991 0.5690000000000001
3852 0.991 0.585
3853 0.991 0.603
3854 0.991 0.621
3855 0.991 0.637
3856 0.991 0.655
3857 0.991 0.673
3858 0.991 0.6910000000000001
3859 0.991 0.707
3860 1.619 0.725
3861 1.619 0.743
3862 1.619 0.759
3863 1.619 0.777
3864 1.619 0.795
3865 1.619 0.8130000000000001
3866 1.619 0.8290000000000001
3867 1.619 0.847
3868 1.619 0.865
3869 1.619 0.881
3870 1.619 0.899
3871 1.619 0.917
3872 1.619 0.933
3873 1.619 0.9510000000000001
3874 1.619 0.969
3875 1.619 0.987
3876 1.619 1.0030000000000001
3877 1.619 1.0210000000000001
3878 1.619 1.039
3879 1.619 1.055
3880 1.619 1.073
3881 1.619 1.091
3882 1.619 1.109
3883 1.619 1.125
3884 1.619 1.143
3885 1.619 1.161
3886 1.619 1.177
3887 1.619 1.195
3888 1.619 1.213
3889 1.619 1.229
3890 1.619 1.247
3891 1.619 1.2650000000000001
3892 1.619 1.283
3893 1.619 1.283
3894 1.619 1.299
3895 1.619 1.317
3896 1.619 1.335
3897 1.619 1.351
3898 1.619 1.369
3899 1.619 1.387
3900 1.619 1.405
3901 1.619 1.421
3902 1.619 1.439
3903 1.619 1.457
3904 1.619 1.473
3905 1.619 1.491
3906 1.921 1.5090000000000001
3907 1.921 1.5250000000000001
3908 1.921 1.543
3909 1.921 1.561
3910 1.921 1.579
3911 1.921 1.595
3912 1.921 1.613
3913 1.921 1.631
3914 1.921 1.647
3915 1.921 1.665
3916 1.921 1.683
3917 1.921 1.701
3918 1.921 1.717
3919 1.921 1.735
3920 1.921 1.7530000000000001
3921 1.921 1.7690000000000001
3922 1.921 1.7870000000000001
3923 1.921 1.805
3924 1.921 1.821
3925 1.921 1.839
3926 1.921 1.857
3927 1.921 1.875
3928 2.213 1.891
3929 2.213 1.909
3930 2.213 1.927
3931 2.213 1.943
3932 2.213 1.961
3933 2.213 1.979
3934 2.213 1.997
3935 2.213 2.013
3936 2.213 2.031
3937 2.213 2.049
3938 2.213 2.065
3939 1.619 0.923
3940 1.619 0.937
3941 1.619 0.9530000000000001
3942 1.619 0.967
3943 1.619 0.983
3944 1.619 0.997
3945 1.619 1.0130000000000001
3946 1.619 1.027
3947 1.619 1.041
3948 1.921 1.057
3949 1.921 1.071
3950 1.921 1.087
3951 1.921 1.101
3952 1.921 1.117
3953 1.921 1.131
3954 1.921 1.145
3955 1.921 1.161
3956 1.921 1.175
3957 1.921 1.191
3958 1.921 1.205
3959 1.921 1.221
3960 1.921 1.235
3961 1.921 1.249
3962 1.921 1.2650000000000001
3963 1.921 1.2790000000000001
3964 1.921 1.295
3965 1.921 1.309
3966 1.921 1.325
3967 1.921 1.339
3968 1.921 1.353
3969 1.921 1.369
3970 1.921 1.383
3971 1.921 1.399
3972 1.921 1.413
3973 1.921 1.429
3974 1.921 1.443
3975 1.921 1.457
3976 1.921 1.473
3977 1.921 1.487
3978 1.921 1.5030000000000001
3979 1.921 1.5170000000000001
3980 1.921 1.5310000000000001
3981 1.921 1.547
3982 1.921 1.561
3983 1.921 1.591
3984 1.921 1.607
3985 1.921 1.621
3986 1.921 1.635
3987 2.213 1.651
3988 2.213 1.665
3989 2.213 1.681
3990 2.213 1.695
3991 2.213 1.711
3992 2.213 1.725
3993 2.213 1.739
3994 2.213 1.7550000000000001
3995 2.213 1.7690000000000001
3996 2.213 1.7850000000000001
3997 2.213 1.799
3998 2.213 1.815
3999 2.213 1.829
4000 2.213 1.843
4001 2.213 1.859
4002 2.213 1.873
4003 2.213 1.889
4004 2.213 1.903
4005 2.213 1.919
4006 2.213 1.933
4007 2.213 1.947
4008 2.213 1.963
4009 2.213 1.977
4010 2.213 1.993
4011 2.213 2.007
4012 2.213 2.023
4013 2.213 2.037
4014 2.213 2.051
4015 2.5 2.081
4016 2.5 2.097
4017 2.5 2.111
4018 2.5 2.1270000000000002
4019 2.5 2.141
4020 2.5 2.1550000000000002
4021 2.5 2.1710000000000003
4022 2.5 2.185
4023 2.5 2.201
4024 2.5 2.215
4025 2.5 2.231
4026 2.5 2.245
4027 2.5 2.259
4028 2.213 1.2650000000000001
4029 2.213 1.2770000000000001
4030 2.213 1.289
4031 2.213 1.301
4032 2.213 1.315
4033 2.213 1.327
4034 2.213 1.339
4035 2.213 1.351
4036 2.213 1.365
4037 2.213 1.377
4038 2.213 1.389
4039 2.213 1.401
4040 2.213 1.413
4041 2.213 1.427
4042 2.213 1.439
4043 2.213 1.451
4044 2.213 1.463
4045 2.213 1.477
4046 2.213 1.489
4047 2.213 1.5010000000000001
4048 2.213 1.5130000000000001
4049 2.213 1.5270000000000001
4050 2.213 1.539
4051 2.213 1.551
4052 2.213 1.563
4053 2.213 1.577
4054 2.213 1.589
4055 2.213 1.601
4056 2.213 1.613
4057 2.213 1.625
4058 2.213 1.639
4059 2.213 1.651
4060 2.213 1.663
4061 2.213 1.675
4062 2.213 1.689
4063 2.213 1.701
4064 2.213 1.713
4065 2.213 1.725
4066 2.213 1.739
4067 2.213 1.7510000000000001
4068 2.213 1.7630000000000001
4069 2.213 1.7750000000000001
4070 2.5 1.7870000000000001
4071 2.5 1.801
4072 2.5 1.813
4073 2.5 1.825
4074 2.5 1.837
4075 2.5 1.851
4076 2.5 1.863
4077 2.5 1.875
4078 2.5 1.887
4079 2.5 1.901
4080 2.5 1.913
4081 2.5 1.925
4082 2.5 1.937
4083 2.5 1.949
4084 2.5 1.963
4085 2.5 1.975
4086 2.5 1.987
4087 2.5 1.999
4088 2.5 2.013
4089 2.5 2.025
4090 2.5 2.037
4091 2.5 2.063
4092 2.5 2.075
4093 2.5 2.087
4094 2.5 2.099
4095 2.5 2.111
4096 2.5 2.125
4097 2.5 2.137
4098 2.5 2.149
4099 2.5 2.161
4100 2.5 2.1750000000000003
4101 2.5 2.187
4102 2.5 2.199
4103 2.5 2.211
4104 2.5 2.225
4105 2.5 2.237
4106 2.5 2.249
4107 2.5 2.261
4108 2.5 2.275
4109 2.783 2.287
4110 2.783 2.299
4111 2.783 2.311
4112 2.783 2.323
4113 2.783 2.337
4114 2.783 2.349
4115 2.783 2.361
4116 2.783 2.373
4117 2.783 2.387
4118 2.783 2.399
4119 2.783 2.411
4120 2.5 1.817
4121 2.5 1.829
4122 2.5 1.841
4123 2.5 1.851
4124 2.5 1.863
4125 2.5 1.875
4126 2.5 1.885
4127 2.5 1.897
4128 2.5 1.909
4129 2.5 1.919
4130 2.5 1.931
4131 2.5 1.943
4132 2.5 1.953
4133 2.5 1.965
4134 2.5 1.977
4135 2.5 1.989
4136 2.5 1.999
4137 2.5 2.011
4138 2.5 2.023
4139 2.5 2.033
4140 2.5 2.045
4141 2.5 2.057
4142 2.5 2.067
4143 2.5 2.079
4144 2.5 2.091
4145 2.5 2.103
4146 2.5 2.113
4147 2.5 2.125
4148 2.5 2.137
4149 2.5 2.1470000000000002
4150 2.783 2.1590000000000003
4151 2.783 2.1710000000000003
4152 2.783 2.181
4153 2.783 2.193
4154 2.783 2.205
4155 2.783 2.217
4156 2.783 2.227
4157 2.783 2.239
4158 2.783 2.251
4159 2.783 2.261
4160 2.783 2.273
4161 2.783 2.285
4162 2.783 2.295
4163 2.783 2.307
4164 2.783 2.319
4165 2.783 2.331
4166 2.783 2.341
4167 2.783 2.353
4168 2.783 2.365
4169 2.783 2.375
4170 2.783 2.387
4171 2.783 2.399
4172 2.783 2.399
4173 2.783 2.4090000000000003
4174 2.783 2.4210000000000003
4175 2.783 2.433
4176 2.783 2.445
4177 2.783 2.455
4178 2.783 2.467
4179 2.783 2.479
4180 2.783 2.489
4181 2.783 2.501
4182 2.783 2.513
4183 2.783 2.523
4184 2.783 2.535
4185 0.756 0.095
4186 0.756 0.115
4187 0.756 0.135
4188 0.756 0.153
4189 0.756 0.17300000000000001
4190 0.756 0.193
4191 0.756 0.213
4192 0.756 0.233
4193 0.756 0.253
4194 0.991 0.271
4195 0.991 0.291
4196 0.991 0.311
4197 0.991 0.331
4198 0.991 0.35100000000000003
4199 0.991 0.371
4200 0.991 0.389
4201 0.991 0.40900000000000003
4202 0.991 0.429
4203 0.991 0.449
4204 0.991 0.46900000000000003
4205 0.991 0.487
4206 0.991 0.507
4207 0.991 0.527
4208 0.991 0.547
4209 0.991 0.5670000000000001
4210 0.991 0.587
4211 0.991 0.605
4212 0.991 0.625
4213 0.991 0.645
4214 0.991 0.645
4215 0.991 0.665
4216 0.991 0.665
4217 0.991 0.685
4218 0.991 0.685
4219 0.991 0.705
4220 0.991 0.723
4221 0.991 0.743
4222 0.991 0.763
4223 0.991 0.783
4224 0.991 0.803
4225 0.991 0.8210000000000001
4226 0.991 0.841
4227 0.991 0.861
4228 0.991 0.881
4229 0.991 0.901
4230 0.991 0.921
4231 0.991 0.9390000000000001
4232 0.991 0.9590000000000001
4233 0.991 0.979
4234 0.991 0.999
4235 0.991 1.0190000000000001
4236 0.991 1.039
4237 1.619 1.057
4238 1.619 1.077
4239 1.619 1.097
4240 1.619 1.117
4241 1.619 1.117
4242 1.619 1.137
4243 1.619 1.137
4244 1.619 1.155
4245 1.619 1.155
4246 1.619 1.175
4247 1.619 1.195
4248 1.619 1.215
4249 1.619 1.235
4250 1.619 1.2550000000000001
4251 1.619 1.2730000000000001
4252 1.619 1.293
4253 1.619 1.313
4254 1.619 1.333
4255 1.619 1.353
4256 1.619 1.373
4257 1.619 1.391
4258 1.619 1.411
4259 1.619 1.431
4260 1.619 1.451
4261 1.619 1.471
4262 1.619 1.489
4263 1.619 1.5090000000000001
4264 1.619 1.5290000000000001
4265 1.619 1.549
4266 1.619 1.549
4267 1.619 1.569
4268 1.619 1.569
4269 1.619 1.589
4270 1.619 1.607
4271 1.921 1.627
4272 1.921 1.647
4273 1.921 1.667
4274 1.921 1.687
4275 1.921 1.707
4276 1.921 1.725
4277 1.921 1.745
4278 1.921 1.7650000000000001
4279 1.921 1.7850000000000001
4280 1.921 1.805
4281 1.921 1.823
4282 1.921 1.843
4283 1.921 1.863
4284 1.921 1.883
4285 1.921 1.903
4286 1.921 1.923
4287 1.921 1.941
4288 0.991 0.34700000000000003
4289 0.991 0.365
4290 0.991 0.383
4291 0.991 0.401
4292 1.619 0.417
4293 1.619 0.435
4294 1.619 0.453
4295 1.619 0.47100000000000003
4296 1.619 0.489
4297 1.619 0.507
4298 1.619 0.525
4299 1.619 0.543
4300 1.619 0.561
4301 1.619 0.579
4302 1.619 0.597
4303 1.619 0.615
4304 1.619 0.633
4305 1.619 0.633
4306 1.619 0.651
4307 1.619 0.651
4308 1.619 0.669
4309 1.619 0.669
4310 1.619 0.687
4311 1.619 0.687
4312 1.619 0.705
4313 1.619 0.705
4314 1.619 0.723
4315 1.619 0.723
4316 1.619 0.741
4317 1.619 0.759
4318 1.619 0.775
4319 1.619 0.793
4320 1.619 0.811
4321 1.619 0.8290000000000001
4322 1.619 0.847
4323 1.619 0.865
4324 1.619 0.883
4325 1.619 0.901
4326 1.619 0.919
4327 1.619 0.937
4328 1.619 0.9550000000000001
4329 1.619 0.973
4330 1.619 0.991
4331 1.619 1.0090000000000001
4332 1.619 1.027
4333 1.619 1.045
4334 1.619 1.063
4335 1.619 1.081
4336 1.619 1.099
4337 1.619 1.115
4338 1.619 1.115
4339 1.619 1.133
4340 1.619 1.133
4341 1.619 1.151
4342 1.619 1.151
4343 1.619 1.169
4344 1.619 1.169
4345 1.619 1.187
4346 1.619 1.187
4347 1.619 1.205
4348 1.619 1.223
4349 1.619 1.241
4350 1.619 1.2590000000000001
4351 1.619 1.2770000000000001
4352 1.619 1.295
4353 1.619 1.313
4354 1.619 1.331
4355 1.619 1.349
4356 1.619 1.367
4357 1.619 1.385
4358 1.921 1.403
4359 1.921 1.421
4360 1.921 1.439
4361 1.921 1.455
4362 1.921 1.473
4363 1.921 1.491
4364 1.921 1.5090000000000001
4365 1.921 1.5270000000000001
4366 1.921 1.545
4367 1.921 1.545
4368 1.921 1.563
4369 1.921 1.563
4370 1.921 1.581
4371 1.921 1.581
4372 1.921 1.599
4373 1.921 1.599
4374 1.921 1.617
4375 1.921 1.635
4376 1.921 1.653
4377 1.921 1.671
4378 1.921 1.689
4379 1.921 1.707
4380 1.921 1.725
4381 1.921 1.743
4382 1.921 1.7610000000000001
4383 1.921 1.7790000000000001
4384 2.213 1.795
4385 2.213 1.813
4386 2.213 1.831
4387 2.213 1.849
4388 2.213 1.867
4389 2.213 1.885
4390 2.213 1.903
4391 2.213 1.903
4392 2.213 1.921
4393 2.213 1.921
4394 2.213 1.939
4395 2.213 1.939
4396 2.213 1.957
4397 2.213 1.957
4398 2.213 1.975
4399 2.213 1.993
4400 2.213 2.011
4401 2.213 2.029
4402 2.213 2.047
4403 2.213 2.065
4404 2.213 2.083
4405 2.213 2.101
4406 2.213 2.119
4407 2.213 2.1350000000000002
4408 2.5 2.153
4409 2.5 2.1710000000000003
4410 2.5 2.189
4411 2.5 2.207
4412 2.5 2.225
4413 2.5 2.243
4414 2.5 2.261
4415 2.5 2.279
4416 1.921 1.115
4417 1.921 1.131
4418 1.921 1.147
4419 1.921 1.163
4420 1.921 1.181
4421 1.921 1.197
4422 1.921 1.213
4423 1.921 1.229
4424 1.921 1.247
4425 1.921 1.2630000000000001
4426 1.921 1.2790000000000001
4427 1.921 1.295
4428 1.921 1.311
4429 1.921 1.329
4430 1.921 1.345
4431 1.921 1.361
4432 1.921 1.377
4433 1.921 1.393
4434 1.921 1.411
4435 1.921 1.427
4436 1.921 1.443
4437 1.921 1.459
4438 1.921 1.477
4439 1.921 1.493
4440 1.921 1.5090000000000001
4441 1.921 1.5250000000000001
4442 1.921 1.541
4443 1.921 1.559
4444 1.921 1.575
4445 2.213 1.903
4446 2.213 1.919
4447 2.213 1.937
4448 2.213 1.953
4449 2.213 1.969
4450 2.213 1.985
4451 2.5 2.001
4452 2.5 2.019
4453 2.5 2.035
4454 2.5 2.051
4455 2.5 2.067
4456 2.5 2.083
4457 2.5 2.101
4458 2.5 2.117
4459 2.5 2.133
4460 2.5 2.149
4461 2.5 2.1670000000000003
4462 2.5 2.183
4463 2.5 2.199
4464 2.5 2.215
4465 2.5 2.231
4466 2.5 2.231
4467 2.5 2.249
4468 2.5 2.249
4469 2.5 2.265
4470 2.5 2.265
4471 2.5 2.281
4472 2.5 2.297
4473 2.5 2.313
4474 2.5 2.331
4475 2.5 2.347
4476 2.5 2.363
4477 2.783 2.379
4478 2.783 2.3970000000000002
4479 2.783 2.4130000000000003
4480 2.783 2.4290000000000003
4481 2.783 2.445
4482 2.783 2.461
4483 2.783 2.479
4484 2.783 2.495
4485 2.783 2.511
4486 2.783 2.527
4487 2.783 2.543
4488 2.213 1.115
4489 2.213 1.129
4490 2.213 1.145
4491 2.213 1.159
4492 2.213 1.173
4493 2.213 1.189
4494 2.213 1.203
4495 2.213 1.217
4496 2.213 1.231
4497 2.213 1.247
4498 2.213 1.2610000000000001
4499 2.213 1.2750000000000001
4500 2.213 1.291
4501 2.213 1.305
4502 2.213 1.319
4503 2.213 1.333
4504 2.213 1.349
4505 2.213 1.363
4506 2.213 1.377
4507 2.213 1.393
4508 2.213 1.407
4509 2.213 1.421
4510 2.213 1.435
4511 2.213 1.451
4512 2.213 1.465
4513 2.213 1.479
4514 2.213 1.495
4515 2.213 1.5090000000000001
4516 2.213 1.5230000000000001
4517 2.213 1.5230000000000001
4518 2.213 1.537
4519 2.213 1.537
4520 2.213 1.553
4521 2.213 1.553
4522 2.213 1.567
4523 2.213 1.567
4524 2.213 1.581
4525 2.213 1.597
4526 2.213 1.611
4527 2.213 1.625
4528 2.213 1.639
4529 2.213 1.655
4530 2.213 1.669
4531 2.213 1.683
4532 2.213 1.699
4533 2.5 1.713
4534 2.5 1.727
4535 2.5 1.743
4536 2.5 1.7570000000000001
4537 2.5 1.7710000000000001
4538 2.5 1.7850000000000001
4539 2.5 1.801
4540 2.5 1.815
4541 2.5 1.829
4542 2.5 1.845
4543 2.5 1.859
4544 2.5 1.873
4545 2.5 1.887
4546 2.5 1.887
4547 2.5 1.903
4548 2.5 1.903
4549 2.5 1.917
4550 2.5 1.917
4551 2.5 1.931
4552 2.5 1.931
4553 2.5 1.947
4554 2.5 1.961
4555 2.5 1.975
4556 2.5 1.989
4557 2.5 2.005
4558 2.5 2.019
4559 2.5 2.033
4560 2.5 2.049
4561 2.5 2.063
4562 2.5 2.077
4563 2.5 2.091
4564 2.5 2.107
4565 2.5 2.121
4566 2.5 2.1350000000000002
4567 2.5 2.1510000000000002
4568 2.5 2.165
4569 2.783 2.179
4570 2.783 2.193
4571 2.783 2.209
4572 2.783 2.209
4573 2.783 2.223
4574 2.783 2.223
4575 2.783 2.237
4576 2.783 2.237
4577 2.783 2.253
4578 2.783 2.267
4579 2.783 2.281
4580 2.783 2.295
4581 2.783 2.311
4582 2.783 2.325
4583 2.783 2.339
4584 2.783 2.355
4585 2.783 2.369
4586 2.783 2.383
4587 2.783 2.399
4588 2.783 2.4130000000000003
4589 2.783 2.427
4590 2.783 2.441
4591 2.783 2.457
4592 2.783 2.471
4593 2.783 2.485
4594 2.783 2.501
4595 2.783 2.515
4596 2.783 2.529
4597 1.619 1.219
4598 1.619 1.237
4599 1.619 1.2570000000000001
4600 1.619 1.2750000000000001
4601 1.619 1.295
4602 1.619 1.315
4603 1.619 1.333
4604 1.619 1.353
4605 1.619 1.371
4606 1.619 1.391
4607 1.619 1.409
4608 1.619 1.429
4609 1.619 1.447
4610 1.619 1.467
4611 1.619 1.485
4612 1.619 1.5050000000000001
4613 1.921 1.5230000000000001
4614 1.921 1.543
4615 1.921 1.561
4616 1.921 1.581
4617 1.921 1.599
4618 1.921 1.619
4619 1.921 1.637
4620 1.921 1.657
4621 1.921 1.675
4622 1.921 1.695
4623 1.921 1.713
4624 1.921 1.733
4625 1.921 1.7530000000000001
4626 1.921 1.7710000000000001
4627 1.921 1.7910000000000001
4628 1.921 1.809
4629 1.921 1.829
4630 1.921 1.847
4631 1.921 1.867
4632 2.213 1.885
4633 2.213 1.905
4634 2.213 1.923
4635 2.213 1.943
4636 2.213 1.961
4637 2.213 1.981
4638 2.213 1.999
4639 2.213 2.019
4640 2.213 2.037
4641 2.213 2.057
4642 2.213 2.075
4643 2.213 2.095
4644 2.213 2.113
4645 2.213 2.133
4646 2.213 2.1510000000000002
4647 2.213 2.1710000000000003
4648 2.213 2.191
4649 2.5 2.209
4650 2.5 2.229
4651 2.5 2.247
4652 2.5 2.267
4653 1.921 1.211
4654 1.921 1.227
4655 1.921 1.243
4656 1.921 1.2610000000000001
4657 1.921 1.2770000000000001
4658 1.921 1.295
4659 1.921 1.311
4660 1.921 1.327
4661 1.921 1.345
4662 1.921 1.361
4663 1.921 1.379
4664 1.921 1.395
4665 1.921 1.413
4666 1.921 1.429
4667 1.921 1.445
4668 1.921 1.463
4669 1.921 1.479
4670 1.921 1.497
4671 1.921 1.5130000000000001
4672 1.921 1.5290000000000001
4673 2.213 1.547
4674 2.213 1.563
4675 2.213 1.581
4676 2.213 1.597
4677 2.213 1.613
4678 2.213 1.631
4679 2.213 1.647
4680 2.213 1.665
4681 2.213 1.681
4682 2.213 1.697
4683 2.213 1.715
4684 2.213 1.731
4685 2.213 1.749
4686 2.213 1.7650000000000001
4687 2.213 1.7810000000000001
4688 2.213 1.799
4689 2.213 1.817
4690 2.213 1.833
4691 2.213 1.849
4692 2.213 1.867
4693 2.213 1.883
4694 2.213 1.901
4695 2.213 1.917
4696 2.213 1.933
4697 2.213 1.951
4698 2.5 1.967
4699 2.5 1.985
4700 2.5 2.001
4701 2.5 2.019
4702 2.5 2.035
4703 2.5 2.051
4704 2.5 2.069
4705 2.5 2.085
4706 2.5 2.103
4707 2.5 2.119
4708 2.5 2.1350000000000002
4709 2.5 2.153
4710 2.5 2.169
4711 2.5 2.187
4712 2.5 2.203
4713 2.5 2.219
4714 2.213 1.223
4715 2.213 1.237
4716 2.213 1.2510000000000001
4717 2.213 1.2670000000000001
4718 2.213 1.281
4719 2.213 1.297
4720 2.213 1.311
4721 2.213 1.325
4722 2.213 1.341
4723 2.213 1.355
4724 2.213 1.371
4725 2.213 1.385
4726 2.213 1.401
4727 2.213 1.415
4728 2.213 1.429
4729 2.213 1.445
4730 2.213 1.459
4731 2.213 1.475
4732 2.213 1.489
4733 2.213 1.5050000000000001
4734 2.213 1.5190000000000001
4735 2.213 1.5330000000000001
4736 2.213 1.549
4737 2.213 1.563
4738 2.213 1.579
4739 2.213 1.593
4740 2.5 1.609
4741 2.5 1.623
4742 2.5 1.637
4743 2.5 1.653
4744 2.5 1.667
4745 2.5 1.683
4746 2.5 1.697
4747 2.5 1.711
4748 2.5 1.727
4749 2.5 1.741
4750 2.5 1.7570000000000001
4751 2.5 1.7710000000000001
4752 2.5 1.7870000000000001
4753 2.5 1.801
4754 2.5 1.815
4755 2.5 1.831
4756 2.5 1.845
4757 2.5 1.861
4758 2.5 1.875
4759 2.5 1.891
4760 2.5 1.905
4761 2.5 1.919
4762 2.5 1.935
4763 2.5 1.949
4764 2.5 1.965
4765 2.5 1.979
4766 2.5 1.995
4767 2.5 2.009
4768 2.5 2.023
4769 2.5 2.039
4770 2.5 2.053
4771 2.5 2.069
4772 2.783 2.083
4773 2.783 2.099
4774 2.783 2.113
4775 2.783 2.1270000000000002
4776 2.783 2.1430000000000002
4777 2.783 2.157
4778 2.783 2.173
4779 2.783 2.187
4780 2.783 2.201
4781 2.783 2.217
4782 2.783 2.231
4783 2.783 2.247
4784 2.783 2.261
4785 2.783 2.277
4786 2.783 2.291
4787 2.783 2.305
4788 2.783 2.321
4789 2.783 2.335
4790 2.783 2.351
4791 2.783 2.365
4792 2.783 2.3810000000000002
4793 2.783 2.395
4794 2.783 2.4090000000000003
4795 2.783 2.4250000000000003
4796 2.783 2.439
4797 2.783 2.455
4798 2.783 2.469
4799 2.783 2.485
4800 3.5 2.499
4801 3.5 2.513
4802 3.5 2.529
4803 3.5 2.543
4804 3.5 2.557
4805 3.5 2.573
4806 3.5 2.587
4807 3.5 2.603
4808 3.5 2.617
4809 3.5 2.6310000000000002
4810 3.5 2.6470000000000002
4811 3.5 2.661
4812 3.5 2.677
4813 3.5 2.691
4814 3.5 2.707
4815 3.5 2.721
4816 3.5 2.735
4817 3.5 2.751
4818 3.5 2.765
4819 3.5 2.781
4820 3.5 2.795
4821 3.5 2.811
4822 3.5 2.825
4823 3.5 2.839
4824 3.5 2.855
4825 3.5 2.869
4826 3.5 2.8850000000000002
4827 3.5 2.899
4828 3.5 2.915
4829 0.756 0.261
4830 0.756 0.269
4831 0.756 0.28300000000000003
4832 0.756 0.291
4833 0.756 0.303
4834 0.756 0.309
4835 0.756 0.323
4836 0.756 0.329
4837 0.756 0.343
4838 0.756 0.34900000000000003
4839 0.756 0.363
4840 0.756 0.369
4841 0.756 0.383
4842 0.756 0.389
4843 0.756 0.403
4844 0.756 0.40900000000000003
4845 0.756 0.41300000000000003
4846 0.649 0.4194
