0 0.011859256760306382 0.8712179574686936
1 0.011848453374960034 0.8731053068540401
2 0.011848584730576383 0.8749817214984237
3 0.011837870146325622 0.8768689820826744
4 0.011827199668740095 0.8787561985602599
5 0.011816573606083448 0.8806433706229165
6 0.011795100277868542 0.8825413899511315
7 0.011784562575543743 0.8844284736534563
8 0.011763176820590915 0.8863264054084091
9 0.011741834546066022 0.888224293682934
10 0.011720535944861478 0.8901221382841386
11 0.011699281025786809 0.8920199392032133
12 0.011667174352240964 0.8939285918767591
13 0.011635110066073956 0.8958372021629261
14 0.011603088023764176 0.8977457702052358
15 0.011571108972584886 0.8996542952564152
16 0.011539172391101263 0.9015627778378988
17 0.011496377468660177 0.9034821187603399
18 0.011453623382727209 0.9054014188462728
19 0.011410909941692996 0.907320678287307
20 0.0113682378318001 0.9092398963971999
21 0.011325606899449857 0.9111590733295502
22 0.011272108741710337 0.9130891174872897
23 0.01121864906950668 0.9150191231594934
24 0.011165227914668199 0.9169490903143318
25 0.0111118459562882 0.9188790182727118
26 0.011058503242997807 0.9208089069860022
27 0.0109942815989396 0.9227496746300605
28 0.010930095815156323 0.9246904064138437
29 0.010865946012380648 0.9266311022166194
30 0.010801832309579169 0.9285717619194208
31 0.01073775503429104 0.9305123851947089
32 0.010662785011879936 0.9324639012171201
33 0.010587846710373156 0.9344153855186269
34 0.010512941085978623 0.9363668371430214
35 0.010438068034952893 0.9383182561940472
36 0.010363227857000515 0.9402696423719995
37 0.010277477355333041 0.942231938873667
38 0.01019175426591192 0.9441942079630882
39 0.01010605908701768 0.9461564491419824
40 0.01002039208357592 0.9481186621454241
41 0.009934753698492622 0.9500808465305074
42 0.009838183351336209 0.9520539628776638
43 0.00974163498228704 0.954027057246713
44 0.009645108893886969 0.9560001293351131
45 0.009548605353952355 0.9579731788750476
46 0.009452124595950727 0.9599462056330493
47 0.00934468635746741 0.9619301898715326
48 0.009237262891403026 0.963914159337597
49 0.009140844216266914 0.9658871240127331
50 0.00902246177404153 0.9678820524549585
51 0.008915084190343026 0.969865976038657
52 0.00879671840931676 0.9718608878196833
53 0.008689367837320997 0.9738447843916791
54 0.00857101928755741 0.9758396789414426
55 0.008441656745460996 0.977845587483539
56 0.008323315187940323 0.9798404750410598
57 0.00819394796195536 0.9818463882670446
58 0.008075613269552064 0.983841268959448
59 0.007946241164902088 0.985847187064098
60 0.007805812049681488 0.9878641621793186
61 0.007676421822598527 0.9898700984064015
62 0.007535960270239399 0.9918871059587606
63 0.007406551007956099 0.993893061221044
64 0.007266055954827329 0.9959101022741726
65 0.007114451245075875 0.9979382529839241
66 0.006973905119897199 0.999955345109103
67 0.006822231698530895 1.001983564530469
68 0.006681632217672321 1.0040007100113277
69 0.006529886679856002 1.006029001549144
70 0.006378099189832655 1.0080573350391675
71 0.006215126100327935 1.0100968541286721
72 0.006063241487499521 1.0121252847415005
73 0.005900147893981123 1.014164924335019
74 0.005736985790001168 1.0162046324389988
75 0.005573753111194887 1.0182444111178053
76 0.018256036882568105 1.376330086026432
77 0.017685959841442597 1.3787767090675576
78 0.01711578314774102 1.3812234317612588
79 0.016545503553726436 1.3836702573552735
80 0.015964622727273718 1.3861276841817265
81 0.015383629277907764 1.3885852236310925
82 0.014813024557402394 1.3910323743515978
83 0.014221294582324363 1.3935006503266756
84 0.013639949125182963 1.395958541783817
85 0.013058481279203116 1.398416555629797
86 0.012466370384131767 1.4008852125248685
87 0.011874124327251236 1.4033540045817487
88 0.011281740478164373 1.4058229344308355
89 0.010689215411821284 1.4082920054971788
90 0.010086012488598433 1.4107717544204017
91 0.009482653145568327 1.413251659763432
92 0.012675852532432056 0.8704013616965679
93 0.012664838939586087 0.872288921289414
94 0.012665210437270095 0.87416509579173
95 0.012654448859502456 0.8760524033694975
96 0.01264381275259161 0.8779395854764084
97 0.012633302632203653 0.8798266415967964
98 0.012611657715543529 0.8817248325134566
99 0.012601399558552204 0.8836116366704478
100 0.0125800058692538 0.8855095763597463
101 0.012558737712139535 0.8874073905168605
102 0.012537595168475206 0.8893050790605248
103 0.012516578466264205 0.8912026417627359
104 0.012484423898872995 0.8931113423301271
105 0.012452393586245848 0.8950199186427542
106 0.012420488616692557 0.8969283696123075
107 0.012388708950680453 0.8988366952783196
108 0.012357054691480995 0.9007448955375191
109 0.012314257035025688 0.9026642391939744
110 0.012271583115311256 0.9045834591136888
111 0.012229033895868456 0.9065025543331315
112 0.012186609210779535 0.9084215250182205
113 0.012144309661146456 0.9103403705678536
114 0.012090859866308236 0.9122703663626919
115 0.012037532695544025 0.9142002395334561
116 0.011984328982128166 0.9161299892468718
117 0.011931249681730052 0.9180596145472699
118 0.011878294308930054 0.9199891159200699
119 0.011814179436684566 0.9219297767923155
120 0.011750186652313036 0.923870315576687
121 0.011686316025128884 0.9258107322038711
122 0.011622568362472002 0.927751025866528
123 0.011558944274884608 0.9296911959541154
124 0.011484149143734164 0.9316425370852658
125 0.011409474558453408 0.9335937576705466
126 0.01133492106783489 0.9355448571611652
127 0.011260489011206418 0.9374958352177936
128 0.011186179756972035 0.939446690472028
129 0.011100685724173125 0.9414087305048269
130 0.011015310088739861 0.9433706521402602
131 0.01093005417274205 0.945332454056258
132 0.010844918152013513 0.9472941360769865
133 0.010759903514090402 0.9492556967149096
134 0.010663687695873619 0.9512284585331263
135 0.010567588629534882 0.9532011035994652
136 0.010471606869178803 0.9551736313598213
137 0.010375743336835073 0.9571460408921649
138 0.01027999871826785 0.9591183315107321
139 0.01017303471285634 0.9611018415161436
140 0.010066184508188561 0.9630852377208116
141 0.009970796418968244 0.9650571718100318
142 0.009852829585280002 0.96705168464372
143 0.009746326712798594 0.9690347335162014
144 0.009628582192336034 0.9710290240366639
145 0.00952231213889677 0.9730118400901033
146 0.009404794463646806 0.9750059037653532
147 0.009276017128119762 0.9770112271008803
148 0.009158721540809892 0.9790050686881901
149 0.009030158846093444 0.9810101773829065
150 0.008913090301553801 0.9830037919274462
151 0.00878474712030125 0.9850086811086989
152 0.008645115887710723 0.9870248583412893
153 0.008516987085218902 0.9890295331437812
154 0.008377561245343754 0.9910455049836563
155 0.008249651551414732 0.9930499606775853
156 0.008110436488489674 0.9950657217405103
157 0.007959900172940262 0.9970928040560598
158 0.007820889336688397 0.9991083608923117
159 0.0076705472115900205 1.00113524901741
160 0.0075317456650279705 1.0031505965639722
161 0.00738160309056938 1.0051772851384306
162 0.007231559036119969 1.00720387519288
163 0.0070701494862513955 1.0092418307427489
164 0.006920299438126053 1.011268226790874
165 0.006759072730488835 1.0133059994985112
166 0.006597935666730633 1.0153436825622693
167 0.006436889469349251 1.017381274759651
168 0.02083387378180499 1.3737522491271952
169 0.02026871578184744 1.3761939531271525
170 0.01970357199009418 1.3786356429189057
171 0.01913844430694931 1.3810773166020507
172 0.018562776717040465 1.3835295301919597
173 0.01798712142962089 1.3859817314793794
174 0.017422036799400444 1.3884233621095996
175 0.01683584838881247 1.3908860965201875
176 0.016260231569290618 1.3933382593397095
177 0.015684627577548745 1.3957904093314513
178 0.015098471475665468 1.3982531114333347
179 0.014512325782392204 1.4007158031266078
180 0.013926190293047194 1.4031784846159527
181 0.013340064789401262 1.4056411561195987
182 0.012743378187867018 1.4081143887211331
183 0.012146698473457307 1.410587614435543
184 0.013625393165199227 0.8694518210638008
185 0.013614296320525828 0.8713394639084743
186 0.013615167871600182 0.8732151383573998
187 0.013604661979297068 0.8751021902497029
188 0.013594451328011254 0.8769889469009887
189 0.013584536461781168 0.8788754077672188
190 0.013563243666611742 0.8807732465623883
191 0.013553919659810454 0.8826591165691896
192 0.013533218152588386 0.8845563640764117
193 0.01351281144355994 0.88645331678544
194 0.013492700643075435 0.8883499735859246
195 0.013472885575556343 0.8902463346534437
196 0.013441692062441484 0.8921540741665586
197 0.013410793948214098 0.894061518280786
198 0.013380191563318626 0.8959686666656814
199 0.013349884390899604 0.8978755198381004
200 0.013319873697126939 0.8997820765318731
201 0.013278482762952196 0.9017000134660479
202 0.013237387653771181 0.9036176545752289
203 0.01319658838537214 0.9055349998436278
204 0.013156085003242907 0.9074520492257571
205 0.013115878021731217 0.9093688022072688
206 0.013064289399493273 0.9112969368295069
207 0.013012996211217669 0.9132247760177824
208 0.012961999468169443 0.9151523187608306
209 0.012911298899351244 0.9170795653296487
210 0.012860895140512018 0.919006515088488
211 0.012799107450392073 0.920944848778608
212 0.012737615735440569 0.9228828864935595
213 0.012676420685068291 0.9248206275439318
214 0.012615522145944594 0.9267580720830554
215 0.012554920434792682 0.9286952197942073
216 0.01248293295939749 0.9306437532696025
217 0.012411241181523421 0.9325919910474767
218 0.012339846773685258 0.9345399314553148
219 0.012268749259262607 0.9364875749697374
220 0.0121979490684315 0.9384349211605685
221 0.012115760035137186 0.9403936561938628
222 0.012033867346392675 0.9423520948826074
223 0.011952271907224817 0.9443102363217752
224 0.01187097421951257 0.9462680800094875
225 0.011789974820922233 0.9482256254080778
226 0.011697582313299208 0.9501945639157008
227 0.01160548684471332 0.9521632053842868
228 0.011513689417535045 0.954131548811465
229 0.011422190199143893 0.9560995940298561
230 0.01133098939488925 0.9580673408341107
231 0.011228392262006783 0.9600464839669932
232 0.011126092471455516 0.9620253297575446
233 0.011035789099153757 0.9639921791298464
234 0.010922388889322142 0.9659821253396779
235 0.010820985658989887 0.9679600745700101
236 0.01070818139024392 0.9699494248387561
237 0.010607377942199639 0.9719267742868004
238 0.010495172145769227 0.9739155260832308
239 0.010371561162367822 0.9759156830666322
240 0.010259953967683323 0.9779038362613167
241 0.010136940484731686 0.9799033957442683
242 0.010025934307146848 0.9818909479218533
243 0.009903520735134543 0.9838899074938655
244 0.009769696896137842 0.9859002773328622
245 0.009647883305217417 0.9878986369237827
246 0.00951465815694187 0.9899084080720582
247 0.009393447682776718 0.9919061645462234
248 0.00926082433691411 0.9939153338920859
249 0.00911678440762928 0.9959359198213708
250 0.008984762876985583 0.9979444873520146
251 0.008841323309572805 0.9999644729194272
252 0.008709906547468171 1.001972435681532
253 0.008567070679068232 1.0039918175499318
254 0.008424536959675181 1.006010897269325
255 0.008270579862853802 1.0080414003661464
256 0.00812865097097567 1.0100598752580243
257 0.007975297500775148 1.012089774728225
258 0.0078222461209598 1.0141193721080402
259 0.007669498273870729 1.0161486659551293
260 0.024723503992435523 1.3698626189165646
261 0.02416967859939984 1.3722929903096002
262 0.02361595593684745 1.3747232589721525
263 0.02306233396404389 1.3771534269449561
264 0.022498228482855147 1.379594078426145
265 0.021934223042315043 1.3820346298666852
266 0.021380909731853578 1.3844644891771465
267 0.02080652167804483 1.386915423230955
