    0  0.5338748E-07  0.5372002E-02  0.0000000E+00  0.0000000E+00  0.5338748E-07  0.5372002E-02
    1  0.1029451E-06  0.8995606E-02  0.0000000E+00  0.0000000E+00  0.1029451E-06  0.8995606E-02
    2  0.1995921E-06  0.1302905E-01  0.0000000E+00  0.0000000E+00  0.1995921E-06  0.1302905E-01
    3  0.4124870E-06  0.1641334E-01  0.0000000E+00  0.0000000E+00  0.4124870E-06  0.1641334E-01
    4  0.9944129E-06  0.1827666E-01  0.0000000E+00  0.0000000E+00  0.9944129E-06  0.1827666E-01
    5  0.2912934E-05  0.1832584E-01  0.0000000E+00  0.0000000E+00  0.2912934E-05  0.1832584E-01
    6  0.9506028E-05  0.1686439E-01  0.0000000E+00  0.0000000E+00  0.9506028E-05  0.1686439E-01
    7  0.3049301E-04  0.1459446E-01  0.0000000E+00  0.0000000E+00  0.3049301E-04  0.1459446E-01
    8  0.8901648E-04  0.1207572E-01  0.0000000E+00  0.0000000E+00  0.8901648E-04  0.1207572E-01
    9  0.2286059E-03  0.9881051E-02  0.0000000E+00  0.0000000E+00  0.2286059E-03  0.9881051E-02
   10  0.5103757E-03  0.8487704E-02  0.0000000E+00  0.0000000E+00  0.5103757E-03  0.8487704E-02
   11  0.9889154E-03  0.8223965E-02  0.0000000E+00  0.0000000E+00  0.9889154E-03  0.8223965E-02
   12  0.1669266E-02  0.9104543E-02  0.0000000E+00  0.0000000E+00  0.1669266E-02  0.9104543E-02
   13  0.2479372E-02  0.1080622E-01  0.0000000E+00  0.0000000E+00  0.2479372E-02  0.1080622E-01
   14  0.3290200E-02  0.1280959E-01  0.0000000E+00  0.0000000E+00  0.3290200E-02  0.1280959E-01
   15  0.3983335E-02  0.1472194E-01  0.0000000E+00  0.0000000E+00  0.3983335E-02  0.1472194E-01
   16  0.4660524E-02  0.1666254E-01  0.1485170E-03  0.1638817E-03  0.4508896E-02  0.1649866E-01
   17  0.5450907E-02  0.1900900E-01  0.5628044E-03  0.6297372E-03  0.4879660E-02  0.1837926E-01
   18  0.6253753E-02  0.2187915E-01  0.1098409E-02  0.1248180E-02  0.5139962E-02  0.2063097E-01
   19  0.7056669E-02  0.2521694E-01  0.1714849E-02  0.1982112E-02  0.5317851E-02  0.2323483E-01
   20  0.7841547E-02  0.2863124E-01  0.2383510E-02  0.2806745E-02  0.5424038E-02  0.2582450E-01
   21  0.8582337E-02  0.3154641E-01  0.3081101E-02  0.3702435E-02  0.5456004E-02  0.2784397E-01
   22  0.9233140E-02  0.3341351E-01  0.3785763E-02  0.4644933E-02  0.5390058E-02  0.2876858E-01
   23  0.9747321E-02  0.3396759E-01  0.4479042E-02  0.5621391E-02  0.5198186E-02  0.2834620E-01
   24  0.1008047E-01  0.3321971E-01  0.5143041E-02  0.6614969E-02  0.4854091E-02  0.2660474E-01
   25  0.9919344E-02  0.3104243E-01  0.5462493E-02  0.7214322E-02  0.4365012E-02  0.2382810E-01
   26  0.9575008E-02  0.2819125E-01  0.5695388E-02  0.7739385E-02  0.3780022E-02  0.2045187E-01
   27  0.9128537E-02  0.2511431E-01  0.5849829E-02  0.8189374E-02  0.3172109E-02  0.1692493E-01
   28  0.8656286E-02  0.2222275E-01  0.5928407E-02  0.8570159E-02  0.2614892E-02  0.1365260E-01
   29  0.8205111E-02  0.1975870E-01  0.5932528E-02  0.8877884E-02  0.2153837E-02  0.1088082E-01
   30  0.7791954E-02  0.1781498E-01  0.5865844E-02  0.9110822E-02  0.1802244E-02  0.8704154E-02
   31  0.7410179E-02  0.1636418E-01  0.5734168E-02  0.9269693E-02  0.1547665E-02  0.7094482E-02
   32  0.7034997E-02  0.1528421E-01  0.5537722E-02  0.9340876E-02  0.1365351E-02  0.5943335E-02
   33  0.6653359E-02  0.1447488E-01  0.5291829E-02  0.9345580E-02  0.1226666E-02  0.5129295E-02
   34  0.6252624E-02  0.1382308E-01  0.5006225E-02  0.9291032E-02  0.1109216E-02  0.4532046E-02
   35  0.5828386E-02  0.1324462E-01  0.4690678E-02  0.9185439E-02  0.9988007E-03  0.4059183E-02
   36  0.5383260E-02  0.1268783E-01  0.4354452E-02  0.9037368E-02  0.8887441E-03  0.3650457E-02
   37  0.4915710E-02  0.1210713E-01  0.3996759E-02  0.8837334E-02  0.7785711E-03  0.3269792E-02
   38  0.4442972E-02  0.1151940E-01  0.3633786E-02  0.8611218E-02  0.6690044E-03  0.2908184E-02
   39  0.3974398E-02  0.1093022E-01  0.3271807E-02  0.8366296E-02  0.5630874E-03  0.2563923E-02
   40  0.3518201E-02  0.1034939E-01  0.2915885E-02  0.8108868E-02  0.4639346E-03  0.2240524E-02
   41  0.3080876E-02  0.9786892E-02  0.2569961E-02  0.7844233E-02  0.3740644E-03  0.1942659E-02
   42  0.2657879E-02  0.9232080E-02  0.2227823E-02  0.7559907E-02  0.2954132E-03  0.1672173E-02
   43  0.2261399E-02  0.8710017E-02  0.1901032E-02  0.7276920E-02  0.2282651E-03  0.1433097E-02
   44  0.1892922E-02  0.8223173E-02  0.1591086E-02  0.6998067E-02  0.1725709E-03  0.1225107E-02
   45  0.1552707E-02  0.7771747E-02  0.1298891E-02  0.6725455E-02  0.1276472E-03  0.1046292E-02
   46  0.1240108E-02  0.7354312E-02  0.1024883E-02  0.6460620E-02  0.9237825E-04  0.8936928E-03
   47  0.9455362E-03  0.6952875E-02  0.7610196E-03  0.6189854E-02  0.6547231E-04  0.7630217E-03
   48  0.6762478E-03  0.6581323E-02  0.5157566E-03  0.5929519E-02  0.4539950E-04  0.6518038E-03
   49  0.4383695E-03  0.6251216E-02  0.2962982E-03  0.5693903E-02  0.3077124E-04  0.5573137E-03
   50  0.2067101E-03  0.5916398E-02  0.7940443E-04  0.5441497E-02  0.2044348E-04  0.4749004E-03
   51  0.1159184E-03  0.5544130E-02  0.0000000E+00  0.5140100E-02  0.1327595E-04  0.4040291E-03
   52  0.1065715E-03  0.5130824E-02  0.0000000E+00  0.4788895E-02  0.8442548E-05  0.3419293E-03
   53  0.9911777E-04  0.4761392E-02  0.0000000E+00  0.4473350E-02  0.5247978E-05  0.2880421E-03
   54  0.9257165E-04  0.4399874E-02  0.0000000E+00  0.4159199E-02  0.3194467E-05  0.2406751E-03
   55  0.8659873E-04  0.4046489E-02  0.0000000E+00  0.3847272E-02  0.1904052E-05  0.1992171E-03
   56  0.8142856E-04  0.3731887E-02  0.0000000E+00  0.3568340E-02  0.1109367E-05  0.1635470E-03
   57  0.7643762E-04  0.3423836E-02  0.0000000E+00  0.3291077E-02  0.6329014E-06  0.1327595E-03
   58  0.7196380E-04  0.3150963E-02  0.0000000E+00  0.3044238E-02  0.3529578E-06  0.1067244E-03
   59  0.6751386E-04  0.2883194E-02  0.0000000E+00  0.2798461E-02  0.1927371E-06  0.8473300E-04
   60  0.6307484E-04  0.2620779E-02  0.0000000E+00  0.2554366E-02  0.1030503E-06  0.6641307E-04
   61  0.5901929E-04  0.2389388E-02  0.0000000E+00  0.2337899E-02  0.5385974E-07  0.5148889E-04
   62  0.5495964E-04  0.2161893E-02  0.0000000E+00  0.2122505E-02  0.2756205E-07  0.3938757E-04
   63  0.5124994E-04  0.1962203E-02  0.0000000E+00  0.1932410E-02  0.1378796E-07  0.2979267E-04
   64  0.4754574E-04  0.1765092E-02  0.0000000E+00  0.1742863E-02  0.6753229E-08  0.2222914E-04
   65  0.4387123E-04  0.1570812E-02  0.0000000E+00  0.1554454E-02  0.3238410E-08  0.1635892E-04
   66  0.4053337E-04  0.1400865E-02  0.0000000E+00  0.1388964E-02  0.1518094E-08  0.1190112E-04
   67  0.3723882E-04  0.1232721E-02  0.0000000E+00  0.1224182E-02  0.6967312E-09  0.8538703E-05
   68  0.3426053E-04  0.1086426E-02  0.0000000E+00  0.1080370E-02  0.3125996E-09  0.6055869E-05
   69  0.3133590E-04  0.9411738E-03  0.0000000E+00  0.9369383E-03  0.1373099E-09  0.4235515E-05
   70  0.2859441E-04  0.8065173E-03  0.0000000E+00  0.8035926E-03  0.5900470E-10  0.2924745E-05
   71  0.2592765E-04  0.6731126E-03  0.0000000E+00  0.6711210E-03  0.2482235E-10  0.1991555E-05
   72  0.2354407E-04  0.5582271E-03  0.0000000E+00  0.5568866E-03  0.1020860E-10  0.1340497E-05
   73  0.2123713E-04  0.4442423E-03  0.0000000E+00  0.4433526E-03  0.4110093E-11  0.8897155E-06
   74  0.1910311E-04  0.3394173E-03  0.0000000E+00  0.3388343E-03  0.1618824E-11  0.5830064E-06
   75  0.1713442E-04  0.2433197E-03  0.0000000E+00  0.2429425E-03  0.6237496E-12  0.3771655E-06
   76  0.2349888E-01  0.1408256E-02  0.0000000E+00  0.3066077E-04  0.0000000E+00  0.0000000E+00
   77  0.2370979E-01  0.1436321E-02  0.0000000E+00  0.1920026E-04  0.0000000E+00  0.0000000E+00
   78  0.2391694E-01  0.1469287E-02  0.0000000E+00  0.1020499E-04  0.0000000E+00  0.0000000E+00
   79  0.2411849E-01  0.1507239E-02  0.0000000E+00  0.3889307E-05  0.0000000E+00  0.0000000E+00
   80  0.2431515E-01  0.1551318E-02  0.0000000E+00  0.4789021E-06  0.0000000E+00  0.0000000E+00
   81  0.2450731E-01  0.1601608E-02 -0.0000000E+00  0.0000000E+00  0.0000000E+00  0.0000000E+00
   82  0.2469328E-01  0.1655196E-02 -0.0000000E+00  0.0000000E+00  0.0000000E+00  0.0000000E+00
   83  0.2487432E-01  0.1713994E-02 -0.0000000E+00  0.0000000E+00  0.0000000E+00  0.0000000E+00
   84  0.2504893E-01  0.1776615E-02 -0.0000000E+00  0.0000000E+00  0.0000000E+00  0.0000000E+00
   85  0.2521809E-01  0.1844445E-02 -0.0000000E+00  0.0000000E+00  0.0000000E+00  0.0000000E+00
   86  0.2538048E-01  0.1918955E-02 -0.0000000E+00  0.0000000E+00  0.0000000E+00  0.0000000E+00
   87  0.2553691E-01  0.2000560E-02 -0.0000000E+00  0.0000000E+00  0.0000000E+00  0.0000000E+00
   88  0.2568638E-01  0.2090327E-02 -0.0000000E+00  0.0000000E+00  0.0000000E+00  0.0000000E+00
   89  0.2582948E-01  0.2189837E-02 -0.0000000E+00  0.0000000E+00  0.0000000E+00  0.0000000E+00
   90  0.2596508E-01  0.2302306E-02 -0.0000000E+00  0.0000000E+00  0.0000000E+00  0.0000000E+00
   91  0.2609358E-01  0.2429110E-02 -0.0000000E+00  0.0000000E+00  0.0000000E+00  0.0000000E+00
   92  0.4777561E-07  0.6178943E-02  0.0000000E+00  0.0000000E+00  0.4777561E-07  0.6178943E-02
   93  0.9229750E-07  0.1038996E-01  0.0000000E+00  0.0000000E+00  0.9229750E-07  0.1038996E-01
   94  0.1797692E-06  0.1509125E-01  0.0000000E+00  0.0000000E+00  0.1797692E-06  0.1509125E-01
   95  0.3761955E-06  0.1903684E-01  0.0000000E+00  0.0000000E+00  0.3761955E-06  0.1903684E-01
   96  0.9297638E-06  0.2118278E-01  0.0000000E+00  0.0000000E+00  0.9297638E-06  0.2118278E-01
   97  0.2807336E-05  0.2118037E-01  0.0000000E+00  0.0000000E+00  0.2807336E-05  0.2118037E-01
   98  0.9384372E-05  0.1941277E-01  0.0000000E+00  0.0000000E+00  0.9384372E-05  0.1941277E-01
   99  0.3058820E-04  0.1672942E-01  0.0000000E+00  0.0000000E+00  0.3058820E-04  0.1672942E-01
  100  0.9029697E-04  0.1378931E-01  0.0000000E+00  0.0000000E+00  0.9029697E-04  0.1378931E-01
  101  0.2339466E-03  0.1121088E-01  0.0000000E+00  0.0000000E+00  0.2339466E-03  0.1121088E-01
  102  0.5263414E-03  0.9485713E-02  0.0000000E+00  0.0000000E+00  0.5263414E-03  0.9485713E-02
  103  0.1027193E-02  0.8961937E-02  0.0000000E+00  0.0000000E+00  0.1027193E-02  0.8961937E-02
  104  0.1745860E-02  0.9678164E-02  0.0000000E+00  0.0000000E+00  0.1745860E-02  0.9678164E-02
  105  0.2610426E-02  0.1132028E-01  0.0000000E+00  0.0000000E+00  0.2610426E-02  0.1132028E-01
  106  0.3486068E-02  0.1334852E-01  0.0000000E+00  0.0000000E+00  0.3486068E-02  0.1334852E-01
  107  0.4244769E-02  0.1533249E-01  0.0000000E+00  0.0000000E+00  0.4244769E-02  0.1533249E-01
  108  0.4974655E-02  0.1736791E-01  0.1435031E-03  0.1724772E-03  0.4827599E-02  0.1719544E-01
  109  0.5813838E-02  0.1985229E-01  0.5627128E-03  0.6847411E-03  0.5241347E-02  0.1916755E-01
  110  0.6651988E-02  0.2288785E-01  0.1107004E-02  0.1365627E-02  0.5527243E-02  0.2152222E-01
  111  0.7476574E-02  0.2642364E-01  0.1736834E-02  0.2175053E-02  0.5712177E-02  0.2424858E-01
  112  0.8271692E-02  0.3006093E-01  0.2424147E-02  0.3085998E-02  0.5808518E-02  0.2697493E-01
  113  0.9016256E-02  0.3320155E-01  0.3146128E-02  0.4077063E-02  0.5818257E-02  0.2912448E-01
  114  0.9669616E-02  0.3527207E-01  0.3881466E-02  0.5123215E-02  0.5722435E-02  0.3014886E-01
  115  0.1018724E-01  0.3597951E-01  0.4611899E-02  0.6209693E-02  0.5494977E-02  0.2976982E-01
  116  0.1052376E-01  0.3532323E-01  0.5319698E-02  0.7318278E-02  0.5108471E-02  0.2800495E-01
  117  0.1036345E-01  0.3315167E-01  0.5688910E-02  0.8009265E-02  0.4568935E-02  0.2514240E-01
  118  0.1000363E-01  0.3023846E-01  0.5962080E-02  0.8604719E-02  0.3926961E-02  0.2163374E-01
  119  0.9542234E-02  0.2707398E-01  0.6159349E-02  0.9122559E-02  0.3260142E-02  0.1795142E-01
  120  0.9060632E-02  0.2408750E-01  0.6282309E-02  0.9567065E-02  0.2648105E-02  0.1452044E-01
  121  0.8609775E-02  0.2153786E-01  0.6331483E-02  0.9933796E-02  0.2141297E-02  0.1160407E-01
  122  0.8208167E-02  0.1952722E-01  0.6309456E-02  0.1022038E-01  0.1755651E-02  0.9306834E-02
  123  0.7848177E-02  0.1803015E-01  0.6220872E-02  0.1042688E-01  0.1478896E-02  0.7603276E-02
  124  0.7502819E-02  0.1692235E-01  0.6065334E-02  0.1054016E-01  0.1284732E-02  0.6382188E-02
  125  0.7155149E-02  0.1609611E-01  0.5856564E-02  0.1057969E-01  0.1142208E-02  0.5516428E-02
  126  0.6789292E-02  0.1543199E-01  0.5603433E-02  0.1055234E-01  0.1026556E-02  0.4879649E-02
  127  0.6398248E-02  0.1484055E-01  0.5315122E-02  0.1046623E-01  0.9215719E-03  0.4374315E-02
  128  0.5982821E-02  0.1426671E-01  0.5000602E-02  0.1033009E-01  0.8190594E-03  0.3936616E-02
  129  0.5540764E-02  0.1366387E-01  0.4659485E-02  0.1013553E-01  0.7174651E-03  0.3528343E-02
  130  0.5088261E-02  0.1304797E-01  0.4307637E-02  0.9908098E-02  0.6167457E-03  0.3139872E-02
  131  0.4634496E-02  0.1242528E-01  0.3951684E-02  0.9655770E-02  0.5194216E-03  0.2769509E-02
  132  0.4187802E-02  0.1180678E-01  0.3597158E-02  0.9385624E-02  0.4282559E-03  0.2421154E-02
  133  0.3754981E-02  0.1120371E-01  0.3248524E-02  0.9103758E-02  0.3455450E-03  0.2099952E-02
  134  0.3332058E-02  0.1060677E-01  0.2900288E-02  0.8798708E-02  0.2731132E-03  0.1808058E-02
  135  0.2931485E-02  0.1004169E-01  0.2564273E-02  0.8491844E-02  0.2112031E-03  0.1549848E-02
  136  0.2555287E-02  0.9511717E-02  0.2242483E-02  0.8186647E-02  0.1597968E-03  0.1325070E-02
  137  0.2204267E-02  0.9017575E-02  0.1936284E-02  0.7885839E-02  0.1182887E-03  0.1131736E-02
  138  0.1878301E-02  0.8558192E-02  0.1646526E-02  0.7591490E-02  0.8566921E-04  0.9667026E-03
  139  0.1568203E-02  0.8115667E-02  0.1365481E-02  0.7290273E-02  0.6076742E-04  0.8253947E-03
  140  0.1281671E-02  0.7704051E-02  0.1101888E-02  0.6998923E-02  0.4217095E-04  0.7051282E-03
  141  0.1025368E-02  0.7335173E-02  0.8633342E-03  0.6732222E-02  0.2860251E-04  0.6029511E-03
  142  0.7739870E-03  0.6962337E-02  0.6264719E-03  0.6448460E-02  0.1901908E-04  0.5138766E-03
  143  0.5500590E-03  0.6627243E-02  0.4139113E-03  0.6189965E-02  0.1236014E-04  0.4372783E-03
  144  0.3371169E-03  0.6300046E-02  0.2105274E-03  0.5929872E-02  0.7866636E-05  0.3701748E-03
  145  0.1485928E-03  0.6006026E-02  0.2977127E-04  0.5694089E-02  0.4893431E-05  0.3119373E-03
  146  0.1118266E-03  0.5623294E-02  0.0000000E+00  0.5362549E-02  0.2980990E-05  0.2607447E-03
  147  0.1053020E-03  0.5229993E-02  0.0000000E+00  0.5014063E-02  0.1778344E-05  0.2159300E-03
  148  0.9957096E-04  0.4876886E-02  0.0000000E+00  0.4699533E-02  0.1036896E-05  0.1773530E-03
  149  0.9395560E-04  0.4531184E-02  0.0000000E+00  0.4387141E-02  0.5920439E-06  0.1440435E-03
  150  0.8887416E-04  0.4222152E-02  0.0000000E+00  0.4106294E-02  0.3304054E-06  0.1158579E-03
  151  0.8377370E-04  0.3919055E-02  0.0000000E+00  0.3827017E-02  0.1805635E-06  0.9203781E-04
  152  0.7864929E-04  0.3622080E-02  0.0000000E+00  0.3549897E-02  0.9662475E-07  0.7218304E-04
  153  0.7394276E-04  0.3357587E-02  0.0000000E+00  0.3301591E-02  0.5053904E-07  0.5599631E-04
  154  0.6920655E-04  0.3097665E-02  0.0000000E+00  0.3054802E-02  0.2588401E-07  0.4286306E-04
  155  0.6485912E-04  0.2866951E-02  0.0000000E+00  0.2834509E-02  0.1295767E-07  0.3244188E-04
  156  0.6049805E-04  0.2639372E-02  0.0000000E+00  0.2615150E-02  0.6351538E-08  0.2422170E-04
  157  0.5615191E-04  0.2415090E-02  0.0000000E+00  0.2397252E-02  0.3048409E-08  0.1783752E-04
  158  0.5218586E-04  0.2216399E-02  0.0000000E+00  0.2203414E-02  0.1430092E-08  0.1298550E-04
  159  0.4825292E-04  0.2019848E-02  0.0000000E+00  0.2010525E-02  0.6568823E-09  0.9323236E-05
  160  0.4468024E-04  0.1846325E-02  0.0000000E+00  0.1839708E-02  0.2949293E-09  0.6616801E-05
  161  0.4115476E-04  0.1674054E-02  0.0000000E+00  0.1669423E-02  0.1296498E-09  0.4631133E-05
  162  0.3783277E-04  0.1512992E-02  0.0000000E+00  0.1509792E-02  0.5575568E-10  0.3200233E-05
  163  0.3458388E-04  0.1353241E-02  0.0000000E+00  0.1351061E-02  0.2347528E-10  0.2180781E-05
  164  0.3166286E-04  0.1213026E-02  0.0000000E+00  0.1211558E-02  0.9661622E-11  0.1468942E-05
  165  0.2881927E-04  0.1073653E-02  0.0000000E+00  0.1072677E-02  0.3893000E-11  0.9757156E-06
  166  0.2617197E-04  0.9438461E-03  0.0000000E+00  0.9432062E-03  0.1534522E-11  0.6398569E-06
  167  0.2371334E-04  0.8231322E-03  0.0000000E+00  0.8227180E-03  0.5917201E-12  0.4142697E-06
  168  0.2343173E-01  0.1391434E-02  0.0000000E+00  0.8680969E-04  0.0000000E+00  0.0000000E+00
  169  0.2364932E-01  0.1406697E-02  0.0000000E+00  0.6859201E-04  0.0000000E+00  0.0000000E+00
  170  0.2386265E-01  0.1425440E-02  0.0000000E+00  0.5220514E-04  0.0000000E+00  0.0000000E+00
  171  0.2407256E-01  0.1448131E-02  0.0000000E+00  0.3776274E-04  0.0000000E+00  0.0000000E+00
  172  0.2427705E-01  0.1474766E-02  0.0000000E+00  0.2523148E-04  0.0000000E+00  0.0000000E+00
  173  0.2447752E-01  0.1506027E-02  0.0000000E+00  0.1499269E-04  0.0000000E+00  0.0000000E+00
  174  0.2467198E-01  0.1541600E-02  0.0000000E+00  0.7325816E-05  0.0000000E+00  0.0000000E+00
  175  0.2486217E-01  0.1583247E-02  0.0000000E+00  0.2164733E-05  0.0000000E+00  0.0000000E+00
  176  0.2504613E-01  0.1630218E-02  0.0000000E+00  0.4615120E-07  0.0000000E+00  0.0000000E+00
  177  0.2522508E-01  0.1682542E-02 -0.0000000E+00  0.0000000E+00  0.0000000E+00  0.0000000E+00
  178  0.2539771E-01  0.1738920E-02 -0.0000000E+00  0.0000000E+00  0.0000000E+00  0.0000000E+00
  179  0.2556434E-01  0.1799378E-02 -0.0000000E+00  0.0000000E+00  0.0000000E+00  0.0000000E+00
  180  0.2572533E-01  0.1864528E-02 -0.0000000E+00  0.0000000E+00  0.0000000E+00  0.0000000E+00
  181  0.2587952E-01  0.1934831E-02 -0.0000000E+00  0.0000000E+00  0.0000000E+00  0.0000000E+00
  182  0.2602750E-01  0.2012103E-02 -0.0000000E+00  0.0000000E+00  0.0000000E+00  0.0000000E+00
  183  0.2616840E-01  0.2096443E-02 -0.0000000E+00  0.0000000E+00  0.0000000E+00  0.0000000E+00
  184  0.4174694E-07  0.7123106E-02  0.0000000E+00  0.0000000E+00  0.4174694E-07  0.7123106E-02
  185  0.8083875E-07  0.1204042E-01  0.0000000E+00  0.0000000E+00  0.8083875E-07  0.1204042E-01
  186  0.1583846E-06  0.1755732E-01  0.0000000E+00  0.0000000E+00  0.1583846E-06  0.1755732E-01
  187  0.3368544E-06  0.2220289E-01  0.0000000E+00  0.0000000E+00  0.3368544E-06  0.2220289E-01
  188  0.8589869E-06  0.2471607E-01  0.0000000E+00  0.0000000E+00  0.8589869E-06  0.2471607E-01
  189  0.2689372E-05  0.2467018E-01  0.0000000E+00  0.0000000E+00  0.2689372E-05  0.2467018E-01
  190  0.9240918E-05  0.2254119E-01  0.0000000E+00  0.0000000E+00  0.9240918E-05  0.2254119E-01
  191  0.3066554E-04  0.1936005E-01  0.0000000E+00  0.0000000E+00  0.3066554E-04  0.1936005E-01
  192  0.9166226E-04  0.1591206E-01  0.0000000E+00  0.0000000E+00  0.9166226E-04  0.1591206E-01
  193  0.2398435E-03  0.1286959E-01  0.0000000E+00  0.0000000E+00  0.2398435E-03  0.1286959E-01
  194  0.5443045E-03  0.1073585E-01  0.0000000E+00  0.0000000E+00  0.5443045E-03  0.1073585E-01
  195  0.1070815E-02  0.9878536E-02  0.0000000E+00  0.0000000E+00  0.1070815E-02  0.9878536E-02
  196  0.1833951E-02  0.1036588E-01  0.0000000E+00  0.0000000E+00  0.1833951E-02  0.1036588E-01
  197  0.2762051E-02  0.1189905E-01  0.0000000E+00  0.0000000E+00  0.2762051E-02  0.1189905E-01
  198  0.3713342E-02  0.1391745E-01  0.0000000E+00  0.0000000E+00  0.3713342E-02  0.1391745E-01
  199  0.4548172E-02  0.1594582E-01  0.0000000E+00  0.0000000E+00  0.4548172E-02  0.1594582E-01
  200  0.5337655E-02  0.1804407E-01  0.1367866E-03  0.1776097E-03  0.5196804E-02  0.1786646E-01
  201  0.6231766E-02  0.2063274E-01  0.5609702E-03  0.7363959E-03  0.5659334E-02  0.1989634E-01
  202  0.7108426E-02  0.2379688E-01  0.1113766E-02  0.1479814E-02  0.5973936E-02  0.2231706E-01
  203  0.7955451E-02  0.2749807E-01  0.1756883E-02  0.2365364E-02  0.6166465E-02  0.2513271E-01
  204  0.8759361E-02  0.3133739E-01  0.2462899E-02  0.3363969E-02  0.6251082E-02  0.2797343E-01
  205  0.9504698E-02  0.3469880E-01  0.3209564E-02  0.4452636E-02  0.6234866E-02  0.3024616E-01
  206  0.1015717E-01  0.3698661E-01  0.3976224E-02  0.5605774E-02  0.6104600E-02  0.3138083E-01
  207  0.1067511E-01  0.3787617E-01  0.4744927E-02  0.6806859E-02  0.5836781E-02  0.3106931E-01
  208  0.1101219E-01  0.3735064E-01  0.5498240E-02  0.8036474E-02  0.5402782E-02  0.2931416E-01
  209  0.1085264E-01  0.3523450E-01  0.5922625E-02  0.8832158E-02  0.4806799E-02  0.2640234E-01
  210  0.1047321E-01  0.3230188E-01  0.6238843E-02  0.9505360E-02  0.4100545E-02  0.2279652E-01
  211  0.9992331E-02  0.2908955E-01  0.6482369E-02  0.1009960E-01  0.3366461E-02  0.1898995E-01
  212  0.9497262E-02  0.2604194E-01  0.6653857E-02  0.1061748E-01  0.2690967E-02  0.1542447E-01
  213  0.9044077E-02  0.2343453E-01  0.6753014E-02  0.1105399E-01  0.2130459E-02  0.1238054E-01
  214  0.8653627E-02  0.2137968E-01  0.6781404E-02  0.1140607E-01  0.1704249E-02  0.9973609E-02
  215  0.8317637E-02  0.1985526E-01  0.6742501E-02  0.1167299E-01  0.1400590E-02  0.8182266E-02
  216  0.8006858E-02  0.1873623E-01  0.6635296E-02  0.1184221E-01  0.1191573E-02  0.6894022E-02
  217  0.7700069E-02  0.1790787E-01  0.6471749E-02  0.1193099E-01  0.1043701E-02  0.5976877E-02
  218  0.7377629E-02  0.1724479E-01  0.6259692E-02  0.1194558E-01  0.9294803E-03  0.5299211E-02
  219  0.7029391E-02  0.1665249E-01  0.6007502E-02  0.1189366E-01  0.8303629E-03  0.4758827E-02
  220  0.6653833E-02  0.1607245E-01  0.5723627E-02  0.1178381E-01  0.7363512E-03  0.4288640E-02
  221  0.6247645E-02  0.1545729E-01  0.5407961E-02  0.1160875E-01  0.6445839E-03  0.3848541E-02
  222  0.5825541E-02  0.1482162E-01  0.5075756E-02  0.1139315E-01  0.5541223E-03  0.3428477E-02
  223  0.5396264E-02  0.1417248E-01  0.4733831E-02  0.1114550E-01  0.4668525E-03  0.3026981E-02
  224  0.4968063E-02  0.1352207E-01  0.4388061E-02  0.1087353E-01  0.3851039E-03  0.2648545E-02
  225  0.4547909E-02  0.1288304E-01  0.4043363E-02  0.1058407E-01  0.3108925E-03  0.2298977E-02
  226  0.4132419E-02  0.1224782E-01  0.3695031E-02  0.1026693E-01  0.2458835E-03  0.1980885E-02
  227  0.3734173E-02  0.1164267E-01  0.3355025E-02  0.9943563E-02  0.1902660E-03  0.1699107E-02
  228  0.3355741E-02  0.1107170E-01  0.3025867E-02  0.9618181E-02  0.1440435E-03  0.1453521E-02
  229  0.2998501E-02  0.1053628E-01  0.2709416E-02  0.9294197E-02  0.1066899E-03  0.1242086E-02
  230  0.2662907E-02  0.1003577E-01  0.2406976E-02  0.8974305E-02  0.7731229E-04  0.1061469E-02
  231  0.2340325E-02  0.9552642E-02  0.2111284E-02  0.8645877E-02  0.5487545E-04  0.9067654E-03
  232  0.2038877E-02  0.9100918E-02  0.1831307E-02  0.8325876E-02  0.3810604E-04  0.7750427E-03
  233  0.1765758E-02  0.8692557E-02  0.1574983E-02  0.8029481E-02  0.2585816E-04  0.6630764E-03
  234  0.1495842E-02  0.8280944E-02  0.1319167E-02  0.7715460E-02  0.1720622E-04  0.5654839E-03
  235  0.1252223E-02  0.7907859E-02  0.1086785E-02  0.7426342E-02  0.1118825E-04  0.4815168E-03
  236  0.1018473E-02  0.7543412E-02  0.8627617E-03  0.7135470E-02  0.7125419E-05  0.4079422E-03
  237  0.8085822E-03  0.7213143E-02  0.6609449E-03  0.6869101E-02  0.4434636E-05  0.3440420E-03
  238  0.6071713E-03  0.6889553E-02  0.4670165E-03  0.6601710E-02  0.2703137E-05  0.2878430E-03
  239  0.4141543E-03  0.6572803E-02  0.2811536E-03  0.6334192E-02  0.1613713E-05  0.2386108E-03
  240  0.2422118E-03  0.6286427E-02  0.1155930E-03  0.6090245E-02  0.9414342E-06  0.1961818E-03
  241  0.1202595E-03  0.5977260E-02  0.0000000E+00  0.5817749E-02  0.5378890E-06  0.1595114E-03
  242  0.1144465E-03  0.5629520E-02  0.0000000E+00  0.5501080E-02  0.3003388E-06  0.1284404E-03
  243  0.1085474E-03  0.5288555E-02  0.0000000E+00  0.5186402E-02  0.1642330E-06  0.1021528E-03
  244  0.1025675E-03  0.4954502E-02  0.0000000E+00  0.4874287E-02  0.8794776E-07  0.8021504E-04
  245  0.9704101E-04  0.4654150E-02  0.0000000E+00  0.4591847E-02  0.4602687E-07  0.6230319E-04
  246  0.9144003E-04  0.4359100E-02  0.0000000E+00  0.4311348E-02  0.2358873E-07  0.4775190E-04
  247  0.8627030E-04  0.4094469E-02  0.0000000E+00  0.4058281E-02  0.1181492E-07  0.3618771E-04
  248  0.8105073E-04  0.3833600E-02  0.0000000E+00  0.3806546E-02  0.5795010E-08  0.2705406E-04
  249  0.7581541E-04  0.3576559E-02  0.0000000E+00  0.3556608E-02  0.2783305E-08  0.1995081E-04
  250  0.7101017E-04  0.3346209E-02  0.0000000E+00  0.3331666E-02  0.1306491E-08  0.1454361E-04
  251  0.6621392E-04  0.3118399E-02  0.0000000E+00  0.3107942E-02  0.6005177E-09  0.1045666E-04
  252  0.6183006E-04  0.2914654E-02  0.0000000E+00  0.2907222E-02  0.2697708E-09  0.7431480E-05
  253  0.5747487E-04  0.2712428E-02  0.0000000E+00  0.2707219E-02  0.1186668E-09  0.5208845E-05
  254  0.5334280E-04  0.2521984E-02  0.0000000E+00  0.2518379E-02  0.5106443E-10  0.3604703E-05
  255  0.4927217E-04  0.2332952E-02  0.0000000E+00  0.2330491E-02  0.2151562E-10  0.2460147E-05
  256  0.4558503E-04  0.2164344E-02  0.0000000E+00  0.2162684E-02  0.8860340E-11  0.1659593E-05
  257  0.4196772E-04  0.1996551E-02  0.0000000E+00  0.1995447E-02  0.3572594E-11  0.1104069E-05
  258  0.3857242E-04  0.1838681E-02  0.0000000E+00  0.1837956E-02  0.1409172E-11  0.7251696E-06
  259  0.3565628E-04  0.1690223E-02  0.0000000E+00  0.1689751E-02  0.5437410E-12  0.4702527E-06
  260  0.2329713E-01  0.1425613E-02  0.0000000E+00  0.2036866E-03  0.0000000E+00  0.0000000E+00
  261  0.2352319E-01  0.1427734E-02  0.0000000E+00  0.1786799E-03  0.0000000E+00  0.0000000E+00
  262  0.2374687E-01  0.1432737E-02  0.0000000E+00  0.1549921E-03  0.0000000E+00  0.0000000E+00
  263  0.2396531E-01  0.1439831E-02  0.0000000E+00  0.1326721E-03  0.0000000E+00  0.0000000E+00
  264  0.2418109E-01  0.1449932E-02  0.0000000E+00  0.1114872E-03  0.0000000E+00  0.0000000E+00
  265  0.2439144E-01  0.1462555E-02  0.0000000E+00  0.9182744E-04  0.0000000E+00  0.0000000E+00
  266  0.2459699E-01  0.1478219E-02  0.0000000E+00  0.7401321E-04  0.0000000E+00  0.0000000E+00
  267  0.2479936E-01  0.1497489E-02  0.0000000E+00  0.5739099E-04  0.0000000E+00  0.0000000E+00
